5.002501250625312805e-06
1.000249999937437591e-05
1.500249874812343816e-05
2.000249749687250042e-05
2.500249624562156267e-05
3.000249499437062492e-05
3.500249374311968718e-05
4.000249249186874605e-05
4.500249124061781169e-05
5.000248998936687733e-05
5.500248873811593620e-05
6.000248748686499506e-05
6.500248623561405393e-05
7.000248498436311957e-05
7.500248373311217166e-05
8.000248248186123731e-05
8.500248123061030295e-05
9.000247997935936859e-05
9.500247872810843423e-05
1.000024774768574863e-04
1.050024762256065520e-04
1.100024749743556176e-04
1.150024737231046697e-04
1.200024724718537353e-04
1.250024712206028010e-04
1.300024699693518666e-04
1.350024687181009323e-04
1.400024674668499979e-04
1.450024662155990364e-04
1.500024649643481021e-04
1.550024637130971677e-04
1.600024624618462334e-04
1.650024612105952990e-04
1.700024599593443647e-04
1.750024587080934303e-04
1.800024574568424959e-04
1.850024562055915616e-04
1.900024549543406001e-04
1.950024537030896658e-04
2.000024524518387314e-04
2.050024512005877971e-04
2.100024499493368627e-04
2.150024486980859283e-04
2.200024474468349940e-04
2.250024461955840325e-04
2.300024449443330982e-04
2.350024436930821638e-04
2.400024424418312294e-04
2.450024411905802951e-04
2.500024399393293607e-04
2.550024386880784264e-04
2.600024374368274920e-04
2.650024361855765577e-04
2.700024349343256233e-04
2.750024336830746889e-04
2.800024324318237546e-04
2.850024311805727660e-04
2.900024299293218317e-04
2.950024286780708973e-04
3.000024274268199630e-04
3.050024261755690286e-04
3.100024249243180942e-04
3.150024236730671599e-04
3.200024224218162255e-04
3.250024211705652912e-04
3.300024199193143568e-04
3.350024186680634225e-04
3.400024174168124881e-04
3.450024161655615537e-04
3.500024149143106194e-04
3.550024136630596850e-04
3.600024124118087507e-04
3.650024111605578163e-04
3.700024099093068277e-04
3.750024086580558934e-04
3.800024074068049590e-04
3.850024061555540247e-04
3.900024049043030903e-04
3.950024036530521560e-04
4.000024024018012216e-04
4.050024011505502872e-04
4.100023998992993529e-04
4.150023986480484185e-04
4.200023973967974842e-04
4.250023961455465498e-04
4.300023948942956155e-04
4.350023936430446811e-04
4.400023923917937467e-04
4.450023911405427582e-04
4.500023898892918238e-04
4.550023886380408895e-04
4.600023873867899551e-04
4.650023861355390207e-04
4.700023848842880864e-04
4.750023836330371520e-04
4.800023823817862177e-04
4.850023811305352833e-04
4.900023798792844032e-04
4.950023786280334688e-04
5.000023773767825344e-04
5.050023761255316001e-04
5.100023748742806657e-04
5.150023736230297314e-04
5.200023723717787970e-04
5.250023711205278627e-04
5.300023698692769283e-04
5.350023686180259939e-04
5.400023673667750596e-04
5.450023661155241252e-04
5.500023648642731909e-04
5.550023636130222565e-04
5.600023623617713222e-04
5.650023611105202794e-04
5.700023598592693450e-04
5.750023586080184107e-04
5.800023573567674763e-04
5.850023561055165420e-04
5.900023548542656076e-04
5.950023536030146732e-04
6.000023523517637389e-04
6.050023511005128045e-04
6.100023498492618702e-04
6.150023485980109358e-04
6.200023473467600015e-04
6.250023460955090671e-04
6.300023448442581327e-04
6.350023435930071984e-04
6.400023423417562640e-04
6.450023410905053297e-04
6.500023398392543953e-04
6.550023385880034609e-04
6.600023373367525266e-04
6.650023360855015922e-04
6.700023348342506579e-04
6.750023335829997235e-04
6.800023323317487892e-04
6.850023310804978548e-04
6.900023298292469204e-04
6.950023285779959861e-04
7.000023273267450517e-04
7.050023260754941174e-04
7.100023248242431830e-04
7.150023235729922487e-04
7.200023223217413143e-04
7.250023210704903799e-04
7.300023198192393372e-04
7.350023185679884028e-04
7.400023173167374685e-04
7.450023160654865341e-04
7.500023148142355997e-04
7.550023135629846654e-04
7.600023123117337310e-04
7.650023110604827967e-04
7.700023098092318623e-04
7.750023085579809280e-04
7.800023073067299936e-04
7.850023060554790592e-04
7.900023048042281249e-04
7.950023035529771905e-04
8.000023023017262562e-04
8.050023010504753218e-04
8.100022997992243875e-04
8.150022985479734531e-04
8.200022972967225187e-04
8.250022960454715844e-04
8.300022947942206500e-04
8.350022935429697157e-04
8.400022922917187813e-04
8.450022910404678469e-04
8.500022897892169126e-04
8.550022885379659782e-04
8.600022872867150439e-04
8.650022860354641095e-04
8.700022847842131752e-04
8.750022835329622408e-04
8.800022822817113064e-04
8.850022810304602637e-04
8.900022797792093293e-04
8.950022785279583950e-04
9.000022772767074606e-04
9.050022760254565262e-04
9.100022747742055919e-04
9.150022735229546575e-04
9.200022722717037232e-04
9.250022710204527888e-04
9.300022697692018545e-04
9.350022685179509201e-04
9.400022672666999857e-04
9.450022660154490514e-04
9.500022647641981170e-04
9.550022635129471827e-04
9.600022622616962483e-04
9.650022610104453140e-04
9.700022597591943796e-04
9.750022585079434452e-04
9.800022572566925109e-04
9.850022560054414681e-04
9.900022547541904253e-04
9.950022535029395994e-04
1.000002252251688557e-03
1.005002251000437731e-03
1.010002249749186688e-03
1.015002248497935862e-03
1.020002247246684819e-03
1.025002245995433993e-03
1.030002244744182950e-03
1.035002243492932125e-03
1.040002242241681082e-03
1.045002240990430256e-03
1.050002239739179213e-03
1.055002238487928387e-03
1.060002237236677344e-03
1.065002235985426518e-03
1.070002234734175476e-03
1.075002233482924650e-03
1.080002232231673607e-03
1.085002230980422781e-03
1.090002229729171738e-03
1.095002228477920912e-03
1.100002227226669869e-03
1.105002225975419044e-03
1.110002224724168001e-03
1.115002223472917175e-03
1.120002222221666132e-03
1.125002220970415089e-03
1.130002219719164263e-03
1.135002218467913221e-03
1.140002217216662395e-03
1.145002215965411352e-03
1.150002214714160526e-03
1.155002213462909483e-03
1.160002212211658657e-03
1.165002210960407614e-03
1.170002209709156788e-03
1.175002208457905746e-03
1.180002207206654920e-03
1.185002205955403877e-03
1.190002204704153051e-03
1.195002203452902008e-03
1.200002202201651182e-03
1.205002200950400140e-03
1.210002199699149314e-03
1.215002198447898271e-03
1.220002197196647445e-03
1.225002195945396402e-03
1.230002194694145576e-03
1.235002193442894533e-03
1.240002192191643707e-03
1.245002190940392665e-03
1.250002189689141839e-03
1.255002188437890796e-03
1.260002187186639970e-03
1.265002185935388927e-03
1.270002184684138101e-03
1.275002183432887059e-03
1.280002182181636233e-03
1.285002180930385190e-03
1.290002179679134147e-03
1.295002178427883321e-03
1.300002177176632278e-03
1.305002175925381452e-03
1.310002174674130410e-03
1.315002173422879584e-03
1.320002172171628541e-03
1.325002170920377715e-03
1.330002169669126672e-03
1.335002168417875846e-03
1.340002167166624803e-03
1.345002165915373978e-03
1.350002164664122935e-03
1.355002163412872109e-03
1.360002162161621066e-03
1.365002160910370240e-03
1.370002159659119197e-03
1.375002158407868371e-03
1.380002157156617329e-03
1.385002155905366503e-03
1.390002154654115460e-03
1.395002153402864634e-03
1.400002152151613591e-03
1.405002150900362765e-03
1.410002149649111722e-03
1.415002148397860897e-03
1.420002147146609854e-03
1.425002145895359028e-03
1.430002144644107985e-03
1.435002143392857159e-03
1.440002142141606116e-03
1.445002140890355290e-03
1.450002139639104248e-03
1.455002138387853205e-03
1.460002137136602379e-03
1.465002135885351336e-03
1.470002134634100510e-03
1.475002133382849467e-03
1.480002132131598641e-03
1.485002130880347599e-03
1.490002129629096773e-03
1.495002128377845730e-03
1.500002127126594904e-03
1.505002125875343861e-03
1.510002124624093035e-03
1.515002123372841993e-03
1.520002122121591167e-03
1.525002120870340124e-03
1.530002119619089298e-03
1.535002118367838255e-03
1.540002117116587429e-03
1.545002115865336386e-03
1.550002114614085560e-03
1.555002113362834518e-03
1.560002112111583692e-03
1.565002110860332649e-03
1.570002109609081823e-03
1.575002108357830780e-03
1.580002107106579954e-03
1.585002105855328912e-03
1.590002104604078086e-03
1.595002103352827043e-03
1.600002102101576217e-03
1.605002100850325174e-03
1.610002099599074131e-03
1.615002098347823305e-03
1.620002097096572263e-03
1.625002095845321437e-03
1.630002094594070394e-03
1.635002093342819568e-03
1.640002092091568525e-03
1.645002090840317699e-03
1.650002089589066656e-03
1.655002088337815831e-03
1.660002087086564788e-03
1.665002085835313962e-03
1.670002084584062919e-03
1.675002083332812093e-03
1.680002082081561050e-03
1.685002080830310224e-03
1.690002079579059182e-03
1.695002078327808356e-03
1.700002077076557313e-03
1.705002075825306487e-03
1.710002074574055444e-03
1.715002073322804618e-03
1.720002072071553575e-03
1.725002070820302750e-03
1.730002069569051707e-03
1.735002068317800881e-03
1.740002067066549838e-03
1.745002065815299012e-03
1.750002064564047969e-03
1.755002063312797143e-03
1.760002062061546101e-03
1.765002060810295058e-03
1.770002059559044232e-03
1.775002058307793189e-03
1.780002057056542363e-03
1.785002055805291320e-03
1.790002054554040494e-03
1.795002053302789452e-03
1.800002052051538626e-03
1.805002050800287583e-03
1.810002049549036757e-03
1.815002048297785714e-03
1.820002047046534888e-03
1.825002045795283846e-03
1.830002044544033020e-03
1.835002043292781977e-03
1.840002042041531151e-03
1.845002040790280108e-03
1.850002039539029282e-03
1.855002038287778239e-03
1.860002037036527413e-03
1.865002035785276371e-03
1.870002034534025545e-03
1.875002033282774502e-03
1.880002032031523676e-03
1.885002030780272633e-03
1.890002029529021807e-03
1.895002028277770765e-03
1.900002027026519939e-03
1.905002025775268896e-03
1.910002024524018070e-03
1.915002023272767027e-03
1.920002022021516201e-03
1.925002020770265158e-03
1.930002019519014116e-03
1.935002018267763290e-03
1.940002017016512247e-03
1.945002015765261421e-03
1.950002014514010378e-03
1.955002013262759769e-03
1.960002012011508726e-03
1.965002010760257684e-03
1.970002009509006641e-03
1.975002008257755598e-03
1.980002007006504989e-03
1.985002005755253946e-03
1.990002004504002903e-03
1.995002003252751861e-03
2.000002002001501251e-03
2.005002000750250209e-03
2.010001999498999166e-03
2.015001998247748123e-03
2.020001996996497514e-03
2.025001995745246471e-03
2.030001994493995428e-03
2.035001993242744386e-03
2.040001991991493777e-03
2.045001990740242734e-03
2.050001989488991691e-03
2.055001988237740648e-03
2.060001986986490039e-03
2.065001985735238996e-03
2.070001984483987954e-03
2.075001983232736911e-03
2.080001981981486302e-03
2.085001980730235259e-03
2.090001979478984216e-03
2.095001978227733173e-03
2.100001976976482131e-03
2.105001975725231522e-03
2.110001974473980479e-03
2.115001973222729436e-03
2.120001971971478393e-03
2.125001970720227784e-03
2.130001969468976741e-03
2.135001968217725699e-03
2.140001966966474656e-03
2.145001965715224047e-03
2.150001964463973004e-03
2.155001963212721961e-03
2.160001961961470918e-03
2.165001960710220309e-03
2.170001959458969266e-03
2.175001958207718224e-03
2.180001956956467181e-03
2.185001955705216572e-03
2.190001954453965529e-03
2.195001953202714486e-03
2.200001951951463443e-03
2.205001950700212834e-03
2.210001949448961792e-03
2.215001948197710749e-03
2.220001946946459706e-03
2.225001945695209097e-03
2.230001944443958054e-03
2.235001943192707011e-03
2.240001941941455969e-03
2.245001940690204926e-03
2.250001939438954317e-03
2.255001938187703274e-03
2.260001936936452231e-03
2.265001935685201188e-03
2.270001934433950579e-03
2.275001933182699537e-03
2.280001931931448494e-03
2.285001930680197451e-03
2.290001929428946842e-03
2.295001928177695799e-03
2.300001926926444756e-03
2.305001925675193714e-03
2.310001924423943104e-03
2.315001923172692062e-03
2.320001921921441019e-03
2.325001920670189976e-03
2.330001919418939367e-03
2.335001918167688324e-03
2.340001916916437281e-03
2.345001915665186239e-03
2.350001914413935630e-03
2.355001913162684587e-03
2.360001911911433544e-03
2.365001910660182501e-03
2.370001909408931892e-03
2.375001908157680849e-03
2.380001906906429807e-03
2.385001905655178764e-03
2.390001904403928155e-03
2.395001903152677112e-03
2.400001901901426069e-03
2.405001900650175026e-03
2.410001899398923984e-03
2.415001898147673375e-03
2.420001896896422332e-03
2.425001895645171289e-03
2.430001894393920246e-03
2.435001893142669637e-03
2.440001891891418594e-03
2.445001890640167552e-03
2.450001889388916509e-03
2.455001888137665900e-03
2.460001886886414857e-03
2.465001885635163814e-03
2.470001884383912771e-03
2.475001883132662162e-03
2.480001881881411119e-03
2.485001880630160077e-03
2.490001879378909034e-03
2.495001878127658425e-03
2.500001876876407382e-03
2.505001875625156339e-03
2.510001874373905296e-03
2.515001873122654687e-03
2.520001871871403645e-03
2.525001870620152602e-03
2.530001869368901559e-03
2.535001868117650950e-03
2.540001866866399907e-03
2.545001865615148864e-03
2.550001864363897822e-03
2.555001863112647213e-03
2.560001861861396170e-03
2.565001860610145127e-03
2.570001859358894084e-03
2.575001858107643041e-03
2.580001856856392432e-03
2.585001855605141390e-03
2.590001854353890347e-03
2.595001853102639304e-03
2.600001851851388695e-03
2.605001850600137652e-03
2.610001849348886609e-03
2.615001848097635567e-03
2.620001846846384957e-03
2.625001845595133915e-03
2.630001844343882872e-03
2.635001843092631829e-03
2.640001841841381220e-03
2.645001840590130177e-03
2.650001839338879134e-03
2.655001838087628092e-03
2.660001836836377483e-03
2.665001835585126440e-03
2.670001834333875397e-03
2.675001833082624354e-03
2.680001831831373745e-03
2.685001830580122702e-03
2.690001829328871660e-03
2.695001828077620617e-03
2.700001826826370008e-03
2.705001825575118965e-03
2.710001824323867922e-03
2.715001823072616879e-03
2.720001821821366270e-03
2.725001820570115228e-03
2.730001819318864185e-03
2.735001818067613142e-03
2.740001816816362099e-03
2.745001815565111490e-03
2.750001814313860447e-03
2.755001813062609405e-03
2.760001811811358362e-03
2.765001810560107753e-03
2.770001809308856710e-03
2.775001808057605667e-03
2.780001806806354624e-03
2.785001805555104015e-03
2.790001804303852972e-03
2.795001803052601930e-03
2.800001801801350887e-03
2.805001800550100278e-03
2.810001799298849235e-03
2.815001798047598192e-03
2.820001796796347149e-03
2.825001795545096540e-03
2.830001794293845498e-03
2.835001793042594455e-03
2.840001791791343412e-03
2.845001790540092803e-03
2.850001789288841760e-03
2.855001788037590717e-03
2.860001786786339675e-03
2.865001785535089066e-03
2.870001784283838023e-03
2.875001783032586980e-03
2.880001781781335937e-03
2.885001780530085328e-03
2.890001779278834285e-03
2.895001778027583243e-03
2.900001776776332200e-03
2.905001775525081157e-03
2.910001774273830548e-03
2.915001773022579505e-03
2.920001771771328462e-03
2.925001770520077420e-03
2.930001769268826810e-03
2.935001768017575768e-03
2.940001766766324725e-03
2.945001765515073682e-03
2.950001764263823073e-03
2.955001763012572030e-03
2.960001761761320987e-03
2.965001760510069945e-03
2.970001759258819336e-03
2.975001758007568293e-03
2.980001756756317250e-03
2.985001755505066207e-03
2.990001754253815598e-03
2.995001753002564555e-03
3.000001751751313513e-03
3.005001750500062470e-03
3.010001749248811861e-03
3.015001747997560818e-03
3.020001746746309775e-03
3.025001745495058732e-03
3.030001744243808123e-03
3.035001742992557081e-03
3.040001741741306038e-03
3.045001740490054995e-03
3.050001739238803952e-03
3.055001737987553343e-03
3.060001736736302300e-03
3.065001735485051258e-03
3.070001734233800215e-03
3.075001732982549606e-03
3.080001731731298563e-03
3.085001730480047520e-03
3.090001729228796477e-03
3.095001727977545868e-03
3.100001726726294825e-03
3.105001725475043783e-03
3.110001724223792740e-03
3.115001722972542131e-03
3.120001721721291088e-03
3.125001720470040045e-03
3.130001719218789002e-03
3.135001717967538393e-03
3.140001716716287351e-03
3.145001715465036308e-03
3.150001714213785265e-03
3.155001712962534656e-03
3.160001711711283613e-03
3.165001710460032570e-03
3.170001709208781528e-03
3.175001707957530919e-03
3.180001706706279876e-03
3.185001705455028833e-03
3.190001704203777790e-03
3.195001702952527181e-03
3.200001701701276138e-03
3.205001700450025096e-03
3.210001699198774053e-03
3.215001697947523010e-03
3.220001696696272401e-03
3.225001695445021358e-03
3.230001694193770315e-03
3.235001692942519273e-03
3.240001691691268663e-03
3.245001690440017621e-03
3.250001689188766578e-03
3.255001687937515535e-03
3.260001686686264926e-03
3.265001685435013883e-03
3.270001684183762840e-03
3.275001682932511798e-03
3.280001681681261189e-03
3.285001680430010146e-03
3.290001679178759103e-03
3.295001677927508060e-03
3.300001676676257451e-03
3.305001675425006408e-03
3.310001674173755366e-03
3.315001672922504323e-03
3.320001671671253714e-03
3.325001670420002671e-03
3.330001669168751628e-03
3.335001667917500585e-03
3.340001666666249976e-03
3.345001665414998934e-03
3.350001664163747891e-03
3.355001662912496848e-03
3.360001661661246239e-03
3.365001660409995196e-03
3.370001659158744153e-03
3.375001657907493111e-03
3.380001656656242068e-03
3.385001655404991459e-03
3.390001654153740416e-03
3.395001652902489373e-03
3.400001651651238330e-03
3.405001650399987721e-03
3.410001649148736678e-03
3.415001647897485636e-03
3.420001646646234593e-03
3.425001645394983984e-03
3.430001644143732941e-03
3.435001642892481898e-03
3.440001641641230856e-03
3.445001640389980246e-03
3.450001639138729204e-03
3.455001637887478161e-03
3.460001636636227118e-03
3.465001635384976509e-03
3.470001634133725466e-03
3.475001632882474423e-03
3.480001631631223381e-03
3.485001630379972772e-03
3.490001629128721729e-03
3.495001627877470686e-03
3.500001626626219643e-03
3.505001625374969034e-03
3.510001624123717991e-03
3.515001622872466949e-03
3.520001621621215906e-03
3.525001620369964863e-03
3.530001619118714254e-03
3.535001617867463211e-03
3.540001616616212168e-03
3.545001615364961126e-03
3.550001614113710516e-03
3.555001612862459474e-03
3.560001611611208431e-03
3.565001610359957388e-03
3.570001609108706779e-03
3.575001607857455736e-03
3.580001606606204693e-03
3.585001605354953651e-03
3.590001604103703042e-03
3.595001602852451999e-03
3.600001601601200956e-03
3.605001600349949913e-03
3.610001599098699304e-03
3.615001597847448261e-03
3.620001596596197219e-03
3.625001595344946176e-03
3.630001594093695567e-03
3.635001592842444524e-03
3.640001591591193481e-03
3.645001590339942438e-03
3.650001589088691829e-03
3.655001587837440787e-03
3.660001586586189744e-03
3.665001585334938701e-03
3.670001584083688092e-03
3.675001582832437049e-03
3.680001581581186006e-03
3.685001580329934964e-03
3.690001579078683921e-03
3.695001577827433312e-03
3.700001576576182269e-03
3.705001575324931226e-03
3.710001574073680183e-03
3.715001572822429574e-03
3.720001571571178531e-03
3.725001570319927489e-03
3.730001569068676446e-03
3.735001567817425837e-03
3.740001566566174794e-03
3.745001565314923751e-03
3.750001564063672709e-03
3.755001562812422099e-03
3.760001561561171057e-03
3.765001560309920014e-03
3.770001559058668971e-03
3.775001557807418362e-03
3.780001556556167319e-03
3.785001555304916276e-03
3.790001554053665234e-03
3.795001552802414625e-03
3.800001551551163582e-03
3.805001550299912539e-03
3.810001549048661496e-03
3.815001547797410887e-03
3.820001546546159844e-03
3.825001545294908802e-03
3.830001544043657759e-03
3.835001542792407150e-03
3.840001541541156107e-03
3.845001540289905064e-03
3.850001539038654021e-03
3.855001537787402979e-03
3.860001536536152369e-03
3.865001535284901327e-03
3.870001534033650284e-03
3.875001532782399241e-03
3.880001531531148632e-03
3.885001530279897589e-03
3.890001529028646546e-03
3.895001527777395504e-03
3.900001526526144895e-03
3.905001525274893852e-03
3.910001524023642809e-03
3.915001522772392634e-03
3.920001521521141591e-03
3.925001520269890548e-03
3.930001519018639505e-03
3.935001517767388463e-03
3.940001516516137420e-03
3.945001515264886377e-03
3.950001514013636202e-03
3.955001512762385159e-03
3.960001511511134116e-03
3.965001510259883073e-03
3.970001509008632030e-03
3.975001507757380988e-03
3.980001506506129945e-03
3.985001505254878902e-03
3.990001504003628727e-03
3.995001502752377684e-03
4.000001501501126641e-03
4.005001500249875598e-03
4.010001498998624556e-03
4.015001497747373513e-03
4.020001496496122470e-03
4.025001495244871427e-03
4.030001493993620384e-03
4.035001492742370209e-03
4.040001491491119166e-03
4.045001490239868124e-03
4.050001488988617081e-03
4.055001487737366038e-03
4.060001486486114995e-03
4.065001485234863952e-03
4.070001483983612910e-03
4.075001482732362734e-03
4.080001481481111691e-03
4.085001480229860649e-03
4.090001478978609606e-03
4.095001477727358563e-03
4.100001476476107520e-03
4.105001475224856478e-03
4.110001473973605435e-03
4.115001472722355259e-03
4.120001471471104217e-03
4.125001470219853174e-03
4.130001468968602131e-03
4.135001467717351088e-03
4.140001466466100045e-03
4.145001465214849003e-03
4.150001463963597960e-03
4.155001462712347785e-03
4.160001461461096742e-03
4.165001460209845699e-03
4.170001458958594656e-03
4.175001457707343613e-03
4.180001456456092571e-03
4.185001455204841528e-03
4.190001453953590485e-03
4.195001452702339442e-03
4.200001451451089267e-03
4.205001450199838224e-03
4.210001448948587181e-03
4.215001447697336139e-03
4.220001446446085096e-03
4.225001445194834053e-03
4.230001443943583010e-03
4.235001442692331967e-03
4.240001441441081792e-03
4.245001440189830749e-03
4.250001438938579706e-03
4.255001437687328664e-03
4.260001436436077621e-03
4.265001435184826578e-03
4.270001433933575535e-03
4.275001432682324493e-03
4.280001431431074317e-03
4.285001430179823274e-03
4.290001428928572232e-03
4.295001427677321189e-03
4.300001426426070146e-03
4.305001425174819103e-03
4.310001423923568060e-03
4.315001422672317018e-03
4.320001421421066842e-03
4.325001420169815800e-03
4.330001418918564757e-03
4.335001417667313714e-03
4.340001416416062671e-03
4.345001415164811628e-03
4.350001413913560586e-03
4.355001412662309543e-03
4.360001411411058500e-03
4.365001410159808325e-03
4.370001408908557282e-03
4.375001407657306239e-03
4.380001406406055196e-03
4.385001405154804154e-03
4.390001403903553111e-03
4.395001402652302068e-03
4.400001401401051025e-03
4.405001400149800850e-03
4.410001398898549807e-03
4.415001397647298764e-03
4.420001396396047721e-03
4.425001395144796679e-03
4.430001393893545636e-03
4.435001392642294593e-03
4.440001391391043550e-03
4.445001390139793375e-03
4.450001388888542332e-03
4.455001387637291289e-03
4.460001386386040247e-03
4.465001385134789204e-03
4.470001383883538161e-03
4.475001382632287118e-03
4.480001381381036075e-03
4.485001380129785033e-03
4.490001378878534857e-03
4.495001377627283815e-03
4.500001376376032772e-03
4.505001375124781729e-03
4.510001373873530686e-03
4.515001372622279643e-03
4.520001371371028601e-03
4.525001370119777558e-03
4.530001368868527382e-03
4.535001367617276340e-03
4.540001366366025297e-03
4.545001365114774254e-03
4.550001363863523211e-03
4.555001362612272169e-03
4.560001361361021126e-03
4.565001360109770083e-03
4.570001358858519908e-03
4.575001357607268865e-03
4.580001356356017822e-03
4.585001355104766779e-03
4.590001353853515736e-03
4.595001352602264694e-03
4.600001351351013651e-03
4.605001350099762608e-03
4.610001348848512433e-03
4.615001347597261390e-03
4.620001346346010347e-03
4.625001345094759304e-03
4.630001343843508262e-03
4.635001342592257219e-03
4.640001341341006176e-03
4.645001340089755133e-03
4.650001338838504091e-03
4.655001337587253915e-03
4.660001336336002872e-03
4.665001335084751830e-03
4.670001333833500787e-03
4.675001332582249744e-03
4.680001331330998701e-03
4.685001330079747658e-03
4.690001328828496616e-03
4.695001327577246440e-03
4.700001326325995397e-03
4.705001325074744355e-03
4.710001323823493312e-03
4.715001322572242269e-03
4.720001321320991226e-03
4.725001320069740184e-03
4.730001318818489141e-03
4.735001317567238965e-03
4.740001316315987923e-03
4.745001315064736880e-03
4.750001313813485837e-03
4.755001312562234794e-03
4.760001311310983751e-03
4.765001310059732709e-03
4.770001308808481666e-03
4.775001307557231491e-03
4.780001306305980448e-03
4.785001305054729405e-03
4.790001303803478362e-03
4.795001302552227319e-03
4.800001301300976277e-03
4.805001300049725234e-03
4.810001298798474191e-03
4.815001297547223148e-03
4.820001296295972973e-03
4.825001295044721930e-03
4.830001293793470887e-03
4.835001292542219845e-03
4.840001291290968802e-03
4.845001290039717759e-03
4.850001288788466716e-03
4.855001287537215673e-03
4.860001286285965498e-03
4.865001285034714455e-03
4.870001283783463412e-03
4.875001282532212370e-03
4.880001281280961327e-03
4.885001280029710284e-03
4.890001278778459241e-03
4.895001277527208199e-03
4.900001276275958023e-03
4.905001275024706980e-03
4.910001273773455938e-03
4.915001272522204895e-03
4.920001271270953852e-03
4.925001270019702809e-03
4.930001268768451766e-03
4.935001267517200724e-03
4.940001266265950548e-03
4.945001265014699506e-03
4.950001263763448463e-03
4.955001262512197420e-03
4.960001261260946377e-03
4.965001260009695334e-03
4.970001258758444292e-03
4.975001257507193249e-03
4.980001256255942206e-03
4.985001255004692031e-03
4.990001253753440988e-03
4.995001252502189945e-03
5.000001251250938902e-03
5.005001249999687860e-03
5.010001248748436817e-03
5.015001247497185774e-03
5.020001246245934731e-03
5.025001244994684556e-03
5.030001243743433513e-03
5.035001242492182470e-03
5.040001241240931427e-03
5.045001239989680385e-03
5.050001238738429342e-03
5.055001237487178299e-03
5.060001236235927256e-03
5.065001234984677081e-03
5.070001233733426038e-03
5.075001232482174995e-03
5.080001231230923953e-03
5.085001229979672910e-03
5.090001228728421867e-03
5.095001227477170824e-03
5.100001226225919781e-03
5.105001224974669606e-03
5.110001223723418563e-03
5.115001222472167521e-03
5.120001221220916478e-03
5.125001219969665435e-03
5.130001218718414392e-03
5.135001217467163349e-03
5.140001216215912307e-03
5.145001214964661264e-03
5.150001213713411088e-03
5.155001212462160046e-03
5.160001211210909003e-03
5.165001209959657960e-03
5.170001208708406917e-03
5.175001207457155875e-03
5.180001206205904832e-03
5.185001204954653789e-03
5.190001203703403614e-03
5.195001202452152571e-03
5.200001201200901528e-03
5.205001199949650485e-03
5.210001198698399442e-03
5.215001197447148400e-03
5.220001196195897357e-03
5.225001194944646314e-03
5.230001193693396139e-03
5.235001192442145096e-03
5.240001191190894053e-03
5.245001189939643010e-03
5.250001188688391968e-03
5.255001187437140925e-03
5.260001186185889882e-03
5.265001184934638839e-03
5.270001183683388664e-03
5.275001182432137621e-03
5.280001181180886578e-03
5.285001179929635536e-03
5.290001178678384493e-03
5.295001177427133450e-03
5.300001176175882407e-03
5.305001174924631364e-03
5.310001173673380322e-03
5.315001172422130146e-03
5.320001171170879103e-03
5.325001169919628061e-03
5.330001168668377018e-03
5.335001167417125975e-03
5.340001166165874932e-03
5.345001164914623890e-03
5.350001163663372847e-03
5.355001162412122671e-03
5.360001161160871629e-03
5.365001159909620586e-03
5.370001158658369543e-03
5.375001157407118500e-03
5.380001156155867457e-03
5.385001154904616415e-03
5.390001153653365372e-03
5.395001152402115197e-03
5.400001151150864154e-03
5.405001149899613111e-03
5.410001148648362068e-03
5.415001147397111025e-03
5.420001146145859983e-03
5.425001144894608940e-03
5.430001143643357897e-03
5.435001142392107722e-03
5.440001141140856679e-03
5.445001139889605636e-03
5.450001138638354593e-03
5.455001137387103551e-03
5.460001136135852508e-03
5.465001134884601465e-03
5.470001133633350422e-03
5.475001132382099379e-03
5.480001131130849204e-03
5.485001129879598161e-03
5.490001128628347118e-03
5.495001127377096076e-03
5.500001126125845033e-03
5.505001124874593990e-03
5.510001123623342947e-03
5.515001122372091905e-03
5.520001121120841729e-03
5.525001119869590686e-03
5.530001118618339644e-03
5.535001117367088601e-03
5.540001116115837558e-03
5.545001114864586515e-03
5.550001113613335472e-03
5.555001112362084430e-03
5.560001111110834254e-03
5.565001109859583212e-03
5.570001108608332169e-03
5.575001107357081126e-03
5.580001106105830083e-03
5.585001104854579040e-03
5.590001103603327998e-03
5.595001102352076955e-03
5.600001101100826779e-03
5.605001099849575737e-03
5.610001098598324694e-03
5.615001097347073651e-03
5.620001096095822608e-03
5.625001094844571566e-03
5.630001093593320523e-03
5.635001092342069480e-03
5.640001091090818437e-03
5.645001089839568262e-03
5.650001088588317219e-03
5.655001087337066176e-03
5.660001086085815133e-03
5.665001084834564091e-03
5.670001083583313048e-03
5.675001082332062005e-03
5.680001081080810962e-03
5.685001079829560787e-03
5.690001078578309744e-03
5.695001077327058701e-03
5.700001076075807659e-03
5.705001074824556616e-03
5.710001073573305573e-03
5.715001072322054530e-03
5.720001071070803488e-03
5.725001069819553312e-03
5.730001068568302269e-03
5.735001067317051227e-03
5.740001066065800184e-03
5.745001064814549141e-03
5.750001063563298098e-03
5.755001062312047055e-03
5.760001061060796013e-03
5.765001059809545837e-03
5.770001058558294794e-03
5.775001057307043752e-03
5.780001056055792709e-03
5.785001054804541666e-03
5.790001053553290623e-03
5.795001052302039581e-03
5.800001051050788538e-03
5.805001049799537495e-03
5.810001048548287320e-03
5.815001047297036277e-03
5.820001046045785234e-03
5.825001044794534191e-03
5.830001043543283148e-03
5.835001042292032106e-03
5.840001041040781063e-03
5.845001039789530020e-03
5.850001038538279845e-03
5.855001037287028802e-03
5.860001036035777759e-03
5.865001034784526716e-03
5.870001033533275674e-03
5.875001032282024631e-03
5.880001031030773588e-03
5.885001029779522545e-03
5.890001028528272370e-03
5.895001027277021327e-03
5.900001026025770284e-03
5.905001024774519242e-03
5.910001023523268199e-03
5.915001022272017156e-03
5.920001021020766113e-03
5.925001019769515070e-03
5.930001018518264028e-03
5.935001017267013852e-03
5.940001016015762809e-03
5.945001014764511767e-03
5.950001013513260724e-03
5.955001012262009681e-03
5.960001011010758638e-03
5.965001009759507596e-03
5.970001008508256553e-03
5.975001007257006377e-03
5.980001006005755335e-03
5.985001004754504292e-03
5.990001003503253249e-03
5.995001002252002206e-03
6.000001001000751163e-03
6.005000999749500121e-03
6.010000998498249078e-03
6.015000997246998903e-03
6.020000995995747860e-03
6.025000994744496817e-03
6.030000993493245774e-03
6.035000992241994731e-03
6.040000990990743689e-03
6.045000989739492646e-03
6.050000988488241603e-03
6.055000987236991428e-03
6.060000985985740385e-03
6.065000984734489342e-03
6.070000983483238299e-03
6.075000982231987257e-03
6.080000980980736214e-03
6.085000979729485171e-03
6.090000978478234128e-03
6.095000977226983085e-03
6.100000975975732910e-03
6.105000974724481867e-03
6.110000973473230824e-03
6.115000972221979782e-03
6.120000970970728739e-03
6.125000969719477696e-03
6.130000968468226653e-03
6.135000967216975611e-03
6.140000965965725435e-03
6.145000964714474392e-03
6.150000963463223350e-03
6.155000962211972307e-03
6.160000960960721264e-03
6.165000959709470221e-03
6.170000958458219179e-03
6.175000957206968136e-03
6.180000955955717960e-03
6.185000954704466918e-03
6.190000953453215875e-03
6.195000952201964832e-03
6.200000950950713789e-03
6.205000949699462746e-03
6.210000948448211704e-03
6.215000947196960661e-03
6.220000945945710485e-03
6.225000944694459443e-03
6.230000943443208400e-03
6.235000942191957357e-03
6.240000940940706314e-03
6.245000939689455272e-03
6.250000938438204229e-03
6.255000937186953186e-03
6.260000935935702143e-03
6.265000934684451968e-03
6.270000933433200925e-03
6.275000932181949882e-03
6.280000930930698839e-03
6.285000929679447797e-03
6.290000928428196754e-03
6.295000927176945711e-03
6.300000925925694668e-03
6.305000924674444493e-03
6.310000923423193450e-03
6.315000922171942407e-03
6.320000920920691365e-03
6.325000919669440322e-03
6.330000918418189279e-03
6.335000917166938236e-03
6.340000915915687194e-03
6.345000914664437018e-03
6.350000913413185975e-03
6.355000912161934933e-03
6.360000910910683890e-03
6.365000909659432847e-03
6.370000908408181804e-03
6.375000907156930761e-03
6.380000905905679719e-03
6.385000904654429543e-03
6.390000903403178500e-03
6.395000902151927458e-03
6.400000900900676415e-03
6.405000899649425372e-03
6.410000898398174329e-03
6.415000897146923287e-03
6.420000895895672244e-03
6.425000894644421201e-03
6.430000893393171026e-03
6.435000892141919983e-03
6.440000890890668940e-03
6.445000889639417897e-03
6.450000888388166854e-03
6.455000887136915812e-03
6.460000885885664769e-03
6.465000884634413726e-03
6.470000883383163551e-03
6.475000882131912508e-03
6.480000880880661465e-03
6.485000879629410422e-03
6.490000878378159380e-03
6.495000877126908337e-03
6.500000875875657294e-03
6.505000874624406251e-03
6.510000873373156076e-03
6.515000872121905033e-03
6.520000870870653990e-03
6.525000869619402948e-03
6.530000868368151905e-03
6.535000867116900862e-03
6.540000865865649819e-03
6.545000864614398776e-03
6.550000863363148601e-03
6.555000862111897558e-03
6.560000860860646515e-03
6.565000859609395473e-03
6.570000858358144430e-03
6.575000857106893387e-03
6.580000855855642344e-03
6.585000854604391302e-03
6.590000853353140259e-03
6.595000852101890083e-03
6.600000850850639041e-03
6.605000849599387998e-03
6.610000848348136955e-03
6.615000847096885912e-03
6.620000845845634870e-03
6.625000844594383827e-03
6.630000843343132784e-03
6.635000842091882609e-03
6.640000840840631566e-03
6.645000839589380523e-03
6.650000838338129480e-03
6.655000837086878437e-03
6.660000835835627395e-03
6.665000834584376352e-03
6.670000833333125309e-03
6.675000832081875134e-03
6.680000830830624091e-03
6.685000829579373048e-03
6.690000828328122005e-03
6.695000827076870963e-03
6.700000825825619920e-03
6.705000824574368877e-03
6.710000823323117834e-03
6.715000822071867659e-03
6.720000820820616616e-03
6.725000819569365573e-03
6.730000818318114530e-03
6.735000817066863488e-03
6.740000815815612445e-03
6.745000814564361402e-03
6.750000813313110359e-03
6.755000812061859317e-03
6.760000810810609141e-03
6.765000809559358098e-03
6.770000808308107056e-03
6.775000807056856013e-03
6.780000805805604970e-03
6.785000804554353927e-03
6.790000803303102885e-03
6.795000802051851842e-03
6.800000800800601666e-03
6.805000799549350624e-03
6.810000798298099581e-03
6.815000797046848538e-03
6.820000795795597495e-03
6.825000794544346452e-03
6.830000793293095410e-03
6.835000792041844367e-03
6.840000790790594191e-03
6.845000789539343149e-03
6.850000788288092106e-03
6.855000787036841063e-03
6.860000785785590020e-03
6.865000784534338978e-03
6.870000783283087935e-03
6.875000782031836892e-03
6.880000780780586717e-03
6.885000779529335674e-03
6.890000778278084631e-03
6.895000777026833588e-03
6.900000775775582545e-03
6.905000774524331503e-03
6.910000773273080460e-03
6.915000772021829417e-03
6.920000770770578374e-03
6.925000769519328199e-03
6.930000768268077156e-03
6.935000767016826113e-03
6.940000765765575071e-03
6.945000764514324028e-03
6.950000763263072985e-03
6.955000762011821942e-03
6.960000760760570900e-03
6.965000759509320724e-03
6.970000758258069681e-03
6.975000757006818639e-03
6.980000755755567596e-03
6.985000754504316553e-03
6.990000753253065510e-03
6.995000752001814467e-03
7.000000750750563425e-03
7.005000749499313249e-03
7.010000748248062206e-03
7.015000746996811164e-03
7.020000745745560121e-03
7.025000744494309078e-03
7.030000743243058035e-03
7.035000741991806993e-03
7.040000740740555950e-03
7.045000739489304907e-03
7.050000738238054732e-03
7.055000736986803689e-03
7.060000735735552646e-03
7.065000734484301603e-03
7.070000733233050561e-03
7.075000731981799518e-03
7.080000730730548475e-03
7.085000729479297432e-03
7.090000728228047257e-03
7.095000726976796214e-03
7.100000725725545171e-03
7.105000724474294128e-03
7.110000723223043086e-03
7.115000721971792043e-03
7.120000720720541000e-03
7.125000719469289957e-03
7.130000718218039782e-03
7.135000716966788739e-03
7.140000715715537696e-03
7.145000714464286654e-03
7.150000713213035611e-03
7.155000711961784568e-03
7.160000710710533525e-03
7.165000709459282482e-03
7.170000708208032307e-03
7.175000706956781264e-03
7.180000705705530221e-03
7.185000704454279179e-03
7.190000703203028136e-03
7.195000701951777093e-03
7.200000700700526050e-03
7.205000699449275008e-03
7.210000698198023965e-03
7.215000696946773789e-03
7.220000695695522747e-03
7.225000694444271704e-03
7.230000693193020661e-03
7.235000691941769618e-03
7.240000690690518576e-03
7.245000689439267533e-03
7.250000688188016490e-03
7.255000686936766315e-03
7.260000685685515272e-03
7.265000684434264229e-03
7.270000683183013186e-03
7.275000681931762143e-03
7.280000680680511101e-03
7.285000679429260058e-03
7.290000678178009015e-03
7.295000676926758840e-03
7.300000675675507797e-03
7.305000674424256754e-03
7.310000673173005711e-03
7.315000671921754669e-03
7.320000670670503626e-03
7.325000669419252583e-03
7.330000668168001540e-03
7.335000666916751365e-03
7.340000665665500322e-03
7.345000664414249279e-03
7.350000663162998236e-03
7.355000661911747194e-03
7.360000660660496151e-03
7.365000659409245108e-03
7.370000658157994065e-03
7.375000656906743023e-03
7.380000655655492847e-03
7.385000654404241804e-03
7.390000653152990762e-03
7.395000651901739719e-03
7.400000650650488676e-03
7.405000649399237633e-03
7.410000648147986591e-03
7.415000646896735548e-03
7.420000645645485372e-03
7.425000644394234330e-03
7.430000643142983287e-03
7.435000641891732244e-03
7.440000640640481201e-03
7.445000639389230158e-03
7.450000638137979116e-03
7.455000636886728073e-03
7.460000635635477897e-03
7.465000634384226855e-03
7.470000633132975812e-03
7.475000631881724769e-03
7.480000630630473726e-03
7.485000629379222684e-03
7.490000628127971641e-03
7.495000626876720598e-03
7.500000625625470423e-03
7.505000624374219380e-03
7.510000623122968337e-03
7.515000621871717294e-03
7.520000620620466251e-03
7.525000619369215209e-03
7.530000618117964166e-03
7.535000616866713123e-03
7.540000615615462080e-03
7.545000614364211905e-03
7.550000613112960862e-03
7.555000611861709819e-03
7.560000610610458777e-03
7.565000609359207734e-03
7.570000608107956691e-03
7.575000606856705648e-03
7.580000605605454606e-03
7.585000604354204430e-03
7.590000603102953387e-03
7.595000601851702345e-03
7.600000600600451302e-03
7.605000599349200259e-03
7.610000598097949216e-03
7.615000596846698173e-03
7.620000595595447131e-03
7.625000594344196955e-03
7.630000593092945912e-03
7.635000591841694870e-03
7.640000590590443827e-03
7.645000589339192784e-03
7.650000588087941741e-03
7.655000586836690699e-03
7.660000585585439656e-03
7.665000584334189480e-03
7.670000583082938438e-03
7.675000581831687395e-03
7.680000580580436352e-03
7.685000579329185309e-03
7.690000578077934267e-03
7.695000576826683224e-03
7.700000575575432181e-03
7.705000574324181138e-03
7.710000573072930963e-03
7.715000571821679920e-03
7.720000570570428877e-03
7.725000569319177834e-03
7.730000568067926792e-03
7.735000566816675749e-03
7.740000565565424706e-03
7.745000564314173663e-03
7.750000563062923488e-03
7.755000561811672445e-03
7.760000560560421402e-03
7.765000559309170360e-03
7.770000558057919317e-03
7.775000556806668274e-03
7.780000555555417231e-03
7.785000554304166188e-03
7.790000553052916013e-03
7.795000551801664970e-03
7.800000550550413927e-03
7.805000549299162885e-03
7.810000548047911842e-03
7.815000546796660799e-03
7.820000545545409756e-03
7.825000544294158714e-03
7.830000543042907671e-03
7.835000541791656628e-03
7.840000540540405585e-03
7.845000539289154542e-03
7.850000538037903500e-03
7.855000536786652457e-03
7.860000535535401414e-03
7.865000534284150371e-03
7.870000533032899329e-03
7.875000531781648286e-03
7.880000530530397243e-03
7.885000529279146200e-03
7.890000528027895157e-03
7.895000526776645849e-03
7.900000525525394807e-03
7.905000524274143764e-03
7.910000523022892721e-03
7.915000521771641678e-03
7.920000520520390636e-03
7.925000519269139593e-03
7.930000518017888550e-03
7.935000516766637507e-03
7.940000515515386464e-03
7.945000514264135422e-03
7.950000513012884379e-03
7.955000511761633336e-03
7.960000510510382293e-03
7.965000509259131251e-03
7.970000508007880208e-03
7.975000506756630900e-03
7.980000505505379857e-03
7.985000504254128814e-03
7.990000503002877771e-03
7.995000501751626729e-03
8.000000500500375686e-03
8.005000499249124643e-03
8.010000497997873600e-03
8.015000496746622557e-03
8.020000495495371515e-03
8.025000494244120472e-03
8.030000492992869429e-03
8.035000491741618386e-03
8.040000490490367344e-03
8.045000489239116301e-03
8.050000487987865258e-03
8.055000486736614215e-03
8.060000485485364907e-03
8.065000484234113864e-03
8.070000482982862822e-03
8.075000481731611779e-03
8.080000480480360736e-03
8.085000479229109693e-03
8.090000477977858651e-03
8.095000476726607608e-03
8.100000475475356565e-03
8.105000474224105522e-03
8.110000472972854479e-03
8.115000471721603437e-03
8.120000470470352394e-03
8.125000469219101351e-03
8.130000467967850308e-03
8.135000466716599266e-03
8.140000465465349958e-03
8.145000464214098915e-03
8.150000462962847872e-03
8.155000461711596829e-03
8.160000460460345786e-03
8.165000459209094744e-03
8.170000457957843701e-03
8.175000456706592658e-03
8.180000455455341615e-03
8.185000454204090573e-03
8.190000452952839530e-03
8.195000451701588487e-03
8.200000450450337444e-03
8.205000449199086401e-03
8.210000447947835359e-03
8.215000446696584316e-03
8.220000445445333273e-03
8.225000444194083965e-03
8.230000442942832922e-03
8.235000441691581879e-03
8.240000440440330837e-03
8.245000439189079794e-03
8.250000437937828751e-03
8.255000436686577708e-03
8.260000435435326666e-03
8.265000434184075623e-03
8.270000432932824580e-03
8.275000431681573537e-03
8.280000430430322494e-03
8.285000429179071452e-03
8.290000427927820409e-03
8.295000426676569366e-03
8.300000425425318323e-03
8.305000424174069015e-03
8.310000422922817973e-03
8.315000421671566930e-03
8.320000420420315887e-03
8.325000419169064844e-03
8.330000417917813801e-03
8.335000416666562759e-03
8.340000415415311716e-03
8.345000414164060673e-03
8.350000412912809630e-03
8.355000411661558588e-03
8.360000410410307545e-03
8.365000409159056502e-03
8.370000407907805459e-03
8.375000406656554416e-03
8.380000405405303374e-03
8.385000404154052331e-03
8.390000402902803023e-03
8.395000401651551980e-03
8.400000400400300937e-03
8.405000399149049894e-03
8.410000397897798852e-03
8.415000396646547809e-03
8.420000395395296766e-03
8.425000394144045723e-03
8.430000392892794681e-03
8.435000391641543638e-03
8.440000390390292595e-03
8.445000389139041552e-03
8.450000387887790509e-03
8.455000386636539467e-03
8.460000385385288424e-03
8.465000384134037381e-03
8.470000382882788073e-03
8.475000381631537030e-03
8.480000380380285988e-03
8.485000379129034945e-03
8.490000377877783902e-03
8.495000376626532859e-03
8.500000375375281816e-03
8.505000374124030774e-03
8.510000372872779731e-03
8.515000371621528688e-03
8.520000370370277645e-03
8.525000369119026603e-03
8.530000367867775560e-03
8.535000366616524517e-03
8.540000365365273474e-03
8.545000364114022431e-03
8.550000362862771389e-03
8.555000361611522081e-03
8.560000360360271038e-03
8.565000359109019995e-03
8.570000357857768952e-03
8.575000356606517909e-03
8.580000355355266867e-03
8.585000354104015824e-03
8.590000352852764781e-03
8.595000351601513738e-03
8.600000350350262696e-03
8.605000349099011653e-03
8.610000347847760610e-03
8.615000346596509567e-03
8.620000345345258524e-03
8.625000344094007482e-03
8.630000342842756439e-03
8.635000341591507131e-03
8.640000340340256088e-03
8.645000339089005045e-03
8.650000337837754003e-03
8.655000336586502960e-03
8.660000335335251917e-03
8.665000334084000874e-03
8.670000332832749831e-03
8.675000331581498789e-03
8.680000330330247746e-03
8.685000329078996703e-03
8.690000327827745660e-03
8.695000326576494618e-03
8.700000325325243575e-03
8.705000324073992532e-03
8.710000322822741489e-03
8.715000321571490446e-03
8.720000320320241138e-03
8.725000319068990096e-03
8.730000317817739053e-03
8.735000316566488010e-03
8.740000315315236967e-03
8.745000314063985924e-03
8.750000312812734882e-03
8.755000311561483839e-03
8.760000310310232796e-03
8.765000309058981753e-03
8.770000307807730711e-03
8.775000306556479668e-03
8.780000305305228625e-03
8.785000304053977582e-03
8.790000302802726539e-03
8.795000301551475497e-03
8.800000300300226189e-03
8.805000299048975146e-03
8.810000297797724103e-03
8.815000296546473060e-03
8.820000295295222018e-03
8.825000294043970975e-03
8.830000292792719932e-03
8.835000291541468889e-03
8.840000290290217846e-03
8.845000289038966804e-03
8.850000287787715761e-03
8.855000286536464718e-03
8.860000285285213675e-03
8.865000284033962633e-03
8.870000282782711590e-03
8.875000281531460547e-03
8.880000280280209504e-03
8.885000279028960196e-03
8.890000277777709153e-03
8.895000276526458111e-03
8.900000275275207068e-03
8.905000274023956025e-03
8.910000272772704982e-03
8.915000271521453939e-03
8.920000270270202897e-03
8.925000269018951854e-03
8.930000267767700811e-03
8.935000266516449768e-03
8.940000265265198726e-03
8.945000264013947683e-03
8.950000262762696640e-03
8.955000261511445597e-03
8.960000260260194554e-03
8.965000259008943512e-03
8.970000257757694204e-03
8.975000256506443161e-03
8.980000255255192118e-03
8.985000254003941075e-03
8.990000252752690033e-03
8.995000251501438990e-03
9.000000250250187947e-03
9.005000248998936904e-03
9.010000247747685861e-03
9.015000246496434819e-03
9.020000245245183776e-03
9.025000243993932733e-03
9.030000242742681690e-03
9.035000241491430648e-03
9.040000240240179605e-03
9.045000238988928562e-03
9.050000237737679254e-03
9.055000236486428211e-03
9.060000235235177168e-03
9.065000233983926126e-03
9.070000232732675083e-03
9.075000231481424040e-03
9.080000230230172997e-03
9.085000228978921955e-03
9.090000227727670912e-03
9.095000226476419869e-03
9.100000225225168826e-03
9.105000223973917783e-03
9.110000222722666741e-03
9.115000221471415698e-03
9.120000220220164655e-03
9.125000218968913612e-03
9.130000217717662570e-03
9.135000216466413261e-03
9.140000215215162219e-03
9.145000213963911176e-03
9.150000212712660133e-03
9.155000211461409090e-03
9.160000210210158048e-03
9.165000208958907005e-03
9.170000207707655962e-03
9.175000206456404919e-03
9.180000205205153876e-03
9.185000203953902834e-03
9.190000202702651791e-03
9.195000201451400748e-03
9.200000200200149705e-03
9.205000198948898663e-03
9.210000197697647620e-03
9.215000196446398312e-03
9.220000195195147269e-03
9.225000193943896226e-03
9.230000192692645183e-03
9.235000191441394141e-03
9.240000190190143098e-03
9.245000188938892055e-03
9.250000187687641012e-03
9.255000186436389970e-03
9.260000185185138927e-03
9.265000183933887884e-03
9.270000182682636841e-03
9.275000181431385798e-03
9.280000180180134756e-03
9.285000178928883713e-03
9.290000177677632670e-03
9.295000176426381627e-03
9.300000175175132319e-03
9.305000173923881276e-03
9.310000172672630234e-03
9.315000171421379191e-03
9.320000170170128148e-03
9.325000168918877105e-03
9.330000167667626063e-03
9.335000166416375020e-03
9.340000165165123977e-03
9.345000163913872934e-03
9.350000162662621891e-03
9.355000161411370849e-03
9.360000160160119806e-03
9.365000158908868763e-03
9.370000157657617720e-03
9.375000156406366678e-03
9.380000155155117370e-03
9.385000153903866327e-03
9.390000152652615284e-03
9.395000151401364241e-03
9.400000150150113198e-03
9.405000148898862156e-03
9.410000147647611113e-03
9.415000146396360070e-03
9.420000145145109027e-03
9.425000143893857985e-03
9.430000142642606942e-03
9.435000141391355899e-03
9.440000140140104856e-03
9.445000138888853813e-03
9.450000137637602771e-03
9.455000136386351728e-03
9.460000135135100685e-03
9.465000133883851377e-03
9.470000132632600334e-03
9.475000131381349291e-03
9.480000130130098249e-03
9.485000128878847206e-03
9.490000127627596163e-03
9.495000126376345120e-03
9.500000125125094078e-03
9.505000123873843035e-03
9.510000122622591992e-03
9.515000121371340949e-03
9.520000120120089906e-03
9.525000118868838864e-03
9.530000117617587821e-03
9.535000116366336778e-03
9.540000115115085735e-03
9.545000113863836427e-03
9.550000112612585385e-03
9.555000111361334342e-03
9.560000110110083299e-03
9.565000108858832256e-03
9.570000107607581213e-03
9.575000106356330171e-03
9.580000105105079128e-03
9.585000103853828085e-03
9.590000102602577042e-03
9.595000101351326000e-03
9.600000100100074957e-03
9.605000098848823914e-03
9.610000097597572871e-03
9.615000096346321828e-03
9.620000095095070786e-03
9.625000093843819743e-03
9.630000092592570435e-03
9.635000091341319392e-03
9.640000090090068349e-03
9.645000088838817306e-03
9.650000087587566264e-03
9.655000086336315221e-03
9.660000085085064178e-03
9.665000083833813135e-03
9.670000082582562093e-03
9.675000081331311050e-03
9.680000080080060007e-03
9.685000078828808964e-03
9.690000077577557921e-03
9.695000076326306879e-03
9.700000075075055836e-03
9.705000073823804793e-03
9.710000072572555485e-03
9.715000071321304442e-03
9.720000070070053400e-03
9.725000068818802357e-03
9.730000067567551314e-03
9.735000066316300271e-03
9.740000065065049228e-03
9.745000063813798186e-03
9.750000062562547143e-03
9.755000061311296100e-03
9.760000060060045057e-03
9.765000058808794015e-03
9.770000057557542972e-03
9.775000056306291929e-03
9.780000055055040886e-03
9.785000053803789843e-03
9.790000052552538801e-03
9.795000051301289493e-03
9.800000050050038450e-03
9.805000048798787407e-03
9.810000047547536364e-03
9.815000046296285321e-03
9.820000045045034279e-03
9.825000043793783236e-03
9.830000042542532193e-03
9.835000041291281150e-03
9.840000040040030108e-03
9.845000038788779065e-03
9.850000037537528022e-03
9.855000036286276979e-03
9.860000035035025936e-03
9.865000033783774894e-03
9.870000032532523851e-03
9.875000031281274543e-03
9.880000030030023500e-03
9.885000028778772457e-03
9.890000027527521415e-03
9.895000026276270372e-03
9.900000025025019329e-03
9.905000023773768286e-03
9.910000022522517243e-03
9.915000021271266201e-03
9.920000020020015158e-03
9.925000018768764115e-03
9.930000017517513072e-03
9.935000016266262030e-03
9.940000015015010987e-03
9.945000013763759944e-03
9.950000012512508901e-03
9.955000011261257858e-03
9.960000010010008550e-03
9.965000008758757508e-03
9.970000007507506465e-03
9.975000006256255422e-03
9.980000005005004379e-03
9.985000003753753336e-03
9.990000002502502294e-03
9.995000001251251251e-03
1.000000000000000021e-02
