periods   2 
begin filament 
mirror NIL 
  1.457310187786272E+00   6.617722320899853E-01  -1.612898954294650E-01   1.000000000000000E+05
  1.444284596532596E+00   6.692705200719241E-01  -1.928988109956286E-01   1.000000000000000E+05
  1.431631092656034E+00   6.709118626183377E-01  -2.248931899059219E-01   1.000000000000000E+05
  1.419457876874518E+00   6.669517677740914E-01  -2.572323285269211E-01   1.000000000000000E+05
  1.407733868811748E+00   6.577803740869547E-01  -2.897831260477005E-01   1.000000000000000E+05
  1.396295426747056E+00   6.438898575158929E-01  -3.223202135671697E-01   1.000000000000000E+05
  1.384861538065811E+00   6.258406262813559E-01  -3.545329437122174E-01   1.000000000000000E+05
  1.373056567970902E+00   6.042285125763829E-01  -3.860387533397693E-01   1.000000000000000E+05
  1.360439182987990E+00   5.796549111968442E-01  -4.164019818604640E-01   1.000000000000000E+05
  1.346535677736068E+00   5.527014352027692E-01  -4.451568639753736E-01   1.000000000000000E+05
  1.330875653135245E+00   5.239101909817968E-01  -4.718331423118233E-01   1.000000000000000E+05
  1.313027839762175E+00   4.937702580482016E-01  -4.959825803700029E-01   1.000000000000000E+05
  1.292633841611021E+00   4.627104333540488E-01  -5.172046095811809E-01   1.000000000000000E+05
  1.269437694662477E+00   4.310978058337493E-01  -5.351694181569308E-01   1.000000000000000E+05
  1.243309384289158E+00   3.992413006879632E-01  -5.496369775167399E-01   1.000000000000000E+05
  1.214260830254329E+00   3.673990045869610E-01  -5.604707903645759E-01   1.000000000000000E+05
  1.182453305230614E+00   3.357878741956576E-01  -5.676455121226448E-01   1.000000000000000E+05
  1.148195773880491E+00   3.045943530085626E-01  -5.712480183237495E-01   1.000000000000000E+05
  1.111934192099067E+00   2.739844767040100E-01  -5.714719351798867E-01   1.000000000000000E+05
  1.074232355597333E+00   2.441122259001360E-01  -5.686060879890689E-01   1.000000000000000E+05
  1.035745399458008E+00   2.151251685520882E-01  -5.630177222100486E-01   1.000000000000000E+05
  9.971874939451182E-01   1.871667954954227E-01  -5.551316876956720E-01   1.000000000000000E+05
  9.592956294861681E-01   1.603753591965124E-01  -5.454070252465130E-01   1.000000000000000E+05
  9.227916143556187E-01   1.348794417444710E-01  -5.343125401203151E-01   1.000000000000000E+05
  8.883445086498872E-01   1.107908672017099E-01  -5.223029805623550E-01   1.000000000000000E+05
  8.565356824464833E-01   8.819590171476656E-02  -5.097973598826201E-01   1.000000000000000E+05
  8.278285179527800E-01   6.714592341617888E-02  -4.971607751018986E-01   1.000000000000000E+05
  8.025444866363873E-01   4.764887157508828E-02  -4.846907981043697E-01   1.000000000000000E+05
  7.808469419238661E-01   2.966278814849192E-02  -4.726091672696651E-01   1.000000000000000E+05
  7.627335013651168E-01   1.309264235618272E-02  -4.610591142290542E-01   1.000000000000000E+05
  7.480373789804440E-01  -2.208612036417856E-03  -4.501082501995369E-01   1.000000000000000E+05
  7.364375011543938E-01  -1.643413879358075E-02  -4.397565387497779E-01   1.000000000000000E+05
  7.274767306551266E-01  -2.981228915193900E-02  -4.299485251592534E-01   1.000000000000000E+05
  7.205870641966744E-01  -4.259090655957964E-02  -4.205887019255881E-01   1.000000000000000E+05
  7.151202868269217E-01  -5.501759666475919E-02  -4.115586857259081E-01   1.000000000000000E+05
  7.103822833615882E-01  -6.731712339007778E-02  -4.027347771930212E-01   1.000000000000000E+05
  7.056690384502278E-01  -7.966745247228878E-02  -3.940044778850731E-01   1.000000000000000E+05
  7.003023104493549E-01  -9.217622225250677E-02  -3.852806477341520E-01   1.000000000000000E+05
  6.936630399604532E-01  -1.048595524206913E-01  -3.765121923536937E-01   1.000000000000000E+05
  6.852207437759295E-01  -1.176250885444862E-01  -3.676904571837653E-01   1.000000000000000E+05
  6.745574340837067E-01  -1.302610177227607E-01  -3.588508530340905E-01   1.000000000000000E+05
  6.613849701696449E-01  -1.424324839557647E-01  -3.500696193371527E-01   1.000000000000000E+05
  6.455551701253313E-01  -1.536863972384335E-01  -3.414560191085143E-01   1.000000000000000E+05
  6.270624551255307E-01  -1.634650945173830E-01  -3.331406245879253E-01   1.000000000000000E+05
  6.060392398156141E-01  -1.711287085072455E-01  -3.252606678171968E-01   1.000000000000000E+05
  5.827446915233154E-01  -1.759854730479871E-01  -3.179436726067429E-01   1.000000000000000E+05
  5.575478336154100E-01  -1.773285855919926E-01  -3.112907353365762E-01   1.000000000000000E+05
  5.309062441172803E-01  -1.744777030865249E-01  -3.053608702995911E-01   1.000000000000000E+05
  5.033417852141474E-01  -1.668227084719222E-01  -3.001577767231808E-01   1.000000000000000E+05
  4.754148845322939E-01  -1.538670866687790E-01  -2.956202228395114E-01   1.000000000000000E+05
  4.476988741392296E-01  -1.352681179322177E-01  -2.916169885607726E-01   1.000000000000000E+05
  4.207557837549928E-01  -1.108711485828106E-01  -2.879469803336049E-01   1.000000000000000E+05
  3.951147926533339E-01  -8.073543788769084E-02  -2.843447529587008E-01   1.000000000000000E+05
  3.712542872289170E-01  -4.514949594297488E-02  -2.804912707643947E-01   1.000000000000000E+05
  3.495881691026717E-01  -4.634398985168047E-03  -2.760293436234862E-01   1.000000000000000E+05
  3.304567350504939E-01   4.006573746952766E-02  -2.705828108474744E-01   1.000000000000000E+05
  3.141221286215176E-01   8.800617327452330E-02  -2.637782447018047E-01   1.000000000000000E+05
  3.007680665504583E-01   1.380760866756305E-01  -2.552677277335258E-01   1.000000000000000E+05
  2.905032907210429E-01   1.890437025688452E-01  -2.447511410811401E-01   1.000000000000000E+05
  2.833680041916647E-01   2.396097526975194E-01  -2.319963942207823E-01   1.000000000000000E+05
  2.793424282549588E-01   2.884664265212476E-01  -2.168561322051883E-01   1.000000000000000E+05
  2.783565715710984E-01   3.343585473267280E-01  -1.992796684180656E-01   1.000000000000000E+05
  2.803003310960979E-01   3.761434794944620E-01  -1.793191956334045E-01   1.000000000000000E+05
  2.850331411772994E-01   4.128462591402771E-01  -1.571297054604030E-01   1.000000000000000E+05
  2.923925401719866E-01   4.437066473137339E-01  -1.329624704527466E-01   1.000000000000000E+05
  3.022012176482993E-01   4.682152238775975E-01  -1.071523850648967E-01   1.000000000000000E+05
  3.142723213541728E-01   4.861362484003091E-01  -8.009989048259111E-02   1.000000000000000E+05
  3.284130221851581E-01   4.975157764048266E-01  -5.224859395317109E-02   1.000000000000000E+05
  3.444265381752555E-01   5.026743890762464E-01  -2.406000810212496E-02   1.000000000000000E+05
  3.621129877367567E-01   5.021848182752550E-01   4.012943008183608E-03   1.000000000000000E+05
  3.812695638161204E-01   4.968356684014206E-01   3.155189322629284E-02   1.000000000000000E+05
  4.016905843970606E-01   4.875832937515240E-01   5.819672939875983E-02   1.000000000000000E+05
  4.231679759546259E-01   4.754946292907744E-01   8.366539092550945E-02   1.000000000000000E+05
  4.454926854895882E-01   4.616843459292304E-01   1.077683937470129E-01   1.000000000000000E+05
  4.684573993978287E-01   4.472500703868766E-01   1.304170375640256E-01   1.000000000000000E+05
  4.918607842361294E-01   4.332095492144795E-01   1.516246694204345E-01   1.000000000000000E+05
  5.155132700085786E-01   4.204435357066404E-01   1.715008390906021E-01   1.000000000000000E+05
  5.392441883309055E-01   4.096478418222140E-01   1.902386609443346E-01   1.000000000000000E+05
  5.629098746088391E-01   4.012974444817869E-01   2.080961606165946E-01   1.000000000000000E+05
  5.864021640265440E-01   3.956248003678453E-01   2.253728011695288E-01   1.000000000000000E+05
  6.096565729676066E-01   3.926136510912011E-01   2.423827237492037E-01   1.000000000000000E+05
  6.326593748120537E-01   3.920086457529228E-01   2.594264782092625E-01   1.000000000000000E+05
  6.554527620433647E-01   3.933401304476212E-01   2.767631426124113E-01   1.000000000000000E+05
  6.781373403866625E-01   3.959625156660131E-01   2.945847275705064E-01   1.000000000000000E+05
  7.008713248409756E-01   3.991037920563285E-01   3.129946312012927E-01   1.000000000000000E+05
  7.238659958466001E-01   4.019230756141579E-01   3.319916608408978E-01   1.000000000000000E+05
  7.473772149713794E-01   4.035725685061138E-01   3.514607844694939E-01   1.000000000000000E+05
  7.716930773149975E-01   4.032600524090075E-01   3.711713410934871E-01   1.000000000000000E+05
  7.971180727007925E-01   4.003080040837846E-01   3.907829536589500E-01   1.000000000000000E+05
  8.239544178902659E-01   3.942056390773667E-01   4.098588826785026E-01   1.000000000000000E+05
  8.524814851866120E-01   3.846506346425021E-01   4.278860673506200E-01   1.000000000000000E+05
  8.829344676412672E-01   3.715779283504987E-01   4.443006564533873E-01   1.000000000000000E+05
  9.154835690830688E-01   3.551737929971895E-01   4.585174635935862E-01   1.000000000000000E+05
  9.502150739360822E-01   3.358742999347445E-01   4.699615153171167E-01   1.000000000000000E+05
  9.871156281875036E-01   3.143482440380383E-01   4.780997142164065E-01   1.000000000000000E+05
  1.026060945972153E+00   2.914655535090063E-01   4.824706225930074E-01   1.000000000000000E+05
  1.066809949672145E+00   2.682530871739054E-01   4.827104868492011E-01   1.000000000000000E+05
  1.109005065307153E+00   2.458404763630887E-01   4.785738611940338E-01   1.000000000000000E+05
  1.152179045410378E+00   2.253992518680024E-01   4.699475357493245E-01   1.000000000000000E+05
  1.195768299668897E+00   2.080788741869621E-01   4.568569057636439E-01   1.000000000000000E+05
  1.239132304165013E+00   1.949434361220510E-01   4.394644067063557E-01   1.000000000000000E+05
  1.281578259963391E+00   1.869127243032679E-01   4.180601520568897E-01   1.000000000000000E+05
  1.322389808182385E+00   1.847110188795249E-01   3.930454125711952E-01   1.000000000000000E+05
  1.360858307098197E+00   1.888265011413730E-01   3.649100343468004E-01   1.000000000000000E+05
  1.396314959389288E+00   1.994834625072691E-01   3.342052777219185E-01   1.000000000000000E+05
  1.428161961470511E+00   2.166287104970940E-01   3.015138445341385E-01   1.000000000000000E+05
  1.455900842840213E+00   2.399327004215527E-01   2.674190288377690E-01   1.000000000000000E+05
  1.479156275146046E+00   2.688050414067325E-01   2.324749650988601E-01   1.000000000000000E+05
  1.497693854358226E+00   3.024231877048348E-01   1.971798560799767E-01   1.000000000000000E+05
  1.511430683622242E+00   3.397723828180650E-01   1.619538468036368E-01   1.000000000000000E+05
  1.520437990756788E+00   3.796943194088258E-01   1.271228861619025E-01   1.000000000000000E+05
  1.524935478865170E+00   4.209415469378421E-01   9.290950620688562E-02   1.000000000000000E+05
  1.525277602713581E+00   4.622344240537468E-01   5.943097893909344E-02   1.000000000000000E+05
  1.521932456448775E+00   5.023173832359873E-01   2.670481335832607E-02   1.000000000000000E+05
  1.515454418409311E+00   5.400114467081011E-01  -5.338934838782742E-03   1.000000000000000E+05
  1.506452096298296E+00   5.742602877754419E-01  -3.683951935254143E-02   1.000000000000000E+05
  1.495553424434657E+00   6.041676414862661E-01  -6.798288482421971E-02   1.000000000000000E+05
  1.483369963105320E+00   6.290244944662908E-01  -9.897621993368953E-02   1.000000000000000E+05
  1.470462523896874E+00   6.483251809526239E-01  -1.300215011987651E-01   1.000000000000000E+05
  1.457310187786272E+00   6.617722320899853E-01  -1.612898954294648E-01   1.000000000000000E+05
  1.457310187786272E+00   6.617722320899853E-01  -1.612898954294650E-01   0.000000000000000E+00 1 CurveXYZFourier1 
  5.358990273155492E-01   1.781562299314216E+00   1.607975499830074E-01   2.053593917112381E+05
  5.343549942797633E-01   1.781795203848684E+00   1.577866299185924E-01   2.053593917112381E+05
  5.325263531834739E-01   1.782108183898214E+00   1.542071143052501E-01   2.053593917112381E+05
  5.300247669475748E-01   1.782437639526031E+00   1.491838534950067E-01   2.053593917112381E+05
  5.265629558016182E-01   1.782624425652747E+00   1.419450725808240E-01   2.053593917112381E+05
  5.219691282066170E-01   1.782436604058593E+00   1.318632822267094E-01   2.053593917112381E+05
  5.161929670660172E-01   1.781595958406343E+00   1.184862853897468E-01   2.053593917112381E+05
  5.093028565636112E-01   1.779806188428286E+00   1.015565955608553E-01   2.053593917112381E+05
  5.014746146615529E-01   1.776780641284683E+00   8.101835933469113E-02   2.053593917112381E+05
  4.929725594813088E-01   1.772267531641833E+00   5.701170205327186E-02   2.053593917112381E+05
  4.841242473031930E-01   1.766070838879916E+00   2.985523448888128E-02   2.053593917112381E+05
  4.752906420202379E-01   1.758065431776134E+00   1.821646303619591E-05   2.053593917112381E+05
  4.668337825252918E-01   1.748205431195295E+00  -3.191548006326775E-02   2.053593917112381E+05
  4.590841852239078E-01   1.736525346269678E+00  -6.528897261869762E-02   2.053593917112381E+05
  4.523102421266539E-01   1.723134071470834E+00  -9.941659018968496E-02   2.053593917112381E+05
  4.466917489906380E-01   1.708202371423684E+00  -1.336276658291659E-01   2.053593917112381E+05
  4.422994308220405E-01   1.691944968949542E+00  -1.673069527323398E-01   2.053593917112381E+05
  4.390819411263712E-01   1.674598755087727E+00  -1.999290173890833E-01   2.053593917112381E+05
  4.368613221937506E-01   1.656398929351015E+00  -2.310844394646894E-01   2.053593917112381E+05
  4.353373585137361E-01   1.637555033974188E+00  -2.604962646174123E-01   2.053593917112381E+05
  4.341006705669213E-01   1.618228856705222E+00  -2.880258695112122E-01   2.053593917112381E+05
  4.326538201157117E-01   1.598516042307402E+00  -3.136681576144278E-01   2.053593917112381E+05
  4.304391684824327E-01   1.578432983192270E+00  -3.375367570852879E-01   2.053593917112381E+05
  4.268717808159203E-01   1.557910173844808E+00  -3.598405861944576E-01   2.053593917112381E+05
  4.213753312624615E-01   1.536792739469948E+00  -3.808537399210496E-01   2.053593917112381E+05
  4.134187582003456E-01   1.514848320357062E+00  -4.008810939529458E-01   2.053593917112381E+05
  4.025513584373166E-01   1.491781947462893E+00  -4.202222901498949E-01   2.053593917112381E+05
  3.884340980727504E-01   1.467257020512262E+00  -4.391368438095226E-01   2.053593917112381E+05
  3.708651493557083E-01   1.440921034867984E+00  -4.578129945015051E-01   2.053593917112381E+05
  3.497980217438997E-01   1.412434330768619E+00  -4.763426190949291E-01   2.053593917112381E+05
  3.253511176349880E-01   1.381499885074648E+00  -4.947040609806447E-01   2.053593917112381E+05
  2.978080784024051E-01   1.347892049882191E+00  -5.127541375633002E-01   2.053593917112381E+05
  2.676088593372662E-01   1.311482173128612E+00  -5.302299116865798E-01   2.053593917112381E+05
  2.353320455566250E-01   1.272259212260827E+00  -5.467601001764983E-01   2.053593917112381E+05
  2.016694578212487E-01   1.230343761653939E+00  -5.618852947375602E-01   2.053593917112381E+05
  1.673945631579489E-01   1.185994336895088E+00  -5.750855362389752E-01   2.053593917112381E+05
  1.333265708129309E-01   1.139605265524018E+00  -5.858132573971496E-01   2.053593917112381E+05
  1.002923368574277E-01   1.091696089682094E+00  -5.935292275156894E-01   2.053593917112381E+05
  6.908830651334047E-02   1.042892953203326E+00  -5.977389223917889E-01   2.053593917112381E+05
  4.044468691974810E-02   9.939029849754935E-01  -5.980267166539164E-01   2.053593917112381E+05
  1.499386898202720E-02   9.454831647602623E-01  -5.940854554686892E-01   2.053593917112381E+05
 -6.755181494604783E-03   8.984055343819475E-01  -5.857392954523619E-01   2.053593917112381E+05
 -2.443524460202185E-02   8.534208702786347E-01  -5.729581862760628E-01   2.053593917112381E+05
 -3.783103679678373E-02   8.112230453711644E-01  -5.558629599957631E-01   2.053593917112381E+05
 -4.688094800953373E-02   7.724162712809688E-01  -5.347206618002933E-01   2.053593917112381E+05
 -5.167052960158138E-02   7.374872286079202E-01  -5.099304460331389E-01   2.053593917112381E+05
 -5.241843797504431E-02   7.067837758323211E-01  -4.820010259112333E-01   2.053593917112381E+05
 -4.945598037330907E-02   6.805014981972898E-01  -4.515212572384242E-01   2.053593917112381E+05
 -4.320176457206945E-02   6.586788461077948E-01  -4.191259138128638E-01   2.053593917112381E+05
 -3.413320140842677E-02   6.412010532321428E-01  -3.854590416321259E-01   2.053593917112381E+05
 -2.275673477326078E-02   6.278124558875380E-01  -3.511374374878195E-01   2.053593917112381E+05
 -9.578672647774823E-03   6.181362962469253E-01  -3.167167743933424E-01   2.053593917112381E+05
  4.921631442840680E-03   6.117006190776961E-01  -2.826626937162777E-01   2.053593917112381E+05
  2.031473268061018E-02   6.079684970769036E-01  -2.493288168520476E-01   2.053593917112381E+05
  3.623899858146969E-02   6.063705684602879E-01  -2.169431244052130E-01   2.053593917112381E+05
  5.241267013898304E-02   6.063377587200164E-01  -1.856035445274487E-01   2.053593917112381E+05
  6.863972083829929E-02   6.073320930599727E-01  -1.552829278518972E-01   2.053593917112381E+05
  8.480959272007954E-02   6.088736834220961E-01  -1.258429119862129E-01   2.053593917112381E+05
  1.008913032577838E-01   6.105622807795251E-01  -9.705554208914118E-02   2.053593917112381E+05
  1.169227787275442E-01   6.120921970734653E-01  -6.863096121804599E-02   2.053593917112381E+05
  1.329965549701209E-01   6.132598920136006E-01  -4.024905447187040E-02   2.053593917112381E+05
  1.492431769670894E-01   6.139640528719218E-01  -1.159265523972379E-02   2.053593917112381E+05
  1.658137136831175E-01   6.141985324933271E-01   1.762018012012147E-02   2.053593917112381E+05
  1.828627812284543E-01   6.140390139935359E-01   4.760724373279303E-02   2.053593917112381E+05
  2.005333405828590E-01   6.136247045115787E-01   7.849875372137445E-02   2.053593917112381E+05
  2.189443183695343E-01   6.131366944455930E-01   1.103211857177113E-01   2.053593917112381E+05
  2.381818093998840E-01   6.127748295024189E-01   1.429895664021095E-01   2.053593917112381E+05
  2.582942818332912E-01   6.127350161083902E-01   1.763088079914925E-01   2.053593917112381E+05
  2.792918468851490E-01   6.131888115563632E-01   2.099839894704866E-01   2.053593917112381E+05
  3.011493032871160E-01   6.142669441511700E-01   2.436388217308560E-01   2.053593917112381E+05
  3.238123494206974E-01   6.160480807836148E-01   2.768409180286423E-01   2.053593917112381E+05
  3.472060975127865E-01   6.185537337377600E-01   3.091319730892825E-01   2.053593917112381E+05
  3.712448440632078E-01   6.217497060671481E-01   3.400605718198348E-01   2.053593917112381E+05
  3.958419621677216E-01   6.255539513582893E-01   3.692151304482996E-01   2.053593917112381E+05
  4.209187908718998E-01   6.298502072532121E-01   3.962544359478087E-01   2.053593917112381E+05
  4.464115028358388E-01   6.345062904780249E-01   4.209333979200694E-01   2.053593917112381E+05
  4.722751256451658E-01   6.393955490313445E-01   4.431219516040464E-01   2.053593917112381E+05
  4.984841585172138E-01   6.444196838276821E-01   4.628155295995480E-01   2.053593917112381E+05
  5.250295437419265E-01   6.495309990734139E-01   4.801361203294581E-01   2.053593917112381E+05
  5.519120957355964E-01   6.547521304260111E-01   4.953236113634756E-01   2.053593917112381E+05
  5.791328326739559E-01   6.601914349164815E-01   5.087178276165036E-01   2.053593917112381E+05
  6.066809687875313E-01   6.660524987591526E-01   5.207323675490501E-01   2.053593917112381E+05
  6.345205839637656E-01   6.726366107818288E-01   5.318219651184621E-01   2.053593917112381E+05
  6.625771695934561E-01   6.803375339087592E-01   5.424456159977666E-01   2.053593917112381E+05
  6.907253394368097E-01   6.896284517146954E-01   5.530280657103891E-01   2.053593917112381E+05
  7.187789822715999E-01   7.010415337848419E-01   5.639224373311685E-01   2.053593917112381E+05
  7.464850173949747E-01   7.151411127623418E-01   5.753767620840485E-01   2.053593917112381E+05
  7.735217006529529E-01   7.324919586523583E-01   5.875069657971217E-01   2.053593917112381E+05
  7.995021310018150E-01   7.536245368134646E-01   6.002784697280826E-01   2.053593917112381E+05
  8.239832456786806E-01   7.789994157421113E-01   6.134980107010404E-01   2.053593917112381E+05
  8.464801911015902E-01   8.089731279677023E-01   6.268166091089792E-01   2.053593917112381E+05
  8.664855453094522E-01   8.437677704611287E-01   6.397438593777667E-01   2.053593917112381E+05
  8.834924761851227E-01   8.834464587421182E-01   6.516729370738534E-01   2.053593917112381E+05
  8.970205772368929E-01   9.278964308144833E-01   6.619149634729788E-01   2.053593917112381E+05
  9.066428558293034E-01   9.768211526889569E-01   6.697406943098911E-01   2.053593917112381E+05
  9.120121791123864E-01   1.029742234884925E+00   6.744269519237834E-01   2.053593917112381E+05
  9.128854256971974E-01   1.086011364154330E+00   6.753048382371336E-01   2.053593917112381E+05
  9.091436539050193E-01   1.144831826503552E+00   6.718065781539613E-01   2.053593917112381E+05
  9.008067793901674E-01   1.205288588018223E+00   6.635078642790035E-01   2.053593917112381E+05
  8.880415468962937E-01   1.266385349671160E+00   6.501628054895510E-01   2.053593917112381E+05
  8.711619657321671E-01   1.327086538133163E+00   6.317290107105381E-01   2.053593917112381E+05
  8.506218322735947E-01   1.386361867276870E+00   6.083809386469815E-01   2.053593917112381E+05
  8.269994561512416E-01   1.443230926881391E+00   5.805103758557916E-01   2.053593917112381E+05
  8.009752071669904E-01   1.496805238439409E+00   5.487137218069132E-01   2.053593917112381E+05
  7.733029736589829E-01   1.546325364616107E+00   5.137666068560628E-01   2.053593917112381E+05
  7.447770374553895E-01   1.591190959600544E+00   4.765871912402108E-01   2.053593917112381E+05
  7.161961966118425E-01   1.630982082832654E+00   4.381902355524342E-01   2.053593917112381E+05
  6.883271812069757E-01   1.665470639913083E+00   3.996346459275810E-01   2.053593917112381E+05
  6.618694931579886E-01   1.694621426377553E+00   3.619676390545052E-01   2.053593917112381E+05
  6.374237503131710E-01   1.718582892245554E+00   3.261689130282422E-01   2.053593917112381E+05
  6.154654290539051E-01   1.737668375685733E+00   2.930982331558060E-01   2.053593917112381E+05
  5.963255884849047E-01   1.752329131519273E+00   2.634496447752855E-01   2.053593917112381E+05
  5.801797417355727E-01   1.763120967021997E+00   2.377151202278841E-01   2.053593917112381E+05
  5.670455420331086E-01   1.770666662199698E+00   2.161598604713447E-01   2.053593917112381E+05
  5.567894048218073E-01   1.775616571315600E+00   1.988107416866395E-01   2.053593917112381E+05
  5.491416276772405E-01   1.778609863694834E+00   1.854585714088062E-01   2.053593917112381E+05
  5.437190337368014E-01   1.780238762166003E+00   1.756739513605929E-01   2.053593917112381E+05
  5.400536872783999E-01   1.781017885196625E+00   1.688356921579248E-01   2.053593917112381E+05
  5.376258437742841E-01   1.781360412327542E+00   1.641699441682624E-01   2.053593917112381E+05
  5.358990273155492E-01   1.781562299314216E+00   1.607975499830074E-01   2.053593917112381E+05
  5.358990273155492E-01   1.781562299314216E+00   1.607975499830074E-01   0.000000000000000E+00 2 CurveXYZFourier2 
  1.457310187786272E+00  -6.617722320899853E-01   1.612898954294650E-01  -1.000000000000000E+05
  1.444284596532596E+00  -6.692705200719241E-01   1.928988109956286E-01  -1.000000000000000E+05
  1.431631092656034E+00  -6.709118626183377E-01   2.248931899059219E-01  -1.000000000000000E+05
  1.419457876874518E+00  -6.669517677740914E-01   2.572323285269211E-01  -1.000000000000000E+05
  1.407733868811748E+00  -6.577803740869547E-01   2.897831260477005E-01  -1.000000000000000E+05
  1.396295426747056E+00  -6.438898575158929E-01   3.223202135671697E-01  -1.000000000000000E+05
  1.384861538065811E+00  -6.258406262813559E-01   3.545329437122174E-01  -1.000000000000000E+05
  1.373056567970902E+00  -6.042285125763829E-01   3.860387533397693E-01  -1.000000000000000E+05
  1.360439182987990E+00  -5.796549111968442E-01   4.164019818604640E-01  -1.000000000000000E+05
  1.346535677736068E+00  -5.527014352027692E-01   4.451568639753736E-01  -1.000000000000000E+05
  1.330875653135245E+00  -5.239101909817968E-01   4.718331423118233E-01  -1.000000000000000E+05
  1.313027839762175E+00  -4.937702580482016E-01   4.959825803700029E-01  -1.000000000000000E+05
  1.292633841611021E+00  -4.627104333540488E-01   5.172046095811809E-01  -1.000000000000000E+05
  1.269437694662477E+00  -4.310978058337493E-01   5.351694181569308E-01  -1.000000000000000E+05
  1.243309384289158E+00  -3.992413006879632E-01   5.496369775167399E-01  -1.000000000000000E+05
  1.214260830254329E+00  -3.673990045869610E-01   5.604707903645759E-01  -1.000000000000000E+05
  1.182453305230614E+00  -3.357878741956576E-01   5.676455121226448E-01  -1.000000000000000E+05
  1.148195773880491E+00  -3.045943530085626E-01   5.712480183237495E-01  -1.000000000000000E+05
  1.111934192099067E+00  -2.739844767040100E-01   5.714719351798867E-01  -1.000000000000000E+05
  1.074232355597333E+00  -2.441122259001360E-01   5.686060879890689E-01  -1.000000000000000E+05
  1.035745399458008E+00  -2.151251685520882E-01   5.630177222100486E-01  -1.000000000000000E+05
  9.971874939451182E-01  -1.871667954954227E-01   5.551316876956720E-01  -1.000000000000000E+05
  9.592956294861681E-01  -1.603753591965124E-01   5.454070252465130E-01  -1.000000000000000E+05
  9.227916143556187E-01  -1.348794417444710E-01   5.343125401203151E-01  -1.000000000000000E+05
  8.883445086498872E-01  -1.107908672017099E-01   5.223029805623550E-01  -1.000000000000000E+05
  8.565356824464833E-01  -8.819590171476656E-02   5.097973598826201E-01  -1.000000000000000E+05
  8.278285179527800E-01  -6.714592341617888E-02   4.971607751018986E-01  -1.000000000000000E+05
  8.025444866363873E-01  -4.764887157508828E-02   4.846907981043697E-01  -1.000000000000000E+05
  7.808469419238661E-01  -2.966278814849192E-02   4.726091672696651E-01  -1.000000000000000E+05
  7.627335013651168E-01  -1.309264235618272E-02   4.610591142290542E-01  -1.000000000000000E+05
  7.480373789804440E-01   2.208612036417856E-03   4.501082501995369E-01  -1.000000000000000E+05
  7.364375011543938E-01   1.643413879358075E-02   4.397565387497779E-01  -1.000000000000000E+05
  7.274767306551266E-01   2.981228915193900E-02   4.299485251592534E-01  -1.000000000000000E+05
  7.205870641966744E-01   4.259090655957964E-02   4.205887019255881E-01  -1.000000000000000E+05
  7.151202868269217E-01   5.501759666475919E-02   4.115586857259081E-01  -1.000000000000000E+05
  7.103822833615882E-01   6.731712339007778E-02   4.027347771930212E-01  -1.000000000000000E+05
  7.056690384502278E-01   7.966745247228878E-02   3.940044778850731E-01  -1.000000000000000E+05
  7.003023104493549E-01   9.217622225250677E-02   3.852806477341520E-01  -1.000000000000000E+05
  6.936630399604532E-01   1.048595524206913E-01   3.765121923536937E-01  -1.000000000000000E+05
  6.852207437759295E-01   1.176250885444862E-01   3.676904571837653E-01  -1.000000000000000E+05
  6.745574340837067E-01   1.302610177227607E-01   3.588508530340905E-01  -1.000000000000000E+05
  6.613849701696449E-01   1.424324839557647E-01   3.500696193371527E-01  -1.000000000000000E+05
  6.455551701253313E-01   1.536863972384335E-01   3.414560191085143E-01  -1.000000000000000E+05
  6.270624551255307E-01   1.634650945173830E-01   3.331406245879253E-01  -1.000000000000000E+05
  6.060392398156141E-01   1.711287085072455E-01   3.252606678171968E-01  -1.000000000000000E+05
  5.827446915233154E-01   1.759854730479871E-01   3.179436726067429E-01  -1.000000000000000E+05
  5.575478336154100E-01   1.773285855919926E-01   3.112907353365762E-01  -1.000000000000000E+05
  5.309062441172803E-01   1.744777030865249E-01   3.053608702995911E-01  -1.000000000000000E+05
  5.033417852141474E-01   1.668227084719222E-01   3.001577767231808E-01  -1.000000000000000E+05
  4.754148845322939E-01   1.538670866687790E-01   2.956202228395114E-01  -1.000000000000000E+05
  4.476988741392296E-01   1.352681179322177E-01   2.916169885607726E-01  -1.000000000000000E+05
  4.207557837549928E-01   1.108711485828106E-01   2.879469803336049E-01  -1.000000000000000E+05
  3.951147926533339E-01   8.073543788769084E-02   2.843447529587008E-01  -1.000000000000000E+05
  3.712542872289170E-01   4.514949594297488E-02   2.804912707643947E-01  -1.000000000000000E+05
  3.495881691026717E-01   4.634398985168047E-03   2.760293436234862E-01  -1.000000000000000E+05
  3.304567350504939E-01  -4.006573746952766E-02   2.705828108474744E-01  -1.000000000000000E+05
  3.141221286215176E-01  -8.800617327452330E-02   2.637782447018047E-01  -1.000000000000000E+05
  3.007680665504583E-01  -1.380760866756305E-01   2.552677277335258E-01  -1.000000000000000E+05
  2.905032907210429E-01  -1.890437025688452E-01   2.447511410811401E-01  -1.000000000000000E+05
  2.833680041916647E-01  -2.396097526975194E-01   2.319963942207823E-01  -1.000000000000000E+05
  2.793424282549588E-01  -2.884664265212476E-01   2.168561322051883E-01  -1.000000000000000E+05
  2.783565715710984E-01  -3.343585473267280E-01   1.992796684180656E-01  -1.000000000000000E+05
  2.803003310960979E-01  -3.761434794944620E-01   1.793191956334045E-01  -1.000000000000000E+05
  2.850331411772994E-01  -4.128462591402771E-01   1.571297054604030E-01  -1.000000000000000E+05
  2.923925401719866E-01  -4.437066473137339E-01   1.329624704527466E-01  -1.000000000000000E+05
  3.022012176482993E-01  -4.682152238775975E-01   1.071523850648967E-01  -1.000000000000000E+05
  3.142723213541728E-01  -4.861362484003091E-01   8.009989048259111E-02  -1.000000000000000E+05
  3.284130221851581E-01  -4.975157764048266E-01   5.224859395317109E-02  -1.000000000000000E+05
  3.444265381752555E-01  -5.026743890762464E-01   2.406000810212496E-02  -1.000000000000000E+05
  3.621129877367567E-01  -5.021848182752550E-01  -4.012943008183608E-03  -1.000000000000000E+05
  3.812695638161204E-01  -4.968356684014206E-01  -3.155189322629284E-02  -1.000000000000000E+05
  4.016905843970606E-01  -4.875832937515240E-01  -5.819672939875983E-02  -1.000000000000000E+05
  4.231679759546259E-01  -4.754946292907744E-01  -8.366539092550945E-02  -1.000000000000000E+05
  4.454926854895882E-01  -4.616843459292304E-01  -1.077683937470129E-01  -1.000000000000000E+05
  4.684573993978287E-01  -4.472500703868766E-01  -1.304170375640256E-01  -1.000000000000000E+05
  4.918607842361294E-01  -4.332095492144795E-01  -1.516246694204345E-01  -1.000000000000000E+05
  5.155132700085786E-01  -4.204435357066404E-01  -1.715008390906021E-01  -1.000000000000000E+05
  5.392441883309055E-01  -4.096478418222140E-01  -1.902386609443346E-01  -1.000000000000000E+05
  5.629098746088391E-01  -4.012974444817869E-01  -2.080961606165946E-01  -1.000000000000000E+05
  5.864021640265440E-01  -3.956248003678453E-01  -2.253728011695288E-01  -1.000000000000000E+05
  6.096565729676066E-01  -3.926136510912011E-01  -2.423827237492037E-01  -1.000000000000000E+05
  6.326593748120537E-01  -3.920086457529228E-01  -2.594264782092625E-01  -1.000000000000000E+05
  6.554527620433647E-01  -3.933401304476212E-01  -2.767631426124113E-01  -1.000000000000000E+05
  6.781373403866625E-01  -3.959625156660131E-01  -2.945847275705064E-01  -1.000000000000000E+05
  7.008713248409756E-01  -3.991037920563285E-01  -3.129946312012927E-01  -1.000000000000000E+05
  7.238659958466001E-01  -4.019230756141579E-01  -3.319916608408978E-01  -1.000000000000000E+05
  7.473772149713794E-01  -4.035725685061138E-01  -3.514607844694939E-01  -1.000000000000000E+05
  7.716930773149975E-01  -4.032600524090075E-01  -3.711713410934871E-01  -1.000000000000000E+05
  7.971180727007925E-01  -4.003080040837846E-01  -3.907829536589500E-01  -1.000000000000000E+05
  8.239544178902659E-01  -3.942056390773667E-01  -4.098588826785026E-01  -1.000000000000000E+05
  8.524814851866120E-01  -3.846506346425021E-01  -4.278860673506200E-01  -1.000000000000000E+05
  8.829344676412672E-01  -3.715779283504987E-01  -4.443006564533873E-01  -1.000000000000000E+05
  9.154835690830688E-01  -3.551737929971895E-01  -4.585174635935862E-01  -1.000000000000000E+05
  9.502150739360822E-01  -3.358742999347445E-01  -4.699615153171167E-01  -1.000000000000000E+05
  9.871156281875036E-01  -3.143482440380383E-01  -4.780997142164065E-01  -1.000000000000000E+05
  1.026060945972153E+00  -2.914655535090063E-01  -4.824706225930074E-01  -1.000000000000000E+05
  1.066809949672145E+00  -2.682530871739054E-01  -4.827104868492011E-01  -1.000000000000000E+05
  1.109005065307153E+00  -2.458404763630887E-01  -4.785738611940338E-01  -1.000000000000000E+05
  1.152179045410378E+00  -2.253992518680024E-01  -4.699475357493245E-01  -1.000000000000000E+05
  1.195768299668897E+00  -2.080788741869621E-01  -4.568569057636439E-01  -1.000000000000000E+05
  1.239132304165013E+00  -1.949434361220510E-01  -4.394644067063557E-01  -1.000000000000000E+05
  1.281578259963391E+00  -1.869127243032679E-01  -4.180601520568897E-01  -1.000000000000000E+05
  1.322389808182385E+00  -1.847110188795249E-01  -3.930454125711952E-01  -1.000000000000000E+05
  1.360858307098197E+00  -1.888265011413730E-01  -3.649100343468004E-01  -1.000000000000000E+05
  1.396314959389288E+00  -1.994834625072691E-01  -3.342052777219185E-01  -1.000000000000000E+05
  1.428161961470511E+00  -2.166287104970940E-01  -3.015138445341385E-01  -1.000000000000000E+05
  1.455900842840213E+00  -2.399327004215527E-01  -2.674190288377690E-01  -1.000000000000000E+05
  1.479156275146046E+00  -2.688050414067325E-01  -2.324749650988601E-01  -1.000000000000000E+05
  1.497693854358226E+00  -3.024231877048348E-01  -1.971798560799767E-01  -1.000000000000000E+05
  1.511430683622242E+00  -3.397723828180650E-01  -1.619538468036368E-01  -1.000000000000000E+05
  1.520437990756788E+00  -3.796943194088258E-01  -1.271228861619025E-01  -1.000000000000000E+05
  1.524935478865170E+00  -4.209415469378421E-01  -9.290950620688562E-02  -1.000000000000000E+05
  1.525277602713581E+00  -4.622344240537468E-01  -5.943097893909344E-02  -1.000000000000000E+05
  1.521932456448775E+00  -5.023173832359873E-01  -2.670481335832607E-02  -1.000000000000000E+05
  1.515454418409311E+00  -5.400114467081011E-01   5.338934838782742E-03  -1.000000000000000E+05
  1.506452096298296E+00  -5.742602877754419E-01   3.683951935254143E-02  -1.000000000000000E+05
  1.495553424434657E+00  -6.041676414862661E-01   6.798288482421971E-02  -1.000000000000000E+05
  1.483369963105320E+00  -6.290244944662908E-01   9.897621993368953E-02  -1.000000000000000E+05
  1.470462523896874E+00  -6.483251809526239E-01   1.300215011987651E-01  -1.000000000000000E+05
  1.457310187786272E+00  -6.617722320899853E-01   1.612898954294648E-01  -1.000000000000000E+05
  1.457310187786272E+00  -6.617722320899853E-01   1.612898954294650E-01   0.000000000000000E+00 3 RotatedCurve9 
  5.358990273155492E-01  -1.781562299314216E+00  -1.607975499830074E-01  -2.053593917112381E+05
  5.343549942797633E-01  -1.781795203848684E+00  -1.577866299185924E-01  -2.053593917112381E+05
  5.325263531834739E-01  -1.782108183898214E+00  -1.542071143052501E-01  -2.053593917112381E+05
  5.300247669475748E-01  -1.782437639526031E+00  -1.491838534950067E-01  -2.053593917112381E+05
  5.265629558016182E-01  -1.782624425652747E+00  -1.419450725808240E-01  -2.053593917112381E+05
  5.219691282066170E-01  -1.782436604058593E+00  -1.318632822267094E-01  -2.053593917112381E+05
  5.161929670660172E-01  -1.781595958406343E+00  -1.184862853897468E-01  -2.053593917112381E+05
  5.093028565636112E-01  -1.779806188428286E+00  -1.015565955608553E-01  -2.053593917112381E+05
  5.014746146615529E-01  -1.776780641284683E+00  -8.101835933469113E-02  -2.053593917112381E+05
  4.929725594813088E-01  -1.772267531641833E+00  -5.701170205327186E-02  -2.053593917112381E+05
  4.841242473031930E-01  -1.766070838879916E+00  -2.985523448888128E-02  -2.053593917112381E+05
  4.752906420202379E-01  -1.758065431776134E+00  -1.821646303619591E-05  -2.053593917112381E+05
  4.668337825252918E-01  -1.748205431195295E+00   3.191548006326775E-02  -2.053593917112381E+05
  4.590841852239078E-01  -1.736525346269678E+00   6.528897261869762E-02  -2.053593917112381E+05
  4.523102421266539E-01  -1.723134071470834E+00   9.941659018968496E-02  -2.053593917112381E+05
  4.466917489906380E-01  -1.708202371423684E+00   1.336276658291659E-01  -2.053593917112381E+05
  4.422994308220405E-01  -1.691944968949542E+00   1.673069527323398E-01  -2.053593917112381E+05
  4.390819411263712E-01  -1.674598755087727E+00   1.999290173890833E-01  -2.053593917112381E+05
  4.368613221937506E-01  -1.656398929351015E+00   2.310844394646894E-01  -2.053593917112381E+05
  4.353373585137361E-01  -1.637555033974188E+00   2.604962646174123E-01  -2.053593917112381E+05
  4.341006705669213E-01  -1.618228856705222E+00   2.880258695112122E-01  -2.053593917112381E+05
  4.326538201157117E-01  -1.598516042307402E+00   3.136681576144278E-01  -2.053593917112381E+05
  4.304391684824327E-01  -1.578432983192270E+00   3.375367570852879E-01  -2.053593917112381E+05
  4.268717808159203E-01  -1.557910173844808E+00   3.598405861944576E-01  -2.053593917112381E+05
  4.213753312624615E-01  -1.536792739469948E+00   3.808537399210496E-01  -2.053593917112381E+05
  4.134187582003456E-01  -1.514848320357062E+00   4.008810939529458E-01  -2.053593917112381E+05
  4.025513584373166E-01  -1.491781947462893E+00   4.202222901498949E-01  -2.053593917112381E+05
  3.884340980727504E-01  -1.467257020512262E+00   4.391368438095226E-01  -2.053593917112381E+05
  3.708651493557083E-01  -1.440921034867984E+00   4.578129945015051E-01  -2.053593917112381E+05
  3.497980217438997E-01  -1.412434330768619E+00   4.763426190949291E-01  -2.053593917112381E+05
  3.253511176349880E-01  -1.381499885074648E+00   4.947040609806447E-01  -2.053593917112381E+05
  2.978080784024051E-01  -1.347892049882191E+00   5.127541375633002E-01  -2.053593917112381E+05
  2.676088593372662E-01  -1.311482173128612E+00   5.302299116865798E-01  -2.053593917112381E+05
  2.353320455566250E-01  -1.272259212260827E+00   5.467601001764983E-01  -2.053593917112381E+05
  2.016694578212487E-01  -1.230343761653939E+00   5.618852947375602E-01  -2.053593917112381E+05
  1.673945631579489E-01  -1.185994336895088E+00   5.750855362389752E-01  -2.053593917112381E+05
  1.333265708129309E-01  -1.139605265524018E+00   5.858132573971496E-01  -2.053593917112381E+05
  1.002923368574277E-01  -1.091696089682094E+00   5.935292275156894E-01  -2.053593917112381E+05
  6.908830651334047E-02  -1.042892953203326E+00   5.977389223917889E-01  -2.053593917112381E+05
  4.044468691974810E-02  -9.939029849754935E-01   5.980267166539164E-01  -2.053593917112381E+05
  1.499386898202720E-02  -9.454831647602623E-01   5.940854554686892E-01  -2.053593917112381E+05
 -6.755181494604783E-03  -8.984055343819475E-01   5.857392954523619E-01  -2.053593917112381E+05
 -2.443524460202185E-02  -8.534208702786347E-01   5.729581862760628E-01  -2.053593917112381E+05
 -3.783103679678373E-02  -8.112230453711644E-01   5.558629599957631E-01  -2.053593917112381E+05
 -4.688094800953373E-02  -7.724162712809688E-01   5.347206618002933E-01  -2.053593917112381E+05
 -5.167052960158138E-02  -7.374872286079202E-01   5.099304460331389E-01  -2.053593917112381E+05
 -5.241843797504431E-02  -7.067837758323211E-01   4.820010259112333E-01  -2.053593917112381E+05
 -4.945598037330907E-02  -6.805014981972898E-01   4.515212572384242E-01  -2.053593917112381E+05
 -4.320176457206945E-02  -6.586788461077948E-01   4.191259138128638E-01  -2.053593917112381E+05
 -3.413320140842677E-02  -6.412010532321428E-01   3.854590416321259E-01  -2.053593917112381E+05
 -2.275673477326078E-02  -6.278124558875380E-01   3.511374374878195E-01  -2.053593917112381E+05
 -9.578672647774823E-03  -6.181362962469253E-01   3.167167743933424E-01  -2.053593917112381E+05
  4.921631442840680E-03  -6.117006190776961E-01   2.826626937162777E-01  -2.053593917112381E+05
  2.031473268061018E-02  -6.079684970769036E-01   2.493288168520476E-01  -2.053593917112381E+05
  3.623899858146969E-02  -6.063705684602879E-01   2.169431244052130E-01  -2.053593917112381E+05
  5.241267013898304E-02  -6.063377587200164E-01   1.856035445274487E-01  -2.053593917112381E+05
  6.863972083829929E-02  -6.073320930599727E-01   1.552829278518972E-01  -2.053593917112381E+05
  8.480959272007954E-02  -6.088736834220961E-01   1.258429119862129E-01  -2.053593917112381E+05
  1.008913032577838E-01  -6.105622807795251E-01   9.705554208914118E-02  -2.053593917112381E+05
  1.169227787275442E-01  -6.120921970734653E-01   6.863096121804599E-02  -2.053593917112381E+05
  1.329965549701209E-01  -6.132598920136006E-01   4.024905447187040E-02  -2.053593917112381E+05
  1.492431769670894E-01  -6.139640528719218E-01   1.159265523972379E-02  -2.053593917112381E+05
  1.658137136831175E-01  -6.141985324933271E-01  -1.762018012012147E-02  -2.053593917112381E+05
  1.828627812284543E-01  -6.140390139935359E-01  -4.760724373279303E-02  -2.053593917112381E+05
  2.005333405828590E-01  -6.136247045115787E-01  -7.849875372137445E-02  -2.053593917112381E+05
  2.189443183695343E-01  -6.131366944455930E-01  -1.103211857177113E-01  -2.053593917112381E+05
  2.381818093998840E-01  -6.127748295024189E-01  -1.429895664021095E-01  -2.053593917112381E+05
  2.582942818332912E-01  -6.127350161083902E-01  -1.763088079914925E-01  -2.053593917112381E+05
  2.792918468851490E-01  -6.131888115563632E-01  -2.099839894704866E-01  -2.053593917112381E+05
  3.011493032871160E-01  -6.142669441511700E-01  -2.436388217308560E-01  -2.053593917112381E+05
  3.238123494206974E-01  -6.160480807836148E-01  -2.768409180286423E-01  -2.053593917112381E+05
  3.472060975127865E-01  -6.185537337377600E-01  -3.091319730892825E-01  -2.053593917112381E+05
  3.712448440632078E-01  -6.217497060671481E-01  -3.400605718198348E-01  -2.053593917112381E+05
  3.958419621677216E-01  -6.255539513582893E-01  -3.692151304482996E-01  -2.053593917112381E+05
  4.209187908718998E-01  -6.298502072532121E-01  -3.962544359478087E-01  -2.053593917112381E+05
  4.464115028358388E-01  -6.345062904780249E-01  -4.209333979200694E-01  -2.053593917112381E+05
  4.722751256451658E-01  -6.393955490313445E-01  -4.431219516040464E-01  -2.053593917112381E+05
  4.984841585172138E-01  -6.444196838276821E-01  -4.628155295995480E-01  -2.053593917112381E+05
  5.250295437419265E-01  -6.495309990734139E-01  -4.801361203294581E-01  -2.053593917112381E+05
  5.519120957355964E-01  -6.547521304260111E-01  -4.953236113634756E-01  -2.053593917112381E+05
  5.791328326739559E-01  -6.601914349164815E-01  -5.087178276165036E-01  -2.053593917112381E+05
  6.066809687875313E-01  -6.660524987591526E-01  -5.207323675490501E-01  -2.053593917112381E+05
  6.345205839637656E-01  -6.726366107818288E-01  -5.318219651184621E-01  -2.053593917112381E+05
  6.625771695934561E-01  -6.803375339087592E-01  -5.424456159977666E-01  -2.053593917112381E+05
  6.907253394368097E-01  -6.896284517146954E-01  -5.530280657103891E-01  -2.053593917112381E+05
  7.187789822715999E-01  -7.010415337848419E-01  -5.639224373311685E-01  -2.053593917112381E+05
  7.464850173949747E-01  -7.151411127623418E-01  -5.753767620840485E-01  -2.053593917112381E+05
  7.735217006529529E-01  -7.324919586523583E-01  -5.875069657971217E-01  -2.053593917112381E+05
  7.995021310018150E-01  -7.536245368134646E-01  -6.002784697280826E-01  -2.053593917112381E+05
  8.239832456786806E-01  -7.789994157421113E-01  -6.134980107010404E-01  -2.053593917112381E+05
  8.464801911015902E-01  -8.089731279677023E-01  -6.268166091089792E-01  -2.053593917112381E+05
  8.664855453094522E-01  -8.437677704611287E-01  -6.397438593777667E-01  -2.053593917112381E+05
  8.834924761851227E-01  -8.834464587421182E-01  -6.516729370738534E-01  -2.053593917112381E+05
  8.970205772368929E-01  -9.278964308144833E-01  -6.619149634729788E-01  -2.053593917112381E+05
  9.066428558293034E-01  -9.768211526889569E-01  -6.697406943098911E-01  -2.053593917112381E+05
  9.120121791123864E-01  -1.029742234884925E+00  -6.744269519237834E-01  -2.053593917112381E+05
  9.128854256971974E-01  -1.086011364154330E+00  -6.753048382371336E-01  -2.053593917112381E+05
  9.091436539050193E-01  -1.144831826503552E+00  -6.718065781539613E-01  -2.053593917112381E+05
  9.008067793901674E-01  -1.205288588018223E+00  -6.635078642790035E-01  -2.053593917112381E+05
  8.880415468962937E-01  -1.266385349671160E+00  -6.501628054895510E-01  -2.053593917112381E+05
  8.711619657321671E-01  -1.327086538133163E+00  -6.317290107105381E-01  -2.053593917112381E+05
  8.506218322735947E-01  -1.386361867276870E+00  -6.083809386469815E-01  -2.053593917112381E+05
  8.269994561512416E-01  -1.443230926881391E+00  -5.805103758557916E-01  -2.053593917112381E+05
  8.009752071669904E-01  -1.496805238439409E+00  -5.487137218069132E-01  -2.053593917112381E+05
  7.733029736589829E-01  -1.546325364616107E+00  -5.137666068560628E-01  -2.053593917112381E+05
  7.447770374553895E-01  -1.591190959600544E+00  -4.765871912402108E-01  -2.053593917112381E+05
  7.161961966118425E-01  -1.630982082832654E+00  -4.381902355524342E-01  -2.053593917112381E+05
  6.883271812069757E-01  -1.665470639913083E+00  -3.996346459275810E-01  -2.053593917112381E+05
  6.618694931579886E-01  -1.694621426377553E+00  -3.619676390545052E-01  -2.053593917112381E+05
  6.374237503131710E-01  -1.718582892245554E+00  -3.261689130282422E-01  -2.053593917112381E+05
  6.154654290539051E-01  -1.737668375685733E+00  -2.930982331558060E-01  -2.053593917112381E+05
  5.963255884849047E-01  -1.752329131519273E+00  -2.634496447752855E-01  -2.053593917112381E+05
  5.801797417355727E-01  -1.763120967021997E+00  -2.377151202278841E-01  -2.053593917112381E+05
  5.670455420331086E-01  -1.770666662199698E+00  -2.161598604713447E-01  -2.053593917112381E+05
  5.567894048218073E-01  -1.775616571315600E+00  -1.988107416866395E-01  -2.053593917112381E+05
  5.491416276772405E-01  -1.778609863694834E+00  -1.854585714088062E-01  -2.053593917112381E+05
  5.437190337368014E-01  -1.780238762166003E+00  -1.756739513605929E-01  -2.053593917112381E+05
  5.400536872783999E-01  -1.781017885196625E+00  -1.688356921579248E-01  -2.053593917112381E+05
  5.376258437742841E-01  -1.781360412327542E+00  -1.641699441682624E-01  -2.053593917112381E+05
  5.358990273155492E-01  -1.781562299314216E+00  -1.607975499830074E-01  -2.053593917112381E+05
  5.358990273155492E-01  -1.781562299314216E+00  -1.607975499830074E-01   0.000000000000000E+00 4 RotatedCurve10 
 -1.457310187786272E+00  -6.617722320899850E-01  -1.612898954294650E-01   1.000000000000000E+05
 -1.444284596532596E+00  -6.692705200719239E-01  -1.928988109956286E-01   1.000000000000000E+05
 -1.431631092656034E+00  -6.709118626183375E-01  -2.248931899059219E-01   1.000000000000000E+05
 -1.419457876874518E+00  -6.669517677740912E-01  -2.572323285269211E-01   1.000000000000000E+05
 -1.407733868811748E+00  -6.577803740869544E-01  -2.897831260477005E-01   1.000000000000000E+05
 -1.396295426747056E+00  -6.438898575158927E-01  -3.223202135671697E-01   1.000000000000000E+05
 -1.384861538065811E+00  -6.258406262813557E-01  -3.545329437122174E-01   1.000000000000000E+05
 -1.373056567970902E+00  -6.042285125763827E-01  -3.860387533397693E-01   1.000000000000000E+05
 -1.360439182987990E+00  -5.796549111968440E-01  -4.164019818604640E-01   1.000000000000000E+05
 -1.346535677736068E+00  -5.527014352027690E-01  -4.451568639753736E-01   1.000000000000000E+05
 -1.330875653135245E+00  -5.239101909817967E-01  -4.718331423118233E-01   1.000000000000000E+05
 -1.313027839762175E+00  -4.937702580482015E-01  -4.959825803700029E-01   1.000000000000000E+05
 -1.292633841611021E+00  -4.627104333540486E-01  -5.172046095811809E-01   1.000000000000000E+05
 -1.269437694662477E+00  -4.310978058337491E-01  -5.351694181569308E-01   1.000000000000000E+05
 -1.243309384289158E+00  -3.992413006879630E-01  -5.496369775167399E-01   1.000000000000000E+05
 -1.214260830254329E+00  -3.673990045869608E-01  -5.604707903645759E-01   1.000000000000000E+05
 -1.182453305230614E+00  -3.357878741956574E-01  -5.676455121226448E-01   1.000000000000000E+05
 -1.148195773880491E+00  -3.045943530085625E-01  -5.712480183237495E-01   1.000000000000000E+05
 -1.111934192099067E+00  -2.739844767040099E-01  -5.714719351798867E-01   1.000000000000000E+05
 -1.074232355597333E+00  -2.441122259001358E-01  -5.686060879890689E-01   1.000000000000000E+05
 -1.035745399458008E+00  -2.151251685520880E-01  -5.630177222100486E-01   1.000000000000000E+05
 -9.971874939451182E-01  -1.871667954954226E-01  -5.551316876956720E-01   1.000000000000000E+05
 -9.592956294861681E-01  -1.603753591965123E-01  -5.454070252465130E-01   1.000000000000000E+05
 -9.227916143556187E-01  -1.348794417444709E-01  -5.343125401203151E-01   1.000000000000000E+05
 -8.883445086498872E-01  -1.107908672017098E-01  -5.223029805623550E-01   1.000000000000000E+05
 -8.565356824464833E-01  -8.819590171476645E-02  -5.097973598826201E-01   1.000000000000000E+05
 -8.278285179527800E-01  -6.714592341617878E-02  -4.971607751018986E-01   1.000000000000000E+05
 -8.025444866363873E-01  -4.764887157508819E-02  -4.846907981043697E-01   1.000000000000000E+05
 -7.808469419238661E-01  -2.966278814849182E-02  -4.726091672696651E-01   1.000000000000000E+05
 -7.627335013651168E-01  -1.309264235618263E-02  -4.610591142290542E-01   1.000000000000000E+05
 -7.480373789804440E-01   2.208612036417947E-03  -4.501082501995369E-01   1.000000000000000E+05
 -7.364375011543938E-01   1.643413879358084E-02  -4.397565387497779E-01   1.000000000000000E+05
 -7.274767306551266E-01   2.981228915193909E-02  -4.299485251592534E-01   1.000000000000000E+05
 -7.205870641966744E-01   4.259090655957973E-02  -4.205887019255881E-01   1.000000000000000E+05
 -7.151202868269217E-01   5.501759666475928E-02  -4.115586857259081E-01   1.000000000000000E+05
 -7.103822833615882E-01   6.731712339007787E-02  -4.027347771930212E-01   1.000000000000000E+05
 -7.056690384502278E-01   7.966745247228886E-02  -3.940044778850731E-01   1.000000000000000E+05
 -7.003023104493549E-01   9.217622225250685E-02  -3.852806477341520E-01   1.000000000000000E+05
 -6.936630399604532E-01   1.048595524206914E-01  -3.765121923536937E-01   1.000000000000000E+05
 -6.852207437759295E-01   1.176250885444862E-01  -3.676904571837653E-01   1.000000000000000E+05
 -6.745574340837067E-01   1.302610177227608E-01  -3.588508530340905E-01   1.000000000000000E+05
 -6.613849701696449E-01   1.424324839557647E-01  -3.500696193371527E-01   1.000000000000000E+05
 -6.455551701253313E-01   1.536863972384336E-01  -3.414560191085143E-01   1.000000000000000E+05
 -6.270624551255307E-01   1.634650945173831E-01  -3.331406245879253E-01   1.000000000000000E+05
 -6.060392398156141E-01   1.711287085072456E-01  -3.252606678171968E-01   1.000000000000000E+05
 -5.827446915233154E-01   1.759854730479872E-01  -3.179436726067429E-01   1.000000000000000E+05
 -5.575478336154100E-01   1.773285855919926E-01  -3.112907353365762E-01   1.000000000000000E+05
 -5.309062441172803E-01   1.744777030865249E-01  -3.053608702995911E-01   1.000000000000000E+05
 -5.033417852141474E-01   1.668227084719223E-01  -3.001577767231808E-01   1.000000000000000E+05
 -4.754148845322939E-01   1.538670866687791E-01  -2.956202228395114E-01   1.000000000000000E+05
 -4.476988741392296E-01   1.352681179322177E-01  -2.916169885607726E-01   1.000000000000000E+05
 -4.207557837549928E-01   1.108711485828106E-01  -2.879469803336049E-01   1.000000000000000E+05
 -3.951147926533339E-01   8.073543788769089E-02  -2.843447529587008E-01   1.000000000000000E+05
 -3.712542872289170E-01   4.514949594297493E-02  -2.804912707643947E-01   1.000000000000000E+05
 -3.495881691026717E-01   4.634398985168089E-03  -2.760293436234862E-01   1.000000000000000E+05
 -3.304567350504939E-01  -4.006573746952762E-02  -2.705828108474744E-01   1.000000000000000E+05
 -3.141221286215176E-01  -8.800617327452326E-02  -2.637782447018047E-01   1.000000000000000E+05
 -3.007680665504583E-01  -1.380760866756305E-01  -2.552677277335258E-01   1.000000000000000E+05
 -2.905032907210429E-01  -1.890437025688452E-01  -2.447511410811401E-01   1.000000000000000E+05
 -2.833680041916648E-01  -2.396097526975194E-01  -2.319963942207823E-01   1.000000000000000E+05
 -2.793424282549589E-01  -2.884664265212475E-01  -2.168561322051883E-01   1.000000000000000E+05
 -2.783565715710984E-01  -3.343585473267280E-01  -1.992796684180656E-01   1.000000000000000E+05
 -2.803003310960980E-01  -3.761434794944620E-01  -1.793191956334045E-01   1.000000000000000E+05
 -2.850331411772994E-01  -4.128462591402770E-01  -1.571297054604030E-01   1.000000000000000E+05
 -2.923925401719867E-01  -4.437066473137338E-01  -1.329624704527466E-01   1.000000000000000E+05
 -3.022012176482993E-01  -4.682152238775975E-01  -1.071523850648967E-01   1.000000000000000E+05
 -3.142723213541728E-01  -4.861362484003091E-01  -8.009989048259111E-02   1.000000000000000E+05
 -3.284130221851581E-01  -4.975157764048266E-01  -5.224859395317109E-02   1.000000000000000E+05
 -3.444265381752555E-01  -5.026743890762464E-01  -2.406000810212496E-02   1.000000000000000E+05
 -3.621129877367567E-01  -5.021848182752550E-01   4.012943008183608E-03   1.000000000000000E+05
 -3.812695638161204E-01  -4.968356684014206E-01   3.155189322629284E-02   1.000000000000000E+05
 -4.016905843970606E-01  -4.875832937515240E-01   5.819672939875983E-02   1.000000000000000E+05
 -4.231679759546259E-01  -4.754946292907743E-01   8.366539092550945E-02   1.000000000000000E+05
 -4.454926854895883E-01  -4.616843459292304E-01   1.077683937470129E-01   1.000000000000000E+05
 -4.684573993978287E-01  -4.472500703868766E-01   1.304170375640256E-01   1.000000000000000E+05
 -4.918607842361295E-01  -4.332095492144794E-01   1.516246694204345E-01   1.000000000000000E+05
 -5.155132700085786E-01  -4.204435357066403E-01   1.715008390906021E-01   1.000000000000000E+05
 -5.392441883309055E-01  -4.096478418222139E-01   1.902386609443346E-01   1.000000000000000E+05
 -5.629098746088391E-01  -4.012974444817868E-01   2.080961606165946E-01   1.000000000000000E+05
 -5.864021640265440E-01  -3.956248003678452E-01   2.253728011695288E-01   1.000000000000000E+05
 -6.096565729676066E-01  -3.926136510912011E-01   2.423827237492037E-01   1.000000000000000E+05
 -6.326593748120537E-01  -3.920086457529227E-01   2.594264782092625E-01   1.000000000000000E+05
 -6.554527620433647E-01  -3.933401304476211E-01   2.767631426124113E-01   1.000000000000000E+05
 -6.781373403866625E-01  -3.959625156660131E-01   2.945847275705064E-01   1.000000000000000E+05
 -7.008713248409756E-01  -3.991037920563284E-01   3.129946312012927E-01   1.000000000000000E+05
 -7.238659958466001E-01  -4.019230756141578E-01   3.319916608408978E-01   1.000000000000000E+05
 -7.473772149713794E-01  -4.035725685061137E-01   3.514607844694939E-01   1.000000000000000E+05
 -7.716930773149975E-01  -4.032600524090074E-01   3.711713410934871E-01   1.000000000000000E+05
 -7.971180727007925E-01  -4.003080040837845E-01   3.907829536589500E-01   1.000000000000000E+05
 -8.239544178902659E-01  -3.942056390773666E-01   4.098588826785026E-01   1.000000000000000E+05
 -8.524814851866120E-01  -3.846506346425020E-01   4.278860673506200E-01   1.000000000000000E+05
 -8.829344676412672E-01  -3.715779283504986E-01   4.443006564533873E-01   1.000000000000000E+05
 -9.154835690830688E-01  -3.551737929971894E-01   4.585174635935862E-01   1.000000000000000E+05
 -9.502150739360822E-01  -3.358742999347444E-01   4.699615153171167E-01   1.000000000000000E+05
 -9.871156281875036E-01  -3.143482440380382E-01   4.780997142164065E-01   1.000000000000000E+05
 -1.026060945972153E+00  -2.914655535090062E-01   4.824706225930074E-01   1.000000000000000E+05
 -1.066809949672145E+00  -2.682530871739053E-01   4.827104868492011E-01   1.000000000000000E+05
 -1.109005065307153E+00  -2.458404763630886E-01   4.785738611940338E-01   1.000000000000000E+05
 -1.152179045410378E+00  -2.253992518680022E-01   4.699475357493245E-01   1.000000000000000E+05
 -1.195768299668897E+00  -2.080788741869619E-01   4.568569057636439E-01   1.000000000000000E+05
 -1.239132304165013E+00  -1.949434361220509E-01   4.394644067063557E-01   1.000000000000000E+05
 -1.281578259963391E+00  -1.869127243032677E-01   4.180601520568897E-01   1.000000000000000E+05
 -1.322389808182385E+00  -1.847110188795248E-01   3.930454125711952E-01   1.000000000000000E+05
 -1.360858307098197E+00  -1.888265011413728E-01   3.649100343468004E-01   1.000000000000000E+05
 -1.396314959389288E+00  -1.994834625072689E-01   3.342052777219185E-01   1.000000000000000E+05
 -1.428161961470511E+00  -2.166287104970938E-01   3.015138445341385E-01   1.000000000000000E+05
 -1.455900842840213E+00  -2.399327004215526E-01   2.674190288377690E-01   1.000000000000000E+05
 -1.479156275146046E+00  -2.688050414067323E-01   2.324749650988601E-01   1.000000000000000E+05
 -1.497693854358226E+00  -3.024231877048346E-01   1.971798560799767E-01   1.000000000000000E+05
 -1.511430683622242E+00  -3.397723828180649E-01   1.619538468036368E-01   1.000000000000000E+05
 -1.520437990756788E+00  -3.796943194088256E-01   1.271228861619025E-01   1.000000000000000E+05
 -1.524935478865170E+00  -4.209415469378419E-01   9.290950620688562E-02   1.000000000000000E+05
 -1.525277602713581E+00  -4.622344240537466E-01   5.943097893909344E-02   1.000000000000000E+05
 -1.521932456448775E+00  -5.023173832359871E-01   2.670481335832607E-02   1.000000000000000E+05
 -1.515454418409311E+00  -5.400114467081009E-01  -5.338934838782742E-03   1.000000000000000E+05
 -1.506452096298296E+00  -5.742602877754417E-01  -3.683951935254143E-02   1.000000000000000E+05
 -1.495553424434657E+00  -6.041676414862659E-01  -6.798288482421971E-02   1.000000000000000E+05
 -1.483369963105320E+00  -6.290244944662906E-01  -9.897621993368953E-02   1.000000000000000E+05
 -1.470462523896874E+00  -6.483251809526237E-01  -1.300215011987651E-01   1.000000000000000E+05
 -1.457310187786272E+00  -6.617722320899850E-01  -1.612898954294648E-01   1.000000000000000E+05
 -1.457310187786272E+00  -6.617722320899850E-01  -1.612898954294650E-01   0.000000000000000E+00 5 RotatedCurve11 
 -5.358990273155494E-01  -1.781562299314216E+00   1.607975499830074E-01   2.053593917112381E+05
 -5.343549942797635E-01  -1.781795203848684E+00   1.577866299185924E-01   2.053593917112381E+05
 -5.325263531834741E-01  -1.782108183898214E+00   1.542071143052501E-01   2.053593917112381E+05
 -5.300247669475751E-01  -1.782437639526031E+00   1.491838534950067E-01   2.053593917112381E+05
 -5.265629558016184E-01  -1.782624425652747E+00   1.419450725808240E-01   2.053593917112381E+05
 -5.219691282066172E-01  -1.782436604058593E+00   1.318632822267094E-01   2.053593917112381E+05
 -5.161929670660175E-01  -1.781595958406343E+00   1.184862853897468E-01   2.053593917112381E+05
 -5.093028565636114E-01  -1.779806188428286E+00   1.015565955608553E-01   2.053593917112381E+05
 -5.014746146615531E-01  -1.776780641284683E+00   8.101835933469113E-02   2.053593917112381E+05
 -4.929725594813090E-01  -1.772267531641833E+00   5.701170205327186E-02   2.053593917112381E+05
 -4.841242473031933E-01  -1.766070838879916E+00   2.985523448888128E-02   2.053593917112381E+05
 -4.752906420202381E-01  -1.758065431776134E+00   1.821646303619591E-05   2.053593917112381E+05
 -4.668337825252920E-01  -1.748205431195295E+00  -3.191548006326775E-02   2.053593917112381E+05
 -4.590841852239080E-01  -1.736525346269678E+00  -6.528897261869762E-02   2.053593917112381E+05
 -4.523102421266542E-01  -1.723134071470834E+00  -9.941659018968496E-02   2.053593917112381E+05
 -4.466917489906382E-01  -1.708202371423684E+00  -1.336276658291659E-01   2.053593917112381E+05
 -4.422994308220407E-01  -1.691944968949542E+00  -1.673069527323398E-01   2.053593917112381E+05
 -4.390819411263714E-01  -1.674598755087727E+00  -1.999290173890833E-01   2.053593917112381E+05
 -4.368613221937508E-01  -1.656398929351015E+00  -2.310844394646894E-01   2.053593917112381E+05
 -4.353373585137363E-01  -1.637555033974188E+00  -2.604962646174123E-01   2.053593917112381E+05
 -4.341006705669215E-01  -1.618228856705222E+00  -2.880258695112122E-01   2.053593917112381E+05
 -4.326538201157120E-01  -1.598516042307402E+00  -3.136681576144278E-01   2.053593917112381E+05
 -4.304391684824329E-01  -1.578432983192270E+00  -3.375367570852879E-01   2.053593917112381E+05
 -4.268717808159204E-01  -1.557910173844808E+00  -3.598405861944576E-01   2.053593917112381E+05
 -4.213753312624616E-01  -1.536792739469948E+00  -3.808537399210496E-01   2.053593917112381E+05
 -4.134187582003457E-01  -1.514848320357062E+00  -4.008810939529458E-01   2.053593917112381E+05
 -4.025513584373168E-01  -1.491781947462893E+00  -4.202222901498949E-01   2.053593917112381E+05
 -3.884340980727505E-01  -1.467257020512262E+00  -4.391368438095226E-01   2.053593917112381E+05
 -3.708651493557085E-01  -1.440921034867984E+00  -4.578129945015051E-01   2.053593917112381E+05
 -3.497980217438999E-01  -1.412434330768619E+00  -4.763426190949291E-01   2.053593917112381E+05
 -3.253511176349881E-01  -1.381499885074648E+00  -4.947040609806447E-01   2.053593917112381E+05
 -2.978080784024053E-01  -1.347892049882191E+00  -5.127541375633002E-01   2.053593917112381E+05
 -2.676088593372664E-01  -1.311482173128612E+00  -5.302299116865798E-01   2.053593917112381E+05
 -2.353320455566251E-01  -1.272259212260827E+00  -5.467601001764983E-01   2.053593917112381E+05
 -2.016694578212488E-01  -1.230343761653939E+00  -5.618852947375602E-01   2.053593917112381E+05
 -1.673945631579490E-01  -1.185994336895088E+00  -5.750855362389752E-01   2.053593917112381E+05
 -1.333265708129310E-01  -1.139605265524018E+00  -5.858132573971496E-01   2.053593917112381E+05
 -1.002923368574279E-01  -1.091696089682094E+00  -5.935292275156894E-01   2.053593917112381E+05
 -6.908830651334059E-02  -1.042892953203326E+00  -5.977389223917889E-01   2.053593917112381E+05
 -4.044468691974823E-02  -9.939029849754935E-01  -5.980267166539164E-01   2.053593917112381E+05
 -1.499386898202731E-02  -9.454831647602623E-01  -5.940854554686892E-01   2.053593917112381E+05
  6.755181494604673E-03  -8.984055343819475E-01  -5.857392954523619E-01   2.053593917112381E+05
  2.443524460202175E-02  -8.534208702786347E-01  -5.729581862760628E-01   2.053593917112381E+05
  3.783103679678363E-02  -8.112230453711644E-01  -5.558629599957631E-01   2.053593917112381E+05
  4.688094800953364E-02  -7.724162712809688E-01  -5.347206618002933E-01   2.053593917112381E+05
  5.167052960158129E-02  -7.374872286079202E-01  -5.099304460331389E-01   2.053593917112381E+05
  5.241843797504422E-02  -7.067837758323211E-01  -4.820010259112333E-01   2.053593917112381E+05
  4.945598037330898E-02  -6.805014981972898E-01  -4.515212572384242E-01   2.053593917112381E+05
  4.320176457206937E-02  -6.586788461077948E-01  -4.191259138128638E-01   2.053593917112381E+05
  3.413320140842669E-02  -6.412010532321428E-01  -3.854590416321259E-01   2.053593917112381E+05
  2.275673477326071E-02  -6.278124558875380E-01  -3.511374374878195E-01   2.053593917112381E+05
  9.578672647774747E-03  -6.181362962469253E-01  -3.167167743933424E-01   2.053593917112381E+05
 -4.921631442840755E-03  -6.117006190776961E-01  -2.826626937162777E-01   2.053593917112381E+05
 -2.031473268061025E-02  -6.079684970769036E-01  -2.493288168520476E-01   2.053593917112381E+05
 -3.623899858146976E-02  -6.063705684602879E-01  -2.169431244052130E-01   2.053593917112381E+05
 -5.241267013898312E-02  -6.063377587200164E-01  -1.856035445274487E-01   2.053593917112381E+05
 -6.863972083829936E-02  -6.073320930599727E-01  -1.552829278518972E-01   2.053593917112381E+05
 -8.480959272007961E-02  -6.088736834220961E-01  -1.258429119862129E-01   2.053593917112381E+05
 -1.008913032577838E-01  -6.105622807795251E-01  -9.705554208914118E-02   2.053593917112381E+05
 -1.169227787275443E-01  -6.120921970734653E-01  -6.863096121804599E-02   2.053593917112381E+05
 -1.329965549701209E-01  -6.132598920136006E-01  -4.024905447187040E-02   2.053593917112381E+05
 -1.492431769670895E-01  -6.139640528719218E-01  -1.159265523972379E-02   2.053593917112381E+05
 -1.658137136831176E-01  -6.141985324933271E-01   1.762018012012147E-02   2.053593917112381E+05
 -1.828627812284544E-01  -6.140390139935359E-01   4.760724373279303E-02   2.053593917112381E+05
 -2.005333405828591E-01  -6.136247045115787E-01   7.849875372137445E-02   2.053593917112381E+05
 -2.189443183695343E-01  -6.131366944455930E-01   1.103211857177113E-01   2.053593917112381E+05
 -2.381818093998841E-01  -6.127748295024189E-01   1.429895664021095E-01   2.053593917112381E+05
 -2.582942818332913E-01  -6.127350161083902E-01   1.763088079914925E-01   2.053593917112381E+05
 -2.792918468851491E-01  -6.131888115563632E-01   2.099839894704866E-01   2.053593917112381E+05
 -3.011493032871160E-01  -6.142669441511700E-01   2.436388217308560E-01   2.053593917112381E+05
 -3.238123494206974E-01  -6.160480807836148E-01   2.768409180286423E-01   2.053593917112381E+05
 -3.472060975127866E-01  -6.185537337377600E-01   3.091319730892825E-01   2.053593917112381E+05
 -3.712448440632079E-01  -6.217497060671481E-01   3.400605718198348E-01   2.053593917112381E+05
 -3.958419621677216E-01  -6.255539513582893E-01   3.692151304482996E-01   2.053593917112381E+05
 -4.209187908718998E-01  -6.298502072532121E-01   3.962544359478087E-01   2.053593917112381E+05
 -4.464115028358389E-01  -6.345062904780249E-01   4.209333979200694E-01   2.053593917112381E+05
 -4.722751256451658E-01  -6.393955490313444E-01   4.431219516040464E-01   2.053593917112381E+05
 -4.984841585172139E-01  -6.444196838276820E-01   4.628155295995480E-01   2.053593917112381E+05
 -5.250295437419266E-01  -6.495309990734138E-01   4.801361203294581E-01   2.053593917112381E+05
 -5.519120957355965E-01  -6.547521304260110E-01   4.953236113634756E-01   2.053593917112381E+05
 -5.791328326739560E-01  -6.601914349164814E-01   5.087178276165036E-01   2.053593917112381E+05
 -6.066809687875314E-01  -6.660524987591525E-01   5.207323675490501E-01   2.053593917112381E+05
 -6.345205839637658E-01  -6.726366107818287E-01   5.318219651184621E-01   2.053593917112381E+05
 -6.625771695934562E-01  -6.803375339087591E-01   5.424456159977666E-01   2.053593917112381E+05
 -6.907253394368098E-01  -6.896284517146953E-01   5.530280657103891E-01   2.053593917112381E+05
 -7.187789822716000E-01  -7.010415337848418E-01   5.639224373311685E-01   2.053593917112381E+05
 -7.464850173949749E-01  -7.151411127623417E-01   5.753767620840485E-01   2.053593917112381E+05
 -7.735217006529530E-01  -7.324919586523582E-01   5.875069657971217E-01   2.053593917112381E+05
 -7.995021310018151E-01  -7.536245368134645E-01   6.002784697280826E-01   2.053593917112381E+05
 -8.239832456786808E-01  -7.789994157421112E-01   6.134980107010404E-01   2.053593917112381E+05
 -8.464801911015903E-01  -8.089731279677022E-01   6.268166091089792E-01   2.053593917112381E+05
 -8.664855453094523E-01  -8.437677704611286E-01   6.397438593777667E-01   2.053593917112381E+05
 -8.834924761851228E-01  -8.834464587421181E-01   6.516729370738534E-01   2.053593917112381E+05
 -8.970205772368930E-01  -9.278964308144831E-01   6.619149634729788E-01   2.053593917112381E+05
 -9.066428558293035E-01  -9.768211526889568E-01   6.697406943098911E-01   2.053593917112381E+05
 -9.120121791123865E-01  -1.029742234884925E+00   6.744269519237834E-01   2.053593917112381E+05
 -9.128854256971976E-01  -1.086011364154330E+00   6.753048382371336E-01   2.053593917112381E+05
 -9.091436539050194E-01  -1.144831826503552E+00   6.718065781539613E-01   2.053593917112381E+05
 -9.008067793901675E-01  -1.205288588018223E+00   6.635078642790035E-01   2.053593917112381E+05
 -8.880415468962938E-01  -1.266385349671160E+00   6.501628054895510E-01   2.053593917112381E+05
 -8.711619657321672E-01  -1.327086538133163E+00   6.317290107105381E-01   2.053593917112381E+05
 -8.506218322735949E-01  -1.386361867276870E+00   6.083809386469815E-01   2.053593917112381E+05
 -8.269994561512418E-01  -1.443230926881391E+00   5.805103758557916E-01   2.053593917112381E+05
 -8.009752071669907E-01  -1.496805238439409E+00   5.487137218069132E-01   2.053593917112381E+05
 -7.733029736589832E-01  -1.546325364616107E+00   5.137666068560628E-01   2.053593917112381E+05
 -7.447770374553897E-01  -1.591190959600544E+00   4.765871912402108E-01   2.053593917112381E+05
 -7.161961966118428E-01  -1.630982082832654E+00   4.381902355524342E-01   2.053593917112381E+05
 -6.883271812069759E-01  -1.665470639913083E+00   3.996346459275810E-01   2.053593917112381E+05
 -6.618694931579888E-01  -1.694621426377553E+00   3.619676390545052E-01   2.053593917112381E+05
 -6.374237503131712E-01  -1.718582892245554E+00   3.261689130282422E-01   2.053593917112381E+05
 -6.154654290539053E-01  -1.737668375685733E+00   2.930982331558060E-01   2.053593917112381E+05
 -5.963255884849049E-01  -1.752329131519273E+00   2.634496447752855E-01   2.053593917112381E+05
 -5.801797417355730E-01  -1.763120967021997E+00   2.377151202278841E-01   2.053593917112381E+05
 -5.670455420331089E-01  -1.770666662199698E+00   2.161598604713447E-01   2.053593917112381E+05
 -5.567894048218075E-01  -1.775616571315600E+00   1.988107416866395E-01   2.053593917112381E+05
 -5.491416276772407E-01  -1.778609863694834E+00   1.854585714088062E-01   2.053593917112381E+05
 -5.437190337368016E-01  -1.780238762166003E+00   1.756739513605929E-01   2.053593917112381E+05
 -5.400536872784001E-01  -1.781017885196625E+00   1.688356921579248E-01   2.053593917112381E+05
 -5.376258437742844E-01  -1.781360412327542E+00   1.641699441682624E-01   2.053593917112381E+05
 -5.358990273155494E-01  -1.781562299314216E+00   1.607975499830074E-01   2.053593917112381E+05
 -5.358990273155494E-01  -1.781562299314216E+00   1.607975499830074E-01   0.000000000000000E+00 6 RotatedCurve12 
 -1.457310187786272E+00   6.617722320899850E-01   1.612898954294650E-01  -1.000000000000000E+05
 -1.444284596532596E+00   6.692705200719239E-01   1.928988109956286E-01  -1.000000000000000E+05
 -1.431631092656034E+00   6.709118626183375E-01   2.248931899059219E-01  -1.000000000000000E+05
 -1.419457876874518E+00   6.669517677740912E-01   2.572323285269211E-01  -1.000000000000000E+05
 -1.407733868811748E+00   6.577803740869544E-01   2.897831260477005E-01  -1.000000000000000E+05
 -1.396295426747056E+00   6.438898575158927E-01   3.223202135671697E-01  -1.000000000000000E+05
 -1.384861538065811E+00   6.258406262813557E-01   3.545329437122174E-01  -1.000000000000000E+05
 -1.373056567970902E+00   6.042285125763827E-01   3.860387533397693E-01  -1.000000000000000E+05
 -1.360439182987990E+00   5.796549111968440E-01   4.164019818604640E-01  -1.000000000000000E+05
 -1.346535677736068E+00   5.527014352027690E-01   4.451568639753736E-01  -1.000000000000000E+05
 -1.330875653135245E+00   5.239101909817967E-01   4.718331423118233E-01  -1.000000000000000E+05
 -1.313027839762175E+00   4.937702580482015E-01   4.959825803700029E-01  -1.000000000000000E+05
 -1.292633841611021E+00   4.627104333540486E-01   5.172046095811809E-01  -1.000000000000000E+05
 -1.269437694662477E+00   4.310978058337491E-01   5.351694181569308E-01  -1.000000000000000E+05
 -1.243309384289158E+00   3.992413006879630E-01   5.496369775167399E-01  -1.000000000000000E+05
 -1.214260830254329E+00   3.673990045869608E-01   5.604707903645759E-01  -1.000000000000000E+05
 -1.182453305230614E+00   3.357878741956574E-01   5.676455121226448E-01  -1.000000000000000E+05
 -1.148195773880491E+00   3.045943530085625E-01   5.712480183237495E-01  -1.000000000000000E+05
 -1.111934192099067E+00   2.739844767040099E-01   5.714719351798867E-01  -1.000000000000000E+05
 -1.074232355597333E+00   2.441122259001358E-01   5.686060879890689E-01  -1.000000000000000E+05
 -1.035745399458008E+00   2.151251685520880E-01   5.630177222100486E-01  -1.000000000000000E+05
 -9.971874939451182E-01   1.871667954954226E-01   5.551316876956720E-01  -1.000000000000000E+05
 -9.592956294861681E-01   1.603753591965123E-01   5.454070252465130E-01  -1.000000000000000E+05
 -9.227916143556187E-01   1.348794417444709E-01   5.343125401203151E-01  -1.000000000000000E+05
 -8.883445086498872E-01   1.107908672017098E-01   5.223029805623550E-01  -1.000000000000000E+05
 -8.565356824464833E-01   8.819590171476645E-02   5.097973598826201E-01  -1.000000000000000E+05
 -8.278285179527800E-01   6.714592341617878E-02   4.971607751018986E-01  -1.000000000000000E+05
 -8.025444866363873E-01   4.764887157508819E-02   4.846907981043697E-01  -1.000000000000000E+05
 -7.808469419238661E-01   2.966278814849182E-02   4.726091672696651E-01  -1.000000000000000E+05
 -7.627335013651168E-01   1.309264235618263E-02   4.610591142290542E-01  -1.000000000000000E+05
 -7.480373789804440E-01  -2.208612036417947E-03   4.501082501995369E-01  -1.000000000000000E+05
 -7.364375011543938E-01  -1.643413879358084E-02   4.397565387497779E-01  -1.000000000000000E+05
 -7.274767306551266E-01  -2.981228915193909E-02   4.299485251592534E-01  -1.000000000000000E+05
 -7.205870641966744E-01  -4.259090655957973E-02   4.205887019255881E-01  -1.000000000000000E+05
 -7.151202868269217E-01  -5.501759666475928E-02   4.115586857259081E-01  -1.000000000000000E+05
 -7.103822833615882E-01  -6.731712339007787E-02   4.027347771930212E-01  -1.000000000000000E+05
 -7.056690384502278E-01  -7.966745247228886E-02   3.940044778850731E-01  -1.000000000000000E+05
 -7.003023104493549E-01  -9.217622225250685E-02   3.852806477341520E-01  -1.000000000000000E+05
 -6.936630399604532E-01  -1.048595524206914E-01   3.765121923536937E-01  -1.000000000000000E+05
 -6.852207437759295E-01  -1.176250885444862E-01   3.676904571837653E-01  -1.000000000000000E+05
 -6.745574340837067E-01  -1.302610177227608E-01   3.588508530340905E-01  -1.000000000000000E+05
 -6.613849701696449E-01  -1.424324839557647E-01   3.500696193371527E-01  -1.000000000000000E+05
 -6.455551701253313E-01  -1.536863972384336E-01   3.414560191085143E-01  -1.000000000000000E+05
 -6.270624551255307E-01  -1.634650945173831E-01   3.331406245879253E-01  -1.000000000000000E+05
 -6.060392398156141E-01  -1.711287085072456E-01   3.252606678171968E-01  -1.000000000000000E+05
 -5.827446915233154E-01  -1.759854730479872E-01   3.179436726067429E-01  -1.000000000000000E+05
 -5.575478336154100E-01  -1.773285855919926E-01   3.112907353365762E-01  -1.000000000000000E+05
 -5.309062441172803E-01  -1.744777030865249E-01   3.053608702995911E-01  -1.000000000000000E+05
 -5.033417852141474E-01  -1.668227084719223E-01   3.001577767231808E-01  -1.000000000000000E+05
 -4.754148845322939E-01  -1.538670866687791E-01   2.956202228395114E-01  -1.000000000000000E+05
 -4.476988741392296E-01  -1.352681179322177E-01   2.916169885607726E-01  -1.000000000000000E+05
 -4.207557837549928E-01  -1.108711485828106E-01   2.879469803336049E-01  -1.000000000000000E+05
 -3.951147926533339E-01  -8.073543788769089E-02   2.843447529587008E-01  -1.000000000000000E+05
 -3.712542872289170E-01  -4.514949594297493E-02   2.804912707643947E-01  -1.000000000000000E+05
 -3.495881691026717E-01  -4.634398985168089E-03   2.760293436234862E-01  -1.000000000000000E+05
 -3.304567350504939E-01   4.006573746952762E-02   2.705828108474744E-01  -1.000000000000000E+05
 -3.141221286215176E-01   8.800617327452326E-02   2.637782447018047E-01  -1.000000000000000E+05
 -3.007680665504583E-01   1.380760866756305E-01   2.552677277335258E-01  -1.000000000000000E+05
 -2.905032907210429E-01   1.890437025688452E-01   2.447511410811401E-01  -1.000000000000000E+05
 -2.833680041916648E-01   2.396097526975194E-01   2.319963942207823E-01  -1.000000000000000E+05
 -2.793424282549589E-01   2.884664265212475E-01   2.168561322051883E-01  -1.000000000000000E+05
 -2.783565715710984E-01   3.343585473267280E-01   1.992796684180656E-01  -1.000000000000000E+05
 -2.803003310960980E-01   3.761434794944620E-01   1.793191956334045E-01  -1.000000000000000E+05
 -2.850331411772994E-01   4.128462591402770E-01   1.571297054604030E-01  -1.000000000000000E+05
 -2.923925401719867E-01   4.437066473137338E-01   1.329624704527466E-01  -1.000000000000000E+05
 -3.022012176482993E-01   4.682152238775975E-01   1.071523850648967E-01  -1.000000000000000E+05
 -3.142723213541728E-01   4.861362484003091E-01   8.009989048259111E-02  -1.000000000000000E+05
 -3.284130221851581E-01   4.975157764048266E-01   5.224859395317109E-02  -1.000000000000000E+05
 -3.444265381752555E-01   5.026743890762464E-01   2.406000810212496E-02  -1.000000000000000E+05
 -3.621129877367567E-01   5.021848182752550E-01  -4.012943008183608E-03  -1.000000000000000E+05
 -3.812695638161204E-01   4.968356684014206E-01  -3.155189322629284E-02  -1.000000000000000E+05
 -4.016905843970606E-01   4.875832937515240E-01  -5.819672939875983E-02  -1.000000000000000E+05
 -4.231679759546259E-01   4.754946292907743E-01  -8.366539092550945E-02  -1.000000000000000E+05
 -4.454926854895883E-01   4.616843459292304E-01  -1.077683937470129E-01  -1.000000000000000E+05
 -4.684573993978287E-01   4.472500703868766E-01  -1.304170375640256E-01  -1.000000000000000E+05
 -4.918607842361295E-01   4.332095492144794E-01  -1.516246694204345E-01  -1.000000000000000E+05
 -5.155132700085786E-01   4.204435357066403E-01  -1.715008390906021E-01  -1.000000000000000E+05
 -5.392441883309055E-01   4.096478418222139E-01  -1.902386609443346E-01  -1.000000000000000E+05
 -5.629098746088391E-01   4.012974444817868E-01  -2.080961606165946E-01  -1.000000000000000E+05
 -5.864021640265440E-01   3.956248003678452E-01  -2.253728011695288E-01  -1.000000000000000E+05
 -6.096565729676066E-01   3.926136510912011E-01  -2.423827237492037E-01  -1.000000000000000E+05
 -6.326593748120537E-01   3.920086457529227E-01  -2.594264782092625E-01  -1.000000000000000E+05
 -6.554527620433647E-01   3.933401304476211E-01  -2.767631426124113E-01  -1.000000000000000E+05
 -6.781373403866625E-01   3.959625156660131E-01  -2.945847275705064E-01  -1.000000000000000E+05
 -7.008713248409756E-01   3.991037920563284E-01  -3.129946312012927E-01  -1.000000000000000E+05
 -7.238659958466001E-01   4.019230756141578E-01  -3.319916608408978E-01  -1.000000000000000E+05
 -7.473772149713794E-01   4.035725685061137E-01  -3.514607844694939E-01  -1.000000000000000E+05
 -7.716930773149975E-01   4.032600524090074E-01  -3.711713410934871E-01  -1.000000000000000E+05
 -7.971180727007925E-01   4.003080040837845E-01  -3.907829536589500E-01  -1.000000000000000E+05
 -8.239544178902659E-01   3.942056390773666E-01  -4.098588826785026E-01  -1.000000000000000E+05
 -8.524814851866120E-01   3.846506346425020E-01  -4.278860673506200E-01  -1.000000000000000E+05
 -8.829344676412672E-01   3.715779283504986E-01  -4.443006564533873E-01  -1.000000000000000E+05
 -9.154835690830688E-01   3.551737929971894E-01  -4.585174635935862E-01  -1.000000000000000E+05
 -9.502150739360822E-01   3.358742999347444E-01  -4.699615153171167E-01  -1.000000000000000E+05
 -9.871156281875036E-01   3.143482440380382E-01  -4.780997142164065E-01  -1.000000000000000E+05
 -1.026060945972153E+00   2.914655535090062E-01  -4.824706225930074E-01  -1.000000000000000E+05
 -1.066809949672145E+00   2.682530871739053E-01  -4.827104868492011E-01  -1.000000000000000E+05
 -1.109005065307153E+00   2.458404763630886E-01  -4.785738611940338E-01  -1.000000000000000E+05
 -1.152179045410378E+00   2.253992518680022E-01  -4.699475357493245E-01  -1.000000000000000E+05
 -1.195768299668897E+00   2.080788741869619E-01  -4.568569057636439E-01  -1.000000000000000E+05
 -1.239132304165013E+00   1.949434361220509E-01  -4.394644067063557E-01  -1.000000000000000E+05
 -1.281578259963391E+00   1.869127243032677E-01  -4.180601520568897E-01  -1.000000000000000E+05
 -1.322389808182385E+00   1.847110188795248E-01  -3.930454125711952E-01  -1.000000000000000E+05
 -1.360858307098197E+00   1.888265011413728E-01  -3.649100343468004E-01  -1.000000000000000E+05
 -1.396314959389288E+00   1.994834625072689E-01  -3.342052777219185E-01  -1.000000000000000E+05
 -1.428161961470511E+00   2.166287104970938E-01  -3.015138445341385E-01  -1.000000000000000E+05
 -1.455900842840213E+00   2.399327004215526E-01  -2.674190288377690E-01  -1.000000000000000E+05
 -1.479156275146046E+00   2.688050414067323E-01  -2.324749650988601E-01  -1.000000000000000E+05
 -1.497693854358226E+00   3.024231877048346E-01  -1.971798560799767E-01  -1.000000000000000E+05
 -1.511430683622242E+00   3.397723828180649E-01  -1.619538468036368E-01  -1.000000000000000E+05
 -1.520437990756788E+00   3.796943194088256E-01  -1.271228861619025E-01  -1.000000000000000E+05
 -1.524935478865170E+00   4.209415469378419E-01  -9.290950620688562E-02  -1.000000000000000E+05
 -1.525277602713581E+00   4.622344240537466E-01  -5.943097893909344E-02  -1.000000000000000E+05
 -1.521932456448775E+00   5.023173832359871E-01  -2.670481335832607E-02  -1.000000000000000E+05
 -1.515454418409311E+00   5.400114467081009E-01   5.338934838782742E-03  -1.000000000000000E+05
 -1.506452096298296E+00   5.742602877754417E-01   3.683951935254143E-02  -1.000000000000000E+05
 -1.495553424434657E+00   6.041676414862659E-01   6.798288482421971E-02  -1.000000000000000E+05
 -1.483369963105320E+00   6.290244944662906E-01   9.897621993368953E-02  -1.000000000000000E+05
 -1.470462523896874E+00   6.483251809526237E-01   1.300215011987651E-01  -1.000000000000000E+05
 -1.457310187786272E+00   6.617722320899850E-01   1.612898954294648E-01  -1.000000000000000E+05
 -1.457310187786272E+00   6.617722320899850E-01   1.612898954294650E-01   0.000000000000000E+00 7 RotatedCurve13 
 -5.358990273155494E-01   1.781562299314216E+00  -1.607975499830074E-01  -2.053593917112381E+05
 -5.343549942797635E-01   1.781795203848684E+00  -1.577866299185924E-01  -2.053593917112381E+05
 -5.325263531834741E-01   1.782108183898214E+00  -1.542071143052501E-01  -2.053593917112381E+05
 -5.300247669475751E-01   1.782437639526031E+00  -1.491838534950067E-01  -2.053593917112381E+05
 -5.265629558016184E-01   1.782624425652747E+00  -1.419450725808240E-01  -2.053593917112381E+05
 -5.219691282066172E-01   1.782436604058593E+00  -1.318632822267094E-01  -2.053593917112381E+05
 -5.161929670660175E-01   1.781595958406343E+00  -1.184862853897468E-01  -2.053593917112381E+05
 -5.093028565636114E-01   1.779806188428286E+00  -1.015565955608553E-01  -2.053593917112381E+05
 -5.014746146615531E-01   1.776780641284683E+00  -8.101835933469113E-02  -2.053593917112381E+05
 -4.929725594813090E-01   1.772267531641833E+00  -5.701170205327186E-02  -2.053593917112381E+05
 -4.841242473031933E-01   1.766070838879916E+00  -2.985523448888128E-02  -2.053593917112381E+05
 -4.752906420202381E-01   1.758065431776134E+00  -1.821646303619591E-05  -2.053593917112381E+05
 -4.668337825252920E-01   1.748205431195295E+00   3.191548006326775E-02  -2.053593917112381E+05
 -4.590841852239080E-01   1.736525346269678E+00   6.528897261869762E-02  -2.053593917112381E+05
 -4.523102421266542E-01   1.723134071470834E+00   9.941659018968496E-02  -2.053593917112381E+05
 -4.466917489906382E-01   1.708202371423684E+00   1.336276658291659E-01  -2.053593917112381E+05
 -4.422994308220407E-01   1.691944968949542E+00   1.673069527323398E-01  -2.053593917112381E+05
 -4.390819411263714E-01   1.674598755087727E+00   1.999290173890833E-01  -2.053593917112381E+05
 -4.368613221937508E-01   1.656398929351015E+00   2.310844394646894E-01  -2.053593917112381E+05
 -4.353373585137363E-01   1.637555033974188E+00   2.604962646174123E-01  -2.053593917112381E+05
 -4.341006705669215E-01   1.618228856705222E+00   2.880258695112122E-01  -2.053593917112381E+05
 -4.326538201157120E-01   1.598516042307402E+00   3.136681576144278E-01  -2.053593917112381E+05
 -4.304391684824329E-01   1.578432983192270E+00   3.375367570852879E-01  -2.053593917112381E+05
 -4.268717808159204E-01   1.557910173844808E+00   3.598405861944576E-01  -2.053593917112381E+05
 -4.213753312624616E-01   1.536792739469948E+00   3.808537399210496E-01  -2.053593917112381E+05
 -4.134187582003457E-01   1.514848320357062E+00   4.008810939529458E-01  -2.053593917112381E+05
 -4.025513584373168E-01   1.491781947462893E+00   4.202222901498949E-01  -2.053593917112381E+05
 -3.884340980727505E-01   1.467257020512262E+00   4.391368438095226E-01  -2.053593917112381E+05
 -3.708651493557085E-01   1.440921034867984E+00   4.578129945015051E-01  -2.053593917112381E+05
 -3.497980217438999E-01   1.412434330768619E+00   4.763426190949291E-01  -2.053593917112381E+05
 -3.253511176349881E-01   1.381499885074648E+00   4.947040609806447E-01  -2.053593917112381E+05
 -2.978080784024053E-01   1.347892049882191E+00   5.127541375633002E-01  -2.053593917112381E+05
 -2.676088593372664E-01   1.311482173128612E+00   5.302299116865798E-01  -2.053593917112381E+05
 -2.353320455566251E-01   1.272259212260827E+00   5.467601001764983E-01  -2.053593917112381E+05
 -2.016694578212488E-01   1.230343761653939E+00   5.618852947375602E-01  -2.053593917112381E+05
 -1.673945631579490E-01   1.185994336895088E+00   5.750855362389752E-01  -2.053593917112381E+05
 -1.333265708129310E-01   1.139605265524018E+00   5.858132573971496E-01  -2.053593917112381E+05
 -1.002923368574279E-01   1.091696089682094E+00   5.935292275156894E-01  -2.053593917112381E+05
 -6.908830651334059E-02   1.042892953203326E+00   5.977389223917889E-01  -2.053593917112381E+05
 -4.044468691974823E-02   9.939029849754935E-01   5.980267166539164E-01  -2.053593917112381E+05
 -1.499386898202731E-02   9.454831647602623E-01   5.940854554686892E-01  -2.053593917112381E+05
  6.755181494604673E-03   8.984055343819475E-01   5.857392954523619E-01  -2.053593917112381E+05
  2.443524460202175E-02   8.534208702786347E-01   5.729581862760628E-01  -2.053593917112381E+05
  3.783103679678363E-02   8.112230453711644E-01   5.558629599957631E-01  -2.053593917112381E+05
  4.688094800953364E-02   7.724162712809688E-01   5.347206618002933E-01  -2.053593917112381E+05
  5.167052960158129E-02   7.374872286079202E-01   5.099304460331389E-01  -2.053593917112381E+05
  5.241843797504422E-02   7.067837758323211E-01   4.820010259112333E-01  -2.053593917112381E+05
  4.945598037330898E-02   6.805014981972898E-01   4.515212572384242E-01  -2.053593917112381E+05
  4.320176457206937E-02   6.586788461077948E-01   4.191259138128638E-01  -2.053593917112381E+05
  3.413320140842669E-02   6.412010532321428E-01   3.854590416321259E-01  -2.053593917112381E+05
  2.275673477326071E-02   6.278124558875380E-01   3.511374374878195E-01  -2.053593917112381E+05
  9.578672647774747E-03   6.181362962469253E-01   3.167167743933424E-01  -2.053593917112381E+05
 -4.921631442840755E-03   6.117006190776961E-01   2.826626937162777E-01  -2.053593917112381E+05
 -2.031473268061025E-02   6.079684970769036E-01   2.493288168520476E-01  -2.053593917112381E+05
 -3.623899858146976E-02   6.063705684602879E-01   2.169431244052130E-01  -2.053593917112381E+05
 -5.241267013898312E-02   6.063377587200164E-01   1.856035445274487E-01  -2.053593917112381E+05
 -6.863972083829936E-02   6.073320930599727E-01   1.552829278518972E-01  -2.053593917112381E+05
 -8.480959272007961E-02   6.088736834220961E-01   1.258429119862129E-01  -2.053593917112381E+05
 -1.008913032577838E-01   6.105622807795251E-01   9.705554208914118E-02  -2.053593917112381E+05
 -1.169227787275443E-01   6.120921970734653E-01   6.863096121804599E-02  -2.053593917112381E+05
 -1.329965549701209E-01   6.132598920136006E-01   4.024905447187040E-02  -2.053593917112381E+05
 -1.492431769670895E-01   6.139640528719218E-01   1.159265523972379E-02  -2.053593917112381E+05
 -1.658137136831176E-01   6.141985324933271E-01  -1.762018012012147E-02  -2.053593917112381E+05
 -1.828627812284544E-01   6.140390139935359E-01  -4.760724373279303E-02  -2.053593917112381E+05
 -2.005333405828591E-01   6.136247045115787E-01  -7.849875372137445E-02  -2.053593917112381E+05
 -2.189443183695343E-01   6.131366944455930E-01  -1.103211857177113E-01  -2.053593917112381E+05
 -2.381818093998841E-01   6.127748295024189E-01  -1.429895664021095E-01  -2.053593917112381E+05
 -2.582942818332913E-01   6.127350161083902E-01  -1.763088079914925E-01  -2.053593917112381E+05
 -2.792918468851491E-01   6.131888115563632E-01  -2.099839894704866E-01  -2.053593917112381E+05
 -3.011493032871160E-01   6.142669441511700E-01  -2.436388217308560E-01  -2.053593917112381E+05
 -3.238123494206974E-01   6.160480807836148E-01  -2.768409180286423E-01  -2.053593917112381E+05
 -3.472060975127866E-01   6.185537337377600E-01  -3.091319730892825E-01  -2.053593917112381E+05
 -3.712448440632079E-01   6.217497060671481E-01  -3.400605718198348E-01  -2.053593917112381E+05
 -3.958419621677216E-01   6.255539513582893E-01  -3.692151304482996E-01  -2.053593917112381E+05
 -4.209187908718998E-01   6.298502072532121E-01  -3.962544359478087E-01  -2.053593917112381E+05
 -4.464115028358389E-01   6.345062904780249E-01  -4.209333979200694E-01  -2.053593917112381E+05
 -4.722751256451658E-01   6.393955490313444E-01  -4.431219516040464E-01  -2.053593917112381E+05
 -4.984841585172139E-01   6.444196838276820E-01  -4.628155295995480E-01  -2.053593917112381E+05
 -5.250295437419266E-01   6.495309990734138E-01  -4.801361203294581E-01  -2.053593917112381E+05
 -5.519120957355965E-01   6.547521304260110E-01  -4.953236113634756E-01  -2.053593917112381E+05
 -5.791328326739560E-01   6.601914349164814E-01  -5.087178276165036E-01  -2.053593917112381E+05
 -6.066809687875314E-01   6.660524987591525E-01  -5.207323675490501E-01  -2.053593917112381E+05
 -6.345205839637658E-01   6.726366107818287E-01  -5.318219651184621E-01  -2.053593917112381E+05
 -6.625771695934562E-01   6.803375339087591E-01  -5.424456159977666E-01  -2.053593917112381E+05
 -6.907253394368098E-01   6.896284517146953E-01  -5.530280657103891E-01  -2.053593917112381E+05
 -7.187789822716000E-01   7.010415337848418E-01  -5.639224373311685E-01  -2.053593917112381E+05
 -7.464850173949749E-01   7.151411127623417E-01  -5.753767620840485E-01  -2.053593917112381E+05
 -7.735217006529530E-01   7.324919586523582E-01  -5.875069657971217E-01  -2.053593917112381E+05
 -7.995021310018151E-01   7.536245368134645E-01  -6.002784697280826E-01  -2.053593917112381E+05
 -8.239832456786808E-01   7.789994157421112E-01  -6.134980107010404E-01  -2.053593917112381E+05
 -8.464801911015903E-01   8.089731279677022E-01  -6.268166091089792E-01  -2.053593917112381E+05
 -8.664855453094523E-01   8.437677704611286E-01  -6.397438593777667E-01  -2.053593917112381E+05
 -8.834924761851228E-01   8.834464587421181E-01  -6.516729370738534E-01  -2.053593917112381E+05
 -8.970205772368930E-01   9.278964308144831E-01  -6.619149634729788E-01  -2.053593917112381E+05
 -9.066428558293035E-01   9.768211526889568E-01  -6.697406943098911E-01  -2.053593917112381E+05
 -9.120121791123865E-01   1.029742234884925E+00  -6.744269519237834E-01  -2.053593917112381E+05
 -9.128854256971976E-01   1.086011364154330E+00  -6.753048382371336E-01  -2.053593917112381E+05
 -9.091436539050194E-01   1.144831826503552E+00  -6.718065781539613E-01  -2.053593917112381E+05
 -9.008067793901675E-01   1.205288588018223E+00  -6.635078642790035E-01  -2.053593917112381E+05
 -8.880415468962938E-01   1.266385349671160E+00  -6.501628054895510E-01  -2.053593917112381E+05
 -8.711619657321672E-01   1.327086538133163E+00  -6.317290107105381E-01  -2.053593917112381E+05
 -8.506218322735949E-01   1.386361867276870E+00  -6.083809386469815E-01  -2.053593917112381E+05
 -8.269994561512418E-01   1.443230926881391E+00  -5.805103758557916E-01  -2.053593917112381E+05
 -8.009752071669907E-01   1.496805238439409E+00  -5.487137218069132E-01  -2.053593917112381E+05
 -7.733029736589832E-01   1.546325364616107E+00  -5.137666068560628E-01  -2.053593917112381E+05
 -7.447770374553897E-01   1.591190959600544E+00  -4.765871912402108E-01  -2.053593917112381E+05
 -7.161961966118428E-01   1.630982082832654E+00  -4.381902355524342E-01  -2.053593917112381E+05
 -6.883271812069759E-01   1.665470639913083E+00  -3.996346459275810E-01  -2.053593917112381E+05
 -6.618694931579888E-01   1.694621426377553E+00  -3.619676390545052E-01  -2.053593917112381E+05
 -6.374237503131712E-01   1.718582892245554E+00  -3.261689130282422E-01  -2.053593917112381E+05
 -6.154654290539053E-01   1.737668375685733E+00  -2.930982331558060E-01  -2.053593917112381E+05
 -5.963255884849049E-01   1.752329131519273E+00  -2.634496447752855E-01  -2.053593917112381E+05
 -5.801797417355730E-01   1.763120967021997E+00  -2.377151202278841E-01  -2.053593917112381E+05
 -5.670455420331089E-01   1.770666662199698E+00  -2.161598604713447E-01  -2.053593917112381E+05
 -5.567894048218075E-01   1.775616571315600E+00  -1.988107416866395E-01  -2.053593917112381E+05
 -5.491416276772407E-01   1.778609863694834E+00  -1.854585714088062E-01  -2.053593917112381E+05
 -5.437190337368016E-01   1.780238762166003E+00  -1.756739513605929E-01  -2.053593917112381E+05
 -5.400536872784001E-01   1.781017885196625E+00  -1.688356921579248E-01  -2.053593917112381E+05
 -5.376258437742844E-01   1.781360412327542E+00  -1.641699441682624E-01  -2.053593917112381E+05
 -5.358990273155494E-01   1.781562299314216E+00  -1.607975499830074E-01  -2.053593917112381E+05
 -5.358990273155494E-01   1.781562299314216E+00  -1.607975499830074E-01   0.000000000000000E+00 8 RotatedCurve14 
end 
