       0.10000D+01       0.00000D+00       0.70777D-01       0.43427D+00       0.00000D+00
       0.20000D+01       0.00000D+00       0.10802D+00       0.38468D+00       0.26916D+00
       0.30000D+01       0.99983D-05       0.66431D-02       0.38696D+00       0.35461D+00
       0.40000D+01       0.91890D-05       0.28089D-01       0.40671D+00       0.25764D+00
       0.50000D+01       0.70530D-05       0.12160D+00       0.39715D+00       0.31719D+00
       0.60000D+01       0.57875D-05       0.35089D-01       0.38944D+00       0.35739D+00
       0.70000D+01       0.61022D-05       0.33399D-02       0.40003D+00       0.30109D+00
       0.80000D+01       0.52321D-05       0.10154D+00       0.40004D+00       0.33000D+00
       0.90000D+01       0.73416D-05       0.78578D-01       0.39234D+00       0.35630D+00
       0.10000D+02       0.65903D-05      -0.22135D-03       0.39597D+00       0.37105D+00
       0.11000D+02       0.60551D-05       0.62037D-01       0.40042D+00       0.33471D+00
       0.12000D+02       0.63355D-05       0.11309D+00       0.39506D+00       0.35385D+00
       0.13000D+02       0.76631D-05       0.10643D-01       0.39411D+00       0.36713D+00
       0.14000D+02       0.74858D-05       0.21750D-01       0.39939D+00       0.33802D+00
       0.15000D+02       0.67907D-05       0.12007D+00       0.39715D+00       0.35250D+00
       0.16000D+02       0.65531D-05       0.42869D-01       0.39391D+00       0.36576D+00
       0.17000D+02       0.68786D-05       0.94830D-03       0.39774D+00       0.34208D+00
       0.18000D+02       0.64579D-05       0.94200D-01       0.39836D+00       0.35237D+00
       0.19000D+02       0.66585D-05       0.85785D-01       0.39476D+00       0.36385D+00
       0.20000D+02       0.62971D-05      -0.29080D-03       0.39599D+00       0.37105D+00
       0.21000D+02       0.61089D-05       0.52862D-01       0.39867D+00       0.35179D+00
       0.22000D+02       0.63558D-05       0.11689D+00       0.39599D+00       0.36137D+00
       0.23000D+02       0.64860D-05       0.15356D-01       0.39506D+00       0.36874D+00
       0.24000D+02       0.63861D-05       0.16125D-01       0.39813D+00       0.35163D+00
       0.25000D+02       0.60009D-05       0.11737D+00       0.39715D+00       0.35958D+00
       0.26000D+02       0.62734D-05       0.51515D-01       0.39496D+00       0.36715D+00
       0.27000D+02       0.65509D-05      -0.22533D-03       0.39712D+00       0.35227D+00
       0.28000D+02       0.62621D-05       0.86854D-01       0.39787D+00       0.35787D+00
       0.29000D+02       0.61952D-05       0.93091D-01       0.39552D+00       0.36524D+00
       0.30000D+02       0.61259D-05       0.69111D-03       0.39602D+00       0.37014D+00
       0.31000D+02       0.60534D-05       0.44102D-01       0.39801D+00       0.35702D+00
       0.32000D+02       0.61458D-05       0.11973D+00       0.39635D+00       0.36376D+00
       0.33000D+02       0.59804D-05       0.20865D-01       0.39545D+00       0.36937D+00
       0.34000D+02       0.59303D-05       0.11296D-01       0.39759D+00       0.35727D+00
       0.35000D+02       0.56781D-05       0.11373D+00       0.39714D+00       0.36263D+00
       0.36000D+02       0.62916D-05       0.60678D-01       0.39545D+00       0.36815D+00
       0.37000D+02       0.63981D-05      -0.26719D-03       0.39682D+00       0.35735D+00
       0.38000D+02       0.61986D-05       0.79670D-01       0.39762D+00       0.36121D+00
       0.39000D+02       0.61256D-05       0.10048D+00       0.39590D+00       0.36660D+00
       0.40000D+02       0.64131D-05       0.29186D-02       0.39604D+00       0.37035D+00
       0.41000D+02       0.63776D-05       0.36192D-01       0.39766D+00       0.36036D+00
       0.42000D+02       0.63123D-05       0.12146D+00       0.39654D+00       0.36531D+00
       0.43000D+02       0.61266D-05       0.27105D-01       0.39567D+00       0.36969D+00
       0.44000D+02       0.61155D-05       0.71961D-02       0.39729D+00       0.36034D+00
       0.45000D+02       0.59245D-05       0.10887D+00       0.39713D+00       0.36432D+00
       0.46000D+02       0.65746D-05       0.69533D-01       0.39574D+00       0.36869D+00
       0.47000D+02       0.65238D-05      -0.62945D-05       0.39664D+00       0.36026D+00
       0.48000D+02       0.63755D-05       0.71998D-01       0.39746D+00       0.36316D+00
       0.49000D+02       0.63391D-05       0.10714D+00       0.39613D+00       0.36738D+00
       0.50000D+02       0.68077D-05       0.61050D-02       0.39606D+00       0.37046D+00
       0.51000D+02       0.67772D-05       0.29087D-01       0.39743D+00       0.36239D+00
       0.52000D+02       0.66394D-05       0.12170D+00       0.39666D+00       0.36625D+00
       0.53000D+02       0.64920D-05       0.34002D-01       0.39582D+00       0.36988D+00
       0.54000D+02       0.65212D-05       0.37811D-02       0.39708D+00       0.36229D+00
       0.55000D+02       0.63725D-05       0.10258D+00       0.39711D+00       0.36540D+00
       0.56000D+02       0.67376D-05       0.77473D-01       0.39593D+00       0.36903D+00
       0.57000D+02       0.66274D-05      -0.17268D-03       0.39653D+00       0.37137D+00
       0.58000D+02       0.65244D-05       0.63385D-01       0.39734D+00       0.36445D+00
       0.59000D+02       0.65675D-05       0.11242D+00       0.39629D+00       0.36789D+00
       0.60000D+02       0.69069D-05       0.10005D-01       0.39609D+00       0.37051D+00
       0.61000D+02       0.68737D-05       0.22651D-01       0.39727D+00       0.36375D+00
       0.62000D+02       0.67223D-05       0.12038D+00       0.39674D+00       0.36688D+00
       0.63000D+02       0.66427D-05       0.41656D-01       0.39594D+00       0.37001D+00
       0.64000D+02       0.67183D-05       0.12331D-02       0.39693D+00       0.36363D+00
       0.65000D+02       0.66012D-05       0.95310D-01       0.39710D+00       0.36616D+00
       0.66000D+02       0.66840D-05       0.84720D-01       0.39608D+00       0.36927D+00
       0.67000D+02       0.65779D-05      -0.33130D-03       0.39645D+00       0.37132D+00
       0.68000D+02       0.65190D-05       0.54219D-01       0.39725D+00       0.36536D+00
       0.69000D+02       0.66007D-05       0.11639D+00       0.39641D+00       0.36825D+00
       0.70000D+02       0.66788D-05       0.14605D-01       0.39612D+00       0.37056D+00
       0.71000D+02       0.66446D-05       0.16911D-01       0.39714D+00       0.36474D+00
       0.72000D+02       0.65055D-05       0.11784D+00       0.39679D+00       0.36734D+00
       0.73000D+02       0.65530D-05       0.50181D-01       0.39603D+00       0.36992D+00
       0.74000D+02       0.66444D-05      -0.13308D-03       0.39682D+00       0.36444D+00
       0.75000D+02       0.65347D-05       0.87928D-01       0.39708D+00       0.36638D+00
       0.76000D+02       0.65137D-05       0.91986D-01       0.39619D+00       0.36909D+00
       0.77000D+02       0.64667D-05       0.46236D-03       0.39640D+00       0.37094D+00
       0.78000D+02       0.64385D-05       0.45355D-01       0.39718D+00       0.36571D+00
       0.79000D+02       0.64812D-05       0.11937D+00       0.39650D+00       0.36835D+00
       0.80000D+02       0.64268D-05       0.19996D-01       0.39614D+00       0.37060D+00
       0.81000D+02       0.64013D-05       0.11965D-01       0.39704D+00       0.36549D+00
       0.82000D+02       0.62817D-05       0.11433D+00       0.39683D+00       0.36769D+00
       0.83000D+02       0.65043D-05       0.59313D-01       0.39611D+00       0.37003D+00
       0.84000D+02       0.65457D-05      -0.30636D-03       0.39672D+00       0.36523D+00
       0.85000D+02       0.64540D-05       0.80750D-01       0.39706D+00       0.36687D+00
       0.86000D+02       0.64195D-05       0.99407D-01       0.39629D+00       0.36926D+00
       0.87000D+02       0.65261D-05       0.25183D-02       0.39636D+00       0.37094D+00
       0.88000D+02       0.65118D-05       0.37314D-01       0.39711D+00       0.36628D+00
       0.89000D+02       0.64853D-05       0.12129D+00       0.39658D+00       0.36856D+00
       0.90000D+02       0.63967D-05       0.26135D-01       0.39617D+00       0.37061D+00
       0.91000D+02       0.63860D-05       0.77637D-02       0.39695D+00       0.36608D+00
       0.92000D+02       0.62867D-05       0.10968D+00       0.39686D+00       0.36797D+00
       0.93000D+02       0.65904D-05       0.68268D-01       0.39618D+00       0.37009D+00
       0.94000D+02       0.65669D-05      -0.24785D-04       0.39664D+00       0.36585D+00
       0.95000D+02       0.64891D-05       0.73197D-01       0.39704D+00       0.36726D+00
       0.96000D+02       0.64655D-05       0.10623D+00       0.39637D+00       0.36938D+00
       0.97000D+02       0.67010D-05       0.55822D-02       0.39634D+00       0.37094D+00
       0.98000D+02       0.66851D-05       0.30099D-01       0.39705D+00       0.36673D+00
       0.99000D+02       0.66176D-05       0.12177D+00       0.39663D+00       0.36873D+00
       0.10000D+03       0.65386D-05       0.32932D-01       0.39620D+00       0.37062D+00
       0.10100D+03       0.65481D-05       0.42411D-02       0.39687D+00       0.36655D+00
       0.10200D+03       0.64637D-05       0.10360D+00       0.39688D+00       0.36820D+00
       0.10300D+03       0.66759D-05       0.76350D-01       0.39624D+00       0.37014D+00
       0.10400D+03       0.66177D-05      -0.12488D-03       0.39658D+00       0.37141D+00
       0.10500D+03       0.65568D-05       0.64720D-01       0.39702D+00       0.36758D+00
       0.10600D+03       0.65725D-05       0.11173D+00       0.39643D+00       0.36948D+00
       0.10700D+03       0.67757D-05       0.93832D-02       0.39633D+00       0.37093D+00
       0.10800D+03       0.67572D-05       0.23567D-01       0.39699D+00       0.36710D+00
       0.10900D+03       0.66740D-05       0.12067D+00       0.39668D+00       0.36886D+00
       0.11000D+03       0.66255D-05       0.40463D-01       0.39623D+00       0.37063D+00
       0.11100D+03       0.66655D-05       0.15446D-02       0.39681D+00       0.36694D+00
       0.11200D+03       0.65961D-05       0.96419D-01       0.39689D+00       0.36839D+00
       0.11300D+03       0.66584D-05       0.83657D-01       0.39630D+00       0.37018D+00
       0.11400D+03       0.65934D-05      -0.34915D-03       0.39653D+00       0.37138D+00
       0.11500D+03       0.65518D-05       0.55583D-01       0.39700D+00       0.36785D+00
       0.11600D+03       0.65975D-05       0.11587D+00       0.39649D+00       0.36956D+00
       0.11700D+03       0.66586D-05       0.13872D-01       0.39632D+00       0.37092D+00
       0.11800D+03       0.66380D-05       0.17716D-01       0.39694D+00       0.36742D+00
       0.11900D+03       0.65546D-05       0.11828D+00       0.39672D+00       0.36897D+00
       0.12000D+03       0.65719D-05       0.48861D-01       0.39626D+00       0.37053D+00
       0.12100D+03       0.66309D-05      -0.12745D-04       0.39675D+00       0.36717D+00
       0.12200D+03       0.65654D-05       0.89008D-01       0.39690D+00       0.36834D+00
       0.12300D+03       0.65539D-05       0.90887D-01       0.39635D+00       0.37000D+00
       0.12400D+03       0.65130D-05       0.26264D-03       0.39649D+00       0.37113D+00
       0.12500D+03       0.64903D-05       0.46627D-01       0.39697D+00       0.36787D+00
       0.12600D+03       0.65206D-05       0.11899D+00       0.39654D+00       0.36952D+00
       0.12700D+03       0.64881D-05       0.19144D-01       0.39632D+00       0.37092D+00
       0.12800D+03       0.64709D-05       0.12651D-01       0.39689D+00       0.36769D+00
       0.12900D+03       0.63940D-05       0.11492D+00       0.39675D+00       0.36908D+00
       0.13000D+03       0.65279D-05       0.57943D-01       0.39629D+00       0.37055D+00
       0.13100D+03       0.65653D-05      -0.33502D-03       0.39669D+00       0.36747D+00
       0.13200D+03       0.65060D-05       0.81822D-01       0.39690D+00       0.36851D+00
       0.13300D+03       0.64836D-05       0.98318D-01       0.39640D+00       0.37004D+00
       0.13400D+03       0.65287D-05       0.21403D-02       0.39646D+00       0.37112D+00
       0.13500D+03       0.65161D-05       0.38454D-01       0.39694D+00       0.36809D+00
       0.13600D+03       0.65057D-05       0.12109D+00       0.39659D+00       0.36957D+00
       0.13700D+03       0.64469D-05       0.25180D-01       0.39633D+00       0.37091D+00
       0.13800D+03       0.64386D-05       0.83459D-02       0.39684D+00       0.36791D+00
       0.13900D+03       0.63697D-05       0.11046D+00       0.39678D+00       0.36916D+00
       0.14000D+03       0.65785D-05       0.66981D-01       0.39633D+00       0.37056D+00
       0.14100D+03       0.65736D-05      -0.54266D-04       0.39664D+00       0.36772D+00
       0.14200D+03       0.65216D-05       0.74373D-01       0.39690D+00       0.36865D+00
       0.14300D+03       0.65030D-05       0.10529D+00       0.39645D+00       0.37007D+00
       0.14400D+03       0.66474D-05       0.50753D-02       0.39644D+00       0.37111D+00
       0.14500D+03       0.66366D-05       0.31126D-01       0.39691D+00       0.36827D+00
       0.14600D+03       0.65953D-05       0.12180D+00       0.39662D+00       0.36962D+00
       0.14700D+03       0.65406D-05       0.31879D-01       0.39634D+00       0.37089D+00
       0.14800D+03       0.65467D-05       0.47191D-02       0.39680D+00       0.36811D+00
       0.14900D+03       0.64888D-05       0.10459D+00       0.39680D+00       0.36923D+00
       0.15000D+03       0.66584D-05       0.75210D-01       0.39636D+00       0.37056D+00
       0.15100D+03       0.66235D-05      -0.81362D-04       0.39660D+00       0.37142D+00
       0.15200D+03       0.65805D-05       0.66039D-01       0.39690D+00       0.36878D+00
       0.15300D+03       0.65856D-05       0.11101D+00       0.39649D+00       0.37009D+00
       0.15400D+03       0.67329D-05       0.87758D-02       0.39642D+00       0.37109D+00
       0.15500D+03       0.67210D-05       0.24498D-01       0.39688D+00       0.36843D+00
       0.15600D+03       0.66649D-05       0.12092D+00       0.39666D+00       0.36965D+00
       0.15700D+03       0.66265D-05       0.39290D-01       0.39635D+00       0.37088D+00
       0.15800D+03       0.66518D-05       0.18815D-02       0.39676D+00       0.36829D+00
       0.15900D+03       0.66027D-05       0.97524D-01       0.39681D+00       0.36930D+00
       0.16000D+03       0.66655D-05       0.82593D-01       0.39639D+00       0.37056D+00
       0.16100D+03       0.66220D-05      -0.34710D-03       0.39656D+00       0.37140D+00
       0.16200D+03       0.65917D-05       0.56952D-01       0.39689D+00       0.36890D+00
       0.16300D+03       0.66227D-05       0.11533D+00       0.39652D+00       0.37011D+00
       0.16400D+03       0.66828D-05       0.13157D-01       0.39641D+00       0.37108D+00
       0.16500D+03       0.66687D-05       0.18539D-01       0.39685D+00       0.36857D+00
       0.16600D+03       0.66093D-05       0.11870D+00       0.39669D+00       0.36968D+00
       0.16700D+03       0.66097D-05       0.47558D-01       0.39636D+00       0.37079D+00
       0.16800D+03       0.66514D-05       0.13650D-03       0.39672D+00       0.36837D+00
       0.16900D+03       0.66030D-05       0.90096D-01       0.39682D+00       0.36921D+00
       0.17000D+03       0.66021D-05       0.89794D-01       0.39643D+00       0.37041D+00
       0.17100D+03       0.65720D-05       0.92223D-04       0.39653D+00       0.37122D+00
       0.17200D+03       0.65567D-05       0.47917D-01       0.39687D+00       0.36885D+00
       0.17300D+03       0.65813D-05       0.11858D+00       0.39656D+00       0.36997D+00
       0.17400D+03       0.65638D-05       0.18309D-01       0.39641D+00       0.37091D+00
       0.17500D+03       0.65508D-05       0.13353D-01       0.39682D+00       0.36854D+00
       0.17600D+03       0.64940D-05       0.11548D+00       0.39671D+00       0.36956D+00
       0.17700D+03       0.65725D-05       0.56572D-01       0.39638D+00       0.37064D+00
       0.17800D+03       0.66008D-05      -0.34948D-03       0.39668D+00       0.36837D+00
       0.17900D+03       0.65558D-05       0.82888D-01       0.39683D+00       0.36913D+00
       0.18000D+03       0.65410D-05       0.97218D-01       0.39646D+00       0.37026D+00
       0.18100D+03       0.65666D-05       0.17856D-02       0.39651D+00       0.37106D+00
       0.18200D+03       0.65591D-05       0.39613D-01       0.39686D+00       0.36881D+00
       0.18300D+03       0.65559D-05       0.12085D+00       0.39659D+00       0.36991D+00
       0.18400D+03       0.65140D-05       0.24238D-01       0.39641D+00       0.37090D+00
       0.18500D+03       0.65064D-05       0.89426D-02       0.39679D+00       0.36867D+00
       0.18600D+03       0.64532D-05       0.11121D+00       0.39673D+00       0.36960D+00
       0.18700D+03       0.65984D-05       0.65675D-01       0.39640D+00       0.37064D+00
       0.18800D+03       0.65957D-05      -0.92809D-04       0.39664D+00       0.36851D+00
       0.18900D+03       0.65562D-05       0.75528D-01       0.39683D+00       0.36921D+00
       0.19000D+03       0.65418D-05       0.10432D+00       0.39649D+00       0.37028D+00
       0.19100D+03       0.66476D-05       0.45849D-02       0.39649D+00       0.37105D+00
       0.19200D+03       0.66407D-05       0.32169D-01       0.39684D+00       0.36891D+00
       0.19300D+03       0.66116D-05       0.12179D+00       0.39662D+00       0.36993D+00
       0.19400D+03       0.65696D-05       0.30840D-01       0.39641D+00       0.37089D+00
       0.19500D+03       0.65703D-05       0.52142D-02       0.39676D+00       0.36878D+00
       0.19600D+03       0.65257D-05       0.10555D+00       0.39675D+00       0.36963D+00
       0.19700D+03       0.66538D-05       0.74049D-01       0.39642D+00       0.37064D+00
       0.19800D+03       0.66271D-05      -0.45094D-04       0.39661D+00       0.37130D+00
       0.19900D+03       0.65933D-05       0.67340D-01       0.39683D+00       0.36928D+00
       0.20000D+03       0.65949D-05       0.11025D+00       0.39652D+00       0.37028D+00
       0.20100D+03       0.67141D-05       0.81831D-02       0.39647D+00       0.37105D+00
       0.20200D+03       0.67051D-05       0.25443D-01       0.39682D+00       0.36900D+00
       0.20300D+03       0.66631D-05       0.12115D+00       0.39665D+00       0.36994D+00
       0.20400D+03       0.66313D-05       0.38136D-01       0.39641D+00       0.37088D+00
       0.20500D+03       0.66458D-05       0.22427D-02       0.39673D+00       0.36888D+00
       0.20600D+03       0.66077D-05       0.98621D-01       0.39676D+00       0.36967D+00
       0.20700D+03       0.66612D-05       0.81526D-01       0.39644D+00       0.37064D+00
       0.20800D+03       0.66272D-05      -0.32834D-03       0.39658D+00       0.37128D+00
       0.20900D+03       0.66013D-05       0.58323D-01       0.39683D+00       0.36935D+00
       0.21000D+03       0.66241D-05       0.11476D+00       0.39654D+00       0.37029D+00
       0.21100D+03       0.66816D-05       0.12459D-01       0.39646D+00       0.37103D+00
       0.21200D+03       0.66703D-05       0.19379D-01       0.39680D+00       0.36908D+00
       0.21300D+03       0.66244D-05       0.11910D+00       0.39667D+00       0.36995D+00
       0.21400D+03       0.66210D-05       0.46273D-01       0.39642D+00       0.37088D+00
       0.21500D+03       0.66521D-05       0.31504D-03       0.39670D+00       0.36898D+00
       0.21600D+03       0.66161D-05       0.91191D-01       0.39678D+00       0.36970D+00
       0.21700D+03       0.66165D-05       0.88708D-01       0.39647D+00       0.37064D+00
       0.21800D+03       0.65866D-05      -0.48956D-04       0.39655D+00       0.37127D+00
       0.21900D+03       0.65708D-05       0.49225D-01       0.39682D+00       0.36941D+00
       0.22000D+03       0.65922D-05       0.11816D+00       0.39657D+00       0.37029D+00
       0.22100D+03       0.65844D-05       0.17491D-01       0.39646D+00       0.37103D+00
       0.22200D+03       0.65732D-05       0.14073D-01       0.39678D+00       0.36916D+00
       0.22300D+03       0.65281D-05       0.11602D+00       0.39669D+00       0.36997D+00
       0.22400D+03       0.65807D-05       0.55204D-01       0.39643D+00       0.37081D+00
       0.22500D+03       0.66074D-05      -0.34632D-03       0.39667D+00       0.36901D+00
       0.22600D+03       0.65719D-05       0.83952D-01       0.39678D+00       0.36962D+00
       0.22700D+03       0.65594D-05       0.96112D-01       0.39649D+00       0.37052D+00
       0.22800D+03       0.65673D-05       0.14557D-02       0.39653D+00       0.37115D+00
       0.22900D+03       0.65588D-05       0.40792D-01       0.39681D+00       0.36936D+00
       0.23000D+03       0.65596D-05       0.12059D+00       0.39659D+00       0.37024D+00
       0.23100D+03       0.65273D-05       0.23312D-01       0.39645D+00       0.37102D+00
       0.23200D+03       0.65200D-05       0.95541D-02       0.39676D+00       0.36924D+00
       0.23300D+03       0.64779D-05       0.11193D+00       0.39671D+00       0.36998D+00
       0.23400D+03       0.65917D-05       0.64351D-01       0.39644D+00       0.37081D+00
       0.23500D+03       0.65953D-05      -0.13784D-03       0.39664D+00       0.36910D+00
       0.23600D+03       0.65632D-05       0.76663D-01       0.39679D+00       0.36966D+00
       0.23700D+03       0.65504D-05       0.10332D+00       0.39651D+00       0.37052D+00
       0.23800D+03       0.66199D-05       0.41118D-02       0.39652D+00       0.37114D+00
       0.23900D+03       0.66133D-05       0.33227D-01       0.39680D+00       0.36941D+00
       0.24000D+03       0.65931D-05       0.12175D+00       0.39662D+00       0.37024D+00
       0.24100D+03       0.65589D-05       0.29817D-01       0.39645D+00       0.37101D+00
       0.24200D+03       0.65586D-05       0.57255D-02       0.39674D+00       0.36930D+00
       0.24300D+03       0.65232D-05       0.10649D+00       0.39672D+00       0.36999D+00
       0.24400D+03       0.66358D-05       0.72867D-01       0.39646D+00       0.37080D+00
       0.24500D+03       0.66174D-05      -0.18497D-04       0.39662D+00       0.37133D+00
       0.24600D+03       0.65897D-05       0.68621D-01       0.39679D+00       0.36970D+00
       0.24700D+03       0.65867D-05       0.10946D+00       0.39653D+00       0.37051D+00
       0.24800D+03       0.66835D-05       0.76050D-02       0.39650D+00       0.37112D+00
       0.24900D+03       0.66765D-05       0.26402D-01       0.39679D+00       0.36947D+00
       0.25000D+03       0.66439D-05       0.12134D+00       0.39664D+00       0.37023D+00
       0.25100D+03       0.66166D-05       0.37001D-01       0.39645D+00       0.37099D+00
       0.25200D+03       0.66288D-05       0.26270D-02       0.39671D+00       0.36936D+00
       0.25300D+03       0.65970D-05       0.99707D-01       0.39674D+00       0.37000D+00
       0.25400D+03       0.66553D-05       0.80452D-01       0.39648D+00       0.37079D+00
       0.25500D+03       0.66292D-05      -0.29640D-03       0.39659D+00       0.37132D+00
       0.25600D+03       0.66071D-05       0.59692D-01       0.39679D+00       0.36974D+00
       0.25700D+03       0.66221D-05       0.11417D+00       0.39655D+00       0.37051D+00
       0.25800D+03       0.66762D-05       0.11778D-01       0.39649D+00       0.37111D+00
       0.25900D+03       0.66677D-05       0.20236D-01       0.39677D+00       0.36952D+00
       0.26000D+03       0.66306D-05       0.11947D+00       0.39666D+00       0.37023D+00
       0.26100D+03       0.66231D-05       0.45006D-01       0.39646D+00       0.37098D+00
       0.26200D+03       0.66499D-05       0.52285D-03       0.39669D+00       0.36943D+00
       0.26300D+03       0.66198D-05       0.92292D-01       0.39675D+00       0.37002D+00
       0.26400D+03       0.66274D-05       0.87629D-01       0.39649D+00       0.37079D+00
       0.26500D+03       0.66031D-05      -0.16140D-03       0.39657D+00       0.37131D+00
       0.26600D+03       0.65894D-05       0.50549D-01       0.39679D+00       0.36978D+00
       0.26700D+03       0.66080D-05       0.11771D+00       0.39658D+00       0.37050D+00
       0.26800D+03       0.66076D-05       0.16692D-01       0.39649D+00       0.37110D+00
       0.26900D+03       0.65987D-05       0.14811D-01       0.39675D+00       0.36956D+00
       0.27000D+03       0.65615D-05       0.11653D+00       0.39668D+00       0.37023D+00
       0.27100D+03       0.65955D-05       0.53842D-01       0.39646D+00       0.37093D+00
       0.27200D+03       0.66200D-05      -0.32246D-03       0.39667D+00       0.36944D+00
       0.27300D+03       0.65901D-05       0.85015D-01       0.39675D+00       0.36994D+00
       0.27400D+03       0.65820D-05       0.95002D-01       0.39651D+00       0.37068D+00
       0.27500D+03       0.65848D-05       0.11515D-02       0.39655D+00       0.37120D+00
       0.27600D+03       0.65789D-05       0.41990D-01       0.39678D+00       0.36971D+00
       0.27700D+03       0.65831D-05       0.12030D+00       0.39660D+00       0.37045D+00
       0.27800D+03       0.65575D-05       0.22400D-01       0.39648D+00       0.37109D+00
       0.27900D+03       0.65511D-05       0.10180D-01       0.39674D+00       0.36961D+00
       0.28000D+03       0.65161D-05       0.11261D+00       0.39669D+00       0.37023D+00
       0.28100D+03       0.66037D-05       0.63012D-01       0.39647D+00       0.37092D+00
       0.28200D+03       0.66092D-05      -0.18623D-03       0.39664D+00       0.36949D+00
       0.28300D+03       0.65818D-05       0.77780D-01       0.39676D+00       0.36996D+00
       0.28400D+03       0.65720D-05       0.10230D+00       0.39653D+00       0.37067D+00
       0.28500D+03       0.66276D-05       0.36569D-02       0.39654D+00       0.37119D+00
       0.28600D+03       0.66233D-05       0.34301D-01       0.39677D+00       0.36975D+00
       0.28700D+03       0.66087D-05       0.12168D+00       0.39662D+00       0.37044D+00
       0.28800D+03       0.65797D-05       0.28809D-01       0.39648D+00       0.37108D+00
       0.28900D+03       0.65786D-05       0.62526D-02       0.39672D+00       0.36965D+00
       0.29000D+03       0.65464D-05       0.10739D+00       0.39670D+00       0.37023D+00
       0.29100D+03       0.66431D-05       0.71662D-01       0.39648D+00       0.37091D+00
       0.29200D+03       0.66288D-05      -0.32966D-05       0.39662D+00       0.37135D+00
       0.29300D+03       0.66054D-05       0.69880D-01       0.39676D+00       0.36998D+00
       0.29400D+03       0.66025D-05       0.10864D+00       0.39655D+00       0.37066D+00
       0.29500D+03       0.66887D-05       0.70414D-02       0.39652D+00       0.37118D+00
       0.29600D+03       0.66836D-05       0.27376D-01       0.39676D+00       0.36978D+00
       0.29700D+03       0.66573D-05       0.12150D+00       0.39663D+00       0.37043D+00
       0.29800D+03       0.66331D-05       0.35885D-01       0.39648D+00       0.37107D+00
       0.29900D+03       0.66401D-05       0.30332D-02       0.39670D+00       0.36969D+00
       0.30000D+03       0.66129D-05       0.10078D+00       0.39672D+00       0.37023D+00
       0.30100D+03       0.66656D-05       0.79369D-01       0.39650D+00       0.37090D+00
       0.30200D+03       0.66433D-05      -0.25499D-03       0.39660D+00       0.37134D+00
       0.30300D+03       0.66241D-05       0.61055D-01       0.39676D+00       0.37001D+00
       0.30400D+03       0.66366D-05       0.11355D+00       0.39656D+00       0.37066D+00
       0.30500D+03       0.66910D-05       0.11113D-01       0.39651D+00       0.37117D+00
       0.30600D+03       0.66840D-05       0.21109D-01       0.39675D+00       0.36981D+00
       0.30700D+03       0.66531D-05       0.11983D+00       0.39665D+00       0.37042D+00
       0.30800D+03       0.66418D-05       0.43759D-01       0.39648D+00       0.37106D+00
       0.30900D+03       0.66592D-05       0.75955D-03       0.39668D+00       0.36973D+00
       0.31000D+03       0.66342D-05       0.93398D-01       0.39673D+00       0.37024D+00
       0.31100D+03       0.66425D-05       0.86557D-01       0.39651D+00       0.37089D+00
       0.31200D+03       0.66198D-05      -0.24608D-03       0.39658D+00       0.37133D+00
       0.31300D+03       0.66066D-05       0.51887D-01       0.39676D+00       0.37003D+00
       0.31400D+03       0.66240D-05       0.11724D+00       0.39658D+00       0.37065D+00
       0.31500D+03       0.66308D-05       0.15910D-01       0.39651D+00       0.37116D+00
       0.31600D+03       0.66230D-05       0.15567D-01       0.39674D+00       0.36985D+00
       0.31700D+03       0.65913D-05       0.11703D+00       0.39667D+00       0.37042D+00
       0.31800D+03       0.66121D-05       0.52487D-01       0.39649D+00       0.37100D+00
       0.31900D+03       0.66331D-05      -0.27524D-03       0.39666D+00       0.36973D+00
       0.32000D+03       0.66074D-05       0.86081D-01       0.39673D+00       0.37016D+00
       0.32100D+03       0.65996D-05       0.93892D-01       0.39652D+00       0.37079D+00
       0.32200D+03       0.65941D-05       0.87424D-03       0.39656D+00       0.37124D+00
       0.32300D+03       0.65868D-05       0.43209D-01       0.39676D+00       0.36997D+00
       0.32400D+03       0.65930D-05       0.11998D+00       0.39660D+00       0.37060D+00
       0.32500D+03       0.65734D-05       0.21504D-01       0.39650D+00       0.37115D+00
       0.32600D+03       0.65672D-05       0.10822D-01       0.39672D+00       0.36988D+00
       0.32700D+03       0.65370D-05       0.11327D+00       0.39668D+00       0.37041D+00
       0.32800D+03       0.66059D-05       0.61661D-01       0.39649D+00       0.37100D+00
       0.32900D+03       0.66133D-05      -0.23450D-03       0.39664D+00       0.36977D+00
       0.33000D+03       0.65897D-05       0.78882D-01       0.39674D+00       0.37018D+00
       0.33100D+03       0.65802D-05       0.10125D+00       0.39654D+00       0.37079D+00
       0.33200D+03       0.66175D-05       0.32211D-02       0.39655D+00       0.37123D+00
       0.33300D+03       0.66125D-05       0.35393D-01       0.39675D+00       0.36999D+00
       0.33400D+03       0.66021D-05       0.12157D+00       0.39661D+00       0.37059D+00
       0.33500D+03       0.65773D-05       0.27815D-01       0.39650D+00       0.37113D+00
       0.33600D+03       0.65750D-05       0.67948D-02       0.39671D+00       0.36990D+00
       0.33700D+03       0.65477D-05       0.10826D+00       0.39669D+00       0.37041D+00
       0.33800D+03       0.66341D-05       0.70435D-01       0.39650D+00       0.37099D+00
       0.33900D+03       0.66241D-05      -0.48506D-06       0.39662D+00       0.36981D+00
       0.34000D+03       0.66033D-05       0.71118D-01       0.39674D+00       0.37019D+00
       0.34100D+03       0.65978D-05       0.10778D+00       0.39655D+00       0.37078D+00
       0.34200D+03       0.66645D-05       0.64925D-02       0.39654D+00       0.37122D+00
       0.34300D+03       0.66596D-05       0.28364D-01       0.39674D+00       0.37001D+00
       0.34400D+03       0.66383D-05       0.12163D+00       0.39663D+00       0.37057D+00
       0.34500D+03       0.66168D-05       0.34786D-01       0.39650D+00       0.37112D+00
       0.34600D+03       0.66215D-05       0.34601D-02       0.39669D+00       0.36993D+00
       0.34700D+03       0.65981D-05       0.10183D+00       0.39670D+00       0.37040D+00
       0.34800D+03       0.66517D-05       0.78273D-01       0.39651D+00       0.37097D+00
       0.34900D+03       0.66332D-05      -0.20799D-03       0.39661D+00       0.37135D+00
       0.35000D+03       0.66158D-05       0.62411D-01       0.39674D+00       0.37020D+00
       0.35100D+03       0.66229D-05       0.11291D+00       0.39657D+00       0.37076D+00
       0.35200D+03       0.66738D-05       0.10465D-01       0.39653D+00       0.37121D+00
       0.35300D+03       0.66680D-05       0.21998D-01       0.39673D+00       0.37003D+00
       0.35400D+03       0.66417D-05       0.12016D+00       0.39664D+00       0.37056D+00
       0.35500D+03       0.66306D-05       0.42531D-01       0.39650D+00       0.37111D+00
       0.35600D+03       0.66459D-05       0.10245D-02       0.39668D+00       0.36996D+00
       0.35700D+03       0.66253D-05       0.94507D-01       0.39671D+00       0.37040D+00
       0.35800D+03       0.66379D-05       0.85490D-01       0.39652D+00       0.37096D+00
       0.35900D+03       0.66181D-05      -0.30443D-03       0.39659D+00       0.37134D+00
       0.36000D+03       0.66058D-05       0.53237D-01       0.39674D+00       0.37022D+00
       0.36100D+03       0.66198D-05       0.11676D+00       0.39658D+00       0.37075D+00
       0.36200D+03       0.66289D-05       0.15146D-01       0.39652D+00       0.37120D+00
       0.36300D+03       0.66224D-05       0.16341D-01       0.39672D+00       0.37005D+00
       0.36400D+03       0.65947D-05       0.11750D+00       0.39666D+00       0.37055D+00
       0.36500D+03       0.66099D-05       0.51144D-01       0.39650D+00       0.37106D+00
       0.36600D+03       0.66307D-05      -0.20251D-03       0.39666D+00       0.36995D+00
       0.36700D+03       0.66080D-05       0.87151D-01       0.39672D+00       0.37033D+00
       0.36800D+03       0.66031D-05       0.92784D-01       0.39654D+00       0.37088D+00
       0.36900D+03       0.65955D-05       0.62485D-03       0.39657D+00       0.37126D+00
       0.37000D+03       0.65885D-05       0.44447D-01       0.39674D+00       0.37016D+00
       0.37100D+03       0.65958D-05       0.11964D+00       0.39660D+00       0.37071D+00
       0.37200D+03       0.65801D-05       0.20623D-01       0.39652D+00       0.37119D+00
       0.37300D+03       0.65748D-05       0.11480D-01       0.39671D+00       0.37008D+00
       0.37400D+03       0.65483D-05       0.11390D+00       0.39667D+00       0.37054D+00
       0.37500D+03       0.66026D-05       0.60300D-01       0.39651D+00       0.37105D+00
       0.37600D+03       0.66124D-05      -0.27887D-03       0.39664D+00       0.36998D+00
       0.37700D+03       0.65915D-05       0.79970D-01       0.39672D+00       0.37034D+00
       0.37800D+03       0.65838D-05       0.10019D+00       0.39655D+00       0.37087D+00
       0.37900D+03       0.66117D-05       0.28055D-02       0.39656D+00       0.37125D+00
       0.38000D+03       0.66083D-05       0.36501D-01       0.39674D+00       0.37017D+00
       0.38100D+03       0.66010D-05       0.12142D+00       0.39661D+00       0.37069D+00
       0.38200D+03       0.65789D-05       0.26835D-01       0.39652D+00       0.37117D+00
       0.38300D+03       0.65768D-05       0.73519D-02       0.39670D+00       0.37009D+00
       0.38400D+03       0.65523D-05       0.10910D+00       0.39668D+00       0.37054D+00
       0.38500D+03       0.66275D-05       0.69185D-01       0.39652D+00       0.37104D+00
       0.38600D+03       0.66210D-05      -0.10234D-04       0.39663D+00       0.37001D+00
       0.38700D+03       0.66023D-05       0.72332D-01       0.39673D+00       0.37034D+00
       0.38800D+03       0.65975D-05       0.10689D+00       0.39656D+00       0.37086D+00
       0.38900D+03       0.66577D-05       0.59586D-02       0.39655D+00       0.37125D+00
       0.39000D+03       0.66541D-05       0.29366D-01       0.39673D+00       0.37019D+00
       0.39100D+03       0.66365D-05       0.12172D+00       0.39663D+00       0.37068D+00
       0.39200D+03       0.66164D-05       0.33704D-01       0.39651D+00       0.37116D+00
       0.39300D+03       0.66196D-05       0.39067D-02       0.39669D+00       0.37011D+00
       0.39400D+03       0.65985D-05       0.10287D+00       0.39669D+00       0.37053D+00
       0.39500D+03       0.66501D-05       0.77163D-01       0.39652D+00       0.37103D+00
       0.39600D+03       0.66344D-05      -0.15920D-03       0.39661D+00       0.37136D+00
       0.39700D+03       0.66194D-05       0.63756D-01       0.39673D+00       0.37035D+00
       0.39800D+03       0.66256D-05       0.11224D+00       0.39657D+00       0.37085D+00
       0.39900D+03       0.66792D-05       0.98315D-02       0.39654D+00       0.37123D+00
       0.40000D+03       0.66746D-05       0.22903D-01       0.39672D+00       0.37020D+00
       0.40100D+03       0.66520D-05       0.12046D+00       0.39664D+00       0.37067D+00
       0.40200D+03       0.66393D-05       0.41324D-01       0.39652D+00       0.37115D+00
       0.40300D+03       0.66507D-05       0.13168D-02       0.39667D+00       0.37013D+00
       0.40400D+03       0.66321D-05       0.95617D-01       0.39670D+00       0.37052D+00
       0.40500D+03       0.66461D-05       0.84426D-01       0.39653D+00       0.37102D+00
       0.40600D+03       0.66285D-05      -0.33841D-03       0.39659D+00       0.37136D+00
       0.40700D+03       0.66172D-05       0.54596D-01       0.39673D+00       0.37036D+00
       0.40800D+03       0.66313D-05       0.11625D+00       0.39659D+00       0.37084D+00
       0.40900D+03       0.66470D-05       0.14400D-01       0.39654D+00       0.37122D+00
       0.41000D+03       0.66411D-05       0.17133D-01       0.39671D+00       0.37021D+00
       0.41100D+03       0.66167D-05       0.11796D+00       0.39665D+00       0.37066D+00
       0.41200D+03       0.66235D-05       0.49814D-01       0.39652D+00       0.37111D+00
       0.41300D+03       0.66397D-05      -0.10260D-03       0.39666D+00       0.37012D+00
       0.41400D+03       0.66195D-05       0.88226D-01       0.39671D+00       0.37046D+00
       0.41500D+03       0.66155D-05       0.91681D-01       0.39654D+00       0.37095D+00
       0.41600D+03       0.66051D-05       0.40409D-03       0.39658D+00       0.37128D+00
       0.41700D+03       0.65983D-05       0.45705D-01       0.39673D+00       0.37030D+00
       0.41800D+03       0.66071D-05       0.11927D+00       0.39660D+00       0.37079D+00
       0.41900D+03       0.65974D-05       0.19759D-01       0.39653D+00       0.37122D+00
       0.42000D+03       0.65922D-05       0.12153D-01       0.39670D+00       0.37023D+00
       0.42100D+03       0.65681D-05       0.11450D+00       0.39666D+00       0.37065D+00
       0.42200D+03       0.66095D-05       0.58933D-01       0.39652D+00       0.37110D+00
       0.42300D+03       0.66186D-05      -0.31551D-03       0.39664D+00       0.37014D+00
       0.42400D+03       0.65998D-05       0.81048D-01       0.39671D+00       0.37046D+00
       0.42500D+03       0.65925D-05       0.99106D-01       0.39655D+00       0.37094D+00
       0.42600D+03       0.66114D-05       0.24113D-02       0.39657D+00       0.37128D+00
       0.42700D+03       0.66079D-05       0.37628D-01       0.39672D+00       0.37031D+00
       0.42800D+03       0.66028D-05       0.12124D+00       0.39661D+00       0.37078D+00
       0.42900D+03       0.65836D-05       0.25869D-01       0.39653D+00       0.37120D+00
       0.43000D+03       0.65811D-05       0.79236D-02       0.39669D+00       0.37024D+00
       0.43100D+03       0.65593D-05       0.10990D+00       0.39667D+00       0.37064D+00
       0.43200D+03       0.66249D-05       0.67913D-01       0.39653D+00       0.37109D+00
       0.43300D+03       0.66206D-05      -0.31921D-04       0.39663D+00       0.37016D+00
       0.43400D+03       0.66035D-05       0.73525D-01       0.39671D+00       0.37046D+00
       0.43500D+03       0.65979D-05       0.10597D+00       0.39657D+00       0.37093D+00
       0.43600D+03       0.66479D-05       0.54402D-02       0.39656D+00       0.37127D+00
       0.43700D+03       0.66444D-05       0.30382D-01       0.39672D+00       0.37032D+00
       0.43800D+03       0.66297D-05       0.12178D+00       0.39662D+00       0.37077D+00
       0.43900D+03       0.66114D-05       0.32639D-01       0.39653D+00       0.37119D+00
       0.44000D+03       0.66133D-05       0.43718D-02       0.39668D+00       0.37026D+00
       0.44100D+03       0.65940D-05       0.10388D+00       0.39668D+00       0.37063D+00
       0.44200D+03       0.66455D-05       0.76036D-01       0.39653D+00       0.37108D+00
       0.44300D+03       0.66321D-05      -0.11226D-03       0.39661D+00       0.37137D+00
       0.44400D+03       0.66177D-05       0.65087D-01       0.39672D+00       0.37047D+00
       0.44500D+03       0.66205D-05       0.11153D+00       0.39658D+00       0.37091D+00
       0.44600D+03       0.66677D-05       0.92134D-02       0.39655D+00       0.37126D+00
       0.44700D+03       0.66635D-05       0.23823D-01       0.39671D+00       0.37033D+00
       0.44800D+03       0.66436D-05       0.12074D+00       0.39664D+00       0.37075D+00
       0.44900D+03       0.66319D-05       0.40136D-01       0.39653D+00       0.37118D+00
       0.45000D+03       0.66415D-05       0.16354D-02       0.39667D+00       0.37027D+00
       0.45100D+03       0.66240D-05       0.96726D-01       0.39669D+00       0.37062D+00
       0.45200D+03       0.66413D-05       0.83363D-01       0.39654D+00       0.37107D+00
       0.45300D+03       0.66251D-05      -0.35044D-03       0.39660D+00       0.37137D+00
       0.45400D+03       0.66143D-05       0.55962D-01       0.39672D+00       0.37047D+00
       0.45500D+03       0.66250D-05       0.11572D+00       0.39659D+00       0.37090D+00
       0.45600D+03       0.66417D-05       0.13672D-01       0.39655D+00       0.37125D+00
       0.45700D+03       0.66366D-05       0.17942D-01       0.39670D+00       0.37034D+00
       0.45800D+03       0.66150D-05       0.11839D+00       0.39665D+00       0.37074D+00
       0.45900D+03       0.66191D-05       0.48498D-01       0.39653D+00       0.37114D+00
       0.46000D+03       0.66349D-05       0.25687D-04       0.39666D+00       0.37026D+00
       0.46100D+03       0.66173D-05       0.89309D-01       0.39670D+00       0.37056D+00
       0.46200D+03       0.66152D-05       0.90583D-01       0.39655D+00       0.37100D+00
       0.46300D+03       0.66041D-05       0.21248D-03       0.39659D+00       0.37130D+00
       0.46400D+03       0.65975D-05       0.46983D-01       0.39672D+00       0.37042D+00
       0.46500D+03       0.66049D-05       0.11888D+00       0.39660D+00       0.37083D+00
       0.46600D+03       0.65957D-05       0.18911D-01       0.39654D+00       0.37118D+00
       0.46700D+03       0.65910D-05       0.12844D-01       0.39670D+00       0.37030D+00
       0.46800D+03       0.65694D-05       0.11508D+00       0.39666D+00       0.37067D+00
       0.46900D+03       0.66052D-05       0.57563D-01       0.39653D+00       0.37108D+00
       0.47000D+03       0.66168D-05      -0.34060D-03       0.39664D+00       0.37022D+00
       0.47100D+03       0.65997D-05       0.82118D-01       0.39670D+00       0.37050D+00
       0.47200D+03       0.65935D-05       0.98014D-01       0.39656D+00       0.37093D+00
       0.47300D+03       0.66052D-05       0.20396D-02       0.39658D+00       0.37124D+00
       0.47400D+03       0.66015D-05       0.38773D-01       0.39671D+00       0.37037D+00
       0.47500D+03       0.65989D-05       0.12103D+00       0.39661D+00       0.37079D+00
       0.47600D+03       0.65817D-05       0.24917D-01       0.39654D+00       0.37117D+00
       0.47700D+03       0.65791D-05       0.85098D-02       0.39669D+00       0.37031D+00
       0.47800D+03       0.65585D-05       0.11067D+00       0.39667D+00       0.37066D+00
       0.47900D+03       0.66182D-05       0.66621D-01       0.39654D+00       0.37107D+00
       0.48000D+03       0.66172D-05      -0.64138D-04       0.39663D+00       0.37024D+00
       0.48100D+03       0.66017D-05       0.74695D-01       0.39670D+00       0.37051D+00
       0.48200D+03       0.65962D-05       0.10502D+00       0.39657D+00       0.37092D+00
       0.48300D+03       0.66385D-05       0.49378D-02       0.39657D+00       0.37123D+00
       0.48400D+03       0.66355D-05       0.31414D-01       0.39671D+00       0.37038D+00
       0.48500D+03       0.66234D-05       0.12180D+00       0.39662D+00       0.37078D+00
       0.48600D+03       0.66064D-05       0.31589D-01       0.39654D+00       0.37116D+00
       0.48700D+03       0.66076D-05       0.48546D-02       0.39668D+00       0.37032D+00
       0.48800D+03       0.65897D-05       0.10486D+00       0.39668D+00       0.37066D+00
       0.48900D+03       0.66408D-05       0.74890D-01       0.39654D+00       0.37106D+00
       0.49000D+03       0.66301D-05      -0.70474D-04       0.39662D+00       0.37133D+00
       0.49100D+03       0.66168D-05       0.66401D-01       0.39671D+00       0.37051D+00
       0.49200D+03       0.66184D-05       0.11080D+00       0.39658D+00       0.37091D+00
       0.49300D+03       0.66654D-05       0.86101D-02       0.39656D+00       0.37122D+00
       0.49400D+03       0.66619D-05       0.24758D-01       0.39670D+00       0.37039D+00
       0.49500D+03       0.66445D-05       0.12099D+00       0.39663D+00       0.37077D+00
       0.49600D+03       0.66318D-05       0.38968D-01       0.39654D+00       0.37116D+00
       0.49700D+03       0.66388D-05       0.19792D-02       0.39667D+00       0.37033D+00
       0.49800D+03       0.66229D-05       0.97828D-01       0.39668D+00       0.37065D+00
       0.49900D+03       0.66435D-05       0.82298D-01       0.39655D+00       0.37105D+00
       0.50000D+03       0.66293D-05      -0.34343D-03       0.39660D+00       0.37132D+00
       0.50100D+03       0.66198D-05       0.57332D-01       0.39671D+00       0.37051D+00
       0.50200D+03       0.66300D-05       0.11517D+00       0.39659D+00       0.37090D+00
       0.50300D+03       0.66518D-05       0.12962D-01       0.39655D+00       0.37121D+00
       0.50400D+03       0.66474D-05       0.18770D-01       0.39670D+00       0.37039D+00
       0.50500D+03       0.66279D-05       0.11881D+00       0.39664D+00       0.37076D+00
       0.50600D+03       0.66270D-05       0.47200D-01       0.39654D+00       0.37112D+00
       0.50700D+03       0.66400D-05       0.18303D-03       0.39665D+00       0.37032D+00
       0.50800D+03       0.66239D-05       0.90398D-01       0.39669D+00       0.37059D+00
       0.50900D+03       0.66234D-05       0.89492D-01       0.39656D+00       0.37099D+00
       0.51000D+03       0.66123D-05       0.50194D-04       0.39659D+00       0.37126D+00
       0.51100D+03       0.66067D-05       0.48278D-01       0.39671D+00       0.37046D+00
       0.51200D+03       0.66151D-05       0.11847D+00       0.39660D+00       0.37084D+00
       0.51300D+03       0.66104D-05       0.18081D-01       0.39655D+00       0.37116D+00
       0.51400D+03       0.66060D-05       0.13551D-01       0.39669D+00       0.37035D+00
       0.51500D+03       0.65864D-05       0.11563D+00       0.39665D+00       0.37069D+00
       0.51600D+03       0.66115D-05       0.56193D-01       0.39654D+00       0.37106D+00
       0.51700D+03       0.66213D-05      -0.35051D-03       0.39664D+00       0.37028D+00
       0.51800D+03       0.66058D-05       0.83183D-01       0.39669D+00       0.37054D+00
       0.51900D+03       0.66004D-05       0.96912D-01       0.39656D+00       0.37093D+00
       0.52000D+03       0.66072D-05       0.16917D-02       0.39658D+00       0.37121D+00
       0.52100D+03       0.66043D-05       0.39938D-01       0.39671D+00       0.37042D+00
       0.52200D+03       0.66032D-05       0.12078D+00       0.39661D+00       0.37080D+00
       0.52300D+03       0.65888D-05       0.23980D-01       0.39655D+00       0.37115D+00
       0.52400D+03       0.65859D-05       0.91106D-02       0.39668D+00       0.37036D+00
       0.52500D+03       0.65669D-05       0.11141D+00       0.39666D+00       0.37069D+00
       0.52600D+03       0.66170D-05       0.65310D-01       0.39654D+00       0.37105D+00
       0.52700D+03       0.66165D-05      -0.10476D-03       0.39663D+00       0.37029D+00
       0.52800D+03       0.66020D-05       0.75844D-01       0.39670D+00       0.37054D+00
       0.52900D+03       0.65965D-05       0.10404D+00       0.39657D+00       0.37092D+00
       0.53000D+03       0.66327D-05       0.44521D-02       0.39657D+00       0.37120D+00
       0.53100D+03       0.66299D-05       0.32461D-01       0.39670D+00       0.37042D+00
       0.53200D+03       0.66197D-05       0.12179D+00       0.39662D+00       0.37079D+00
       0.53300D+03       0.66043D-05       0.30555D-01       0.39654D+00       0.37114D+00
       0.53400D+03       0.66044D-05       0.53542D-02       0.39667D+00       0.37037D+00
       0.53500D+03       0.65882D-05       0.10581D+00       0.39667D+00       0.37068D+00
       0.53600D+03       0.66357D-05       0.73724D-01       0.39655D+00       0.37105D+00
       0.53700D+03       0.66262D-05      -0.36669D-04       0.39662D+00       0.37129D+00
       0.53800D+03       0.66136D-05       0.67697D-01       0.39670D+00       0.37054D+00
       0.53900D+03       0.66136D-05       0.11003D+00       0.39658D+00       0.37091D+00
       0.54000D+03       0.66584D-05       0.80215D-02       0.39657D+00       0.37119D+00
       0.54100D+03       0.66551D-05       0.25707D-01       0.39670D+00       0.37043D+00
       0.54200D+03       0.66397D-05       0.12121D+00       0.39663D+00       0.37078D+00
       0.54300D+03       0.66275D-05       0.37820D-01       0.39654D+00       0.37113D+00
       0.54400D+03       0.66330D-05       0.23469D-02       0.39666D+00       0.37038D+00
       0.54500D+03       0.66190D-05       0.98923D-01       0.39668D+00       0.37067D+00
       0.54600D+03       0.66401D-05       0.81229D-01       0.39655D+00       0.37104D+00
       0.54700D+03       0.66271D-05      -0.32066D-03       0.39661D+00       0.37128D+00
       0.54800D+03       0.66172D-05       0.58702D-01       0.39670D+00       0.37054D+00
       0.54900D+03       0.66254D-05       0.11460D+00       0.39659D+00       0.37090D+00
       0.55000D+03       0.66476D-05       0.12269D-01       0.39656D+00       0.37119D+00
       0.55100D+03       0.66435D-05       0.19614D-01       0.39669D+00       0.37044D+00
       0.55200D+03       0.66259D-05       0.11920D+00       0.39664D+00       0.37077D+00
       0.55300D+03       0.66245D-05       0.45920D-01       0.39654D+00       0.37113D+00
       0.55400D+03       0.66365D-05       0.36970D-03       0.39665D+00       0.37039D+00
       0.55500D+03       0.66227D-05       0.91495D-01       0.39668D+00       0.37067D+00
       0.55600D+03       0.66235D-05       0.88408D-01       0.39656D+00       0.37103D+00
       0.55700D+03       0.66113D-05      -0.82959D-04       0.39660D+00       0.37128D+00
       0.55800D+03       0.66050D-05       0.49590D-01       0.39670D+00       0.37055D+00
       0.55900D+03       0.66130D-05       0.11803D+00       0.39660D+00       0.37089D+00
       0.56000D+03       0.66098D-05       0.17268D-01       0.39656D+00       0.37118D+00
       0.56100D+03       0.66055D-05       0.14276D-01       0.39669D+00       0.37044D+00
       0.56200D+03       0.65877D-05       0.11616D+00       0.39665D+00       0.37076D+00
       0.56300D+03       0.66078D-05       0.54826D-01       0.39655D+00       0.37109D+00
       0.56400D+03       0.66189D-05      -0.34190D-03       0.39664D+00       0.37038D+00
       0.56500D+03       0.66047D-05       0.84246D-01       0.39669D+00       0.37062D+00
       0.56600D+03       0.65998D-05       0.95805D-01       0.39657D+00       0.37097D+00
       0.56700D+03       0.66021D-05       0.13688D-02       0.39659D+00       0.37123D+00
       0.56800D+03       0.65986D-05       0.41122D-01       0.39670D+00       0.37050D+00
       0.56900D+03       0.65992D-05       0.12051D+00       0.39661D+00       0.37086D+00
       0.57000D+03       0.65860D-05       0.23058D-01       0.39655D+00       0.37117D+00
       0.57100D+03       0.65832D-05       0.97261D-02       0.39668D+00       0.37045D+00
       0.57200D+03       0.65660D-05       0.11212D+00       0.39666D+00       0.37075D+00
       0.57300D+03       0.66126D-05       0.63982D-01       0.39655D+00       0.37109D+00
       0.57400D+03       0.66149D-05      -0.15105D-03       0.39663D+00       0.37039D+00
       0.57500D+03       0.66016D-05       0.76974D-01       0.39669D+00       0.37062D+00
       0.57600D+03       0.65963D-05       0.10304D+00       0.39658D+00       0.37097D+00
       0.57700D+03       0.66246D-05       0.39839D-02       0.39658D+00       0.37122D+00
       0.57800D+03       0.66219D-05       0.33523D-01       0.39670D+00       0.37051D+00
       0.57900D+03       0.66138D-05       0.12174D+00       0.39662D+00       0.37085D+00
       0.58000D+03       0.65993D-05       0.29536D-01       0.39655D+00       0.37117D+00
       0.58100D+03       0.65994D-05       0.58700D-02       0.39667D+00       0.37046D+00
       0.58200D+03       0.65834D-05       0.10674D+00       0.39666D+00       0.37074D+00
       0.58300D+03       0.66324D-05       0.72535D-01       0.39655D+00       0.37108D+00
       0.58400D+03       0.66254D-05      -0.13088D-04       0.39662D+00       0.37130D+00
       0.58500D+03       0.66136D-05       0.68972D-01       0.39669D+00       0.37062D+00
       0.58600D+03       0.66123D-05       0.10923D+00       0.39658D+00       0.37096D+00
       0.58700D+03       0.66537D-05       0.74473D-02       0.39657D+00       0.37121D+00
       0.58800D+03       0.66509D-05       0.26671D-01       0.39669D+00       0.37051D+00
       0.58900D+03       0.66373D-05       0.12139D+00       0.39663D+00       0.37084D+00
       0.59000D+03       0.66254D-05       0.36690D-01       0.39655D+00       0.37116D+00
       0.59100D+03       0.66304D-05       0.27374D-02       0.39666D+00       0.37046D+00
       0.59200D+03       0.66167D-05       0.10001D+00       0.39667D+00       0.37073D+00
       0.59300D+03       0.66423D-05       0.80153D-01       0.39656D+00       0.37107D+00
       0.59400D+03       0.66312D-05      -0.28571D-03       0.39661D+00       0.37130D+00
       0.59500D+03       0.66218D-05       0.60070D-01       0.39669D+00       0.37062D+00
       0.59600D+03       0.66285D-05       0.11400D+00       0.39659D+00       0.37095D+00
       0.59700D+03       0.66533D-05       0.11592D-01       0.39657D+00       0.37121D+00
       0.59800D+03       0.66497D-05       0.20476D-01       0.39669D+00       0.37052D+00
       0.59900D+03       0.66337D-05       0.11958D+00       0.39664D+00       0.37082D+00
       0.60000D+03       0.66298D-05       0.44658D-01       0.39655D+00       0.37115D+00
       0.60100D+03       0.66406D-05       0.58556D-03       0.39665D+00       0.37047D+00
       0.60200D+03       0.66276D-05       0.92598D-01       0.39668D+00       0.37073D+00
       0.60300D+03       0.66311D-05       0.87332D-01       0.39657D+00       0.37106D+00
       0.60400D+03       0.66202D-05      -0.18759D-03       0.39660D+00       0.37129D+00
       0.60500D+03       0.66147D-05       0.50918D-01       0.39669D+00       0.37062D+00
       0.60600D+03       0.66232D-05       0.11758D+00       0.39660D+00       0.37094D+00
       0.60700D+03       0.66242D-05       0.16473D-01       0.39656D+00       0.37120D+00
       0.60800D+03       0.66202D-05       0.15019D-01       0.39668D+00       0.37052D+00
       0.60900D+03       0.66037D-05       0.11667D+00       0.39665D+00       0.37082D+00
       0.61000D+03       0.66174D-05       0.53466D-01       0.39655D+00       0.37112D+00
       0.61100D+03       0.66276D-05      -0.31181D-03       0.39664D+00       0.37046D+00
       0.61200D+03       0.66143D-05       0.85310D-01       0.39668D+00       0.37068D+00
       0.61300D+03       0.66106D-05       0.94695D-01       0.39657D+00       0.37101D+00
       0.61400D+03       0.66110D-05       0.10719D-02       0.39659D+00       0.37124D+00
       0.61500D+03       0.66083D-05       0.42326D-01       0.39669D+00       0.37058D+00
       0.61600D+03       0.66104D-05       0.12021D+00       0.39661D+00       0.37091D+00
       0.61700D+03       0.65993D-05       0.22150D-01       0.39656D+00       0.37120D+00
       0.61800D+03       0.65962D-05       0.10357D-01       0.39668D+00       0.37053D+00
       0.61900D+03       0.65802D-05       0.11280D+00       0.39665D+00       0.37081D+00
       0.62000D+03       0.66183D-05       0.62639D-01       0.39656D+00       0.37112D+00
       0.62100D+03       0.66204D-05      -0.19977D-03       0.39663D+00       0.37047D+00
       0.62200D+03       0.66079D-05       0.78087D-01       0.39668D+00       0.37068D+00
       0.62300D+03       0.66031D-05       0.10201D+00       0.39658D+00       0.37100D+00
       0.62400D+03       0.66271D-05       0.35342D-02       0.39658D+00       0.37124D+00
       0.62500D+03       0.66250D-05       0.34602D-01       0.39669D+00       0.37058D+00
       0.62600D+03       0.66183D-05       0.12165D+00       0.39662D+00       0.37089D+00
       0.62700D+03       0.66051D-05       0.28532D-01       0.39656D+00       0.37119D+00
       0.62800D+03       0.66044D-05       0.64013D-02       0.39667D+00       0.37053D+00
       0.62900D+03       0.65891D-05       0.10763D+00       0.39666D+00       0.37080D+00
       0.63000D+03       0.66334D-05       0.71324D-01       0.39656D+00       0.37111D+00
       0.63100D+03       0.66271D-05      -0.12555D-05       0.39662D+00       0.37131D+00
       0.63200D+03       0.66159D-05       0.70225D-01       0.39669D+00       0.37068D+00
       0.63300D+03       0.66141D-05       0.10840D+00       0.39659D+00       0.37099D+00
       0.63400D+03       0.66533D-05       0.68878D-02       0.39658D+00       0.37123D+00
       0.63500D+03       0.66508D-05       0.27648D-01       0.39669D+00       0.37058D+00
       0.63600D+03       0.66387D-05       0.12154D+00       0.39663D+00       0.37088D+00
       0.63700D+03       0.66273D-05       0.35578D-01       0.39656D+00       0.37118D+00
       0.63800D+03       0.66304D-05       0.31495D-02       0.39666D+00       0.37054D+00
       0.63900D+03       0.66175D-05       0.10107D+00       0.39667D+00       0.37079D+00
       0.64000D+03       0.66432D-05       0.79067D-01       0.39656D+00       0.37110D+00
       0.64100D+03       0.66328D-05      -0.24237D-03       0.39661D+00       0.37131D+00
       0.64200D+03       0.66235D-05       0.61432D-01       0.39669D+00       0.37068D+00
       0.64300D+03       0.66290D-05       0.11338D+00       0.39659D+00       0.37098D+00
       0.64400D+03       0.66555D-05       0.10932D-01       0.39657D+00       0.37123D+00
       0.64500D+03       0.66521D-05       0.21354D-01       0.39668D+00       0.37058D+00
       0.64600D+03       0.66375D-05       0.11992D+00       0.39664D+00       0.37087D+00
       0.64700D+03       0.66321D-05       0.43416D-01       0.39656D+00       0.37117D+00
       0.64800D+03       0.66405D-05       0.83016D-03       0.39665D+00       0.37054D+00
       0.64900D+03       0.66288D-05       0.93705D-01       0.39667D+00       0.37078D+00
       0.65000D+03       0.66332D-05       0.86261D-01       0.39657D+00       0.37109D+00
       0.65100D+03       0.66221D-05      -0.26481D-03       0.39660D+00       0.37130D+00
       0.65200D+03       0.66157D-05       0.52260D-01       0.39669D+00       0.37068D+00
       0.65300D+03       0.66239D-05       0.11711D+00       0.39660D+00       0.37098D+00
       0.65400D+03       0.66273D-05       0.15696D-01       0.39657D+00       0.37122D+00
       0.65500D+03       0.66234D-05       0.15780D-01       0.39668D+00       0.37059D+00
       0.65600D+03       0.66081D-05       0.11716D+00       0.39664D+00       0.37086D+00
       0.65700D+03       0.66182D-05       0.52114D-01       0.39656D+00       0.37115D+00
       0.65800D+03       0.66286D-05      -0.25773D-03       0.39664D+00       0.37053D+00
       0.65900D+03       0.66162D-05       0.86377D-01       0.39668D+00       0.37074D+00
       0.66000D+03       0.66126D-05       0.93585D-01       0.39657D+00       0.37104D+00
       0.66100D+03       0.66090D-05       0.80231D-03       0.39659D+00       0.37126D+00
       0.66200D+03       0.66054D-05       0.43550D-01       0.39669D+00       0.37064D+00
       0.66300D+03       0.66084D-05       0.11989D+00       0.39661D+00       0.37095D+00
       0.66400D+03       0.65988D-05       0.21258D-01       0.39656D+00       0.37121D+00
       0.66500D+03       0.65957D-05       0.11003D-01       0.39667D+00       0.37059D+00
       0.66600D+03       0.65807D-05       0.11345D+00       0.39665D+00       0.37085D+00
       0.66700D+03       0.66136D-05       0.61285D-01       0.39656D+00       0.37114D+00
       0.66800D+03       0.66177D-05      -0.24735D-03       0.39663D+00       0.37054D+00
       0.66900D+03       0.66060D-05       0.79185D-01       0.39668D+00       0.37074D+00
       0.67000D+03       0.66013D-05       0.10096D+00       0.39658D+00       0.37104D+00
       0.67100D+03       0.66186D-05       0.31039D-02       0.39659D+00       0.37125D+00
       0.67200D+03       0.66163D-05       0.35698D-01       0.39669D+00       0.37064D+00
       0.67300D+03       0.66112D-05       0.12153D+00       0.39662D+00       0.37094D+00
       0.67400D+03       0.65989D-05       0.27542D-01       0.39656D+00       0.37121D+00
       0.67500D+03       0.65977D-05       0.69477D-02       0.39667D+00       0.37060D+00
       0.67600D+03       0.65840D-05       0.10849D+00       0.39666D+00       0.37084D+00
       0.67700D+03       0.66279D-05       0.70091D-01       0.39656D+00       0.37113D+00
       0.67800D+03       0.66235D-05      -0.19386D-05       0.39662D+00       0.37054D+00
       0.67900D+03       0.66130D-05       0.71457D-01       0.39668D+00       0.37073D+00
       0.68000D+03       0.66101D-05       0.10754D+00       0.39659D+00       0.37103D+00
       0.68100D+03       0.66440D-05       0.63430D-02       0.39658D+00       0.37125D+00
       0.68200D+03       0.66417D-05       0.28640D-01       0.39668D+00       0.37064D+00
       0.68300D+03       0.66311D-05       0.12166D+00       0.39663D+00       0.37092D+00
       0.68400D+03       0.66201D-05       0.34484D-01       0.39656D+00       0.37120D+00
       0.68500D+03       0.66226D-05       0.35819D-02       0.39666D+00       0.37060D+00
       0.68600D+03       0.66107D-05       0.10212D+00       0.39666D+00       0.37084D+00
       0.68700D+03       0.66396D-05       0.77967D-01       0.39657D+00       0.37113D+00
       0.68800D+03       0.66305D-05      -0.19449D-03       0.39661D+00       0.37132D+00
       0.68900D+03       0.66216D-05       0.62785D-01       0.39668D+00       0.37073D+00
       0.69000D+03       0.66251D-05       0.11272D+00       0.39660D+00       0.37102D+00
       0.69100D+03       0.66525D-05       0.10288D-01       0.39658D+00       0.37124D+00
       0.69200D+03       0.66495D-05       0.22248D-01       0.39668D+00       0.37064D+00
       0.69300D+03       0.66362D-05       0.12025D+00       0.39663D+00       0.37091D+00
       0.69400D+03       0.66299D-05       0.42195D-01       0.39656D+00       0.37119D+00
       0.69500D+03       0.66380D-05       0.11028D-02       0.39665D+00       0.37060D+00
       0.69600D+03       0.66274D-05       0.94815D-01       0.39667D+00       0.37083D+00
       0.69700D+03       0.66352D-05       0.85195D-01       0.39657D+00       0.37112D+00
       0.69800D+03       0.66253D-05      -0.31619D-03       0.39661D+00       0.37131D+00
       0.69900D+03       0.66190D-05       0.53613D-01       0.39668D+00       0.37073D+00
       0.70000D+03       0.66266D-05       0.11662D+00       0.39660D+00       0.37101D+00
       0.70100D+03       0.66323D-05       0.14938D-01       0.39657D+00       0.37124D+00
       0.70200D+03       0.66289D-05       0.16558D-01       0.39667D+00       0.37065D+00
       0.70300D+03       0.66146D-05       0.11763D+00       0.39664D+00       0.37090D+00
       0.70400D+03       0.66211D-05       0.50774D-01       0.39656D+00       0.37117D+00
       0.70500D+03       0.66315D-05      -0.17761D-03       0.39664D+00       0.37059D+00
       0.70600D+03       0.66198D-05       0.87448D-01       0.39667D+00       0.37079D+00
       0.70700D+03       0.66177D-05       0.92478D-01       0.39658D+00       0.37107D+00
       0.70800D+03       0.66136D-05       0.56079D-03       0.39660D+00       0.37127D+00
       0.70900D+03       0.66105D-05       0.44794D-01       0.39668D+00       0.37069D+00
       0.71000D+03       0.66147D-05       0.11954D+00       0.39661D+00       0.37098D+00
       0.71100D+03       0.66071D-05       0.20382D-01       0.39657D+00       0.37123D+00
       0.71200D+03       0.66042D-05       0.11665D-01       0.39667D+00       0.37065D+00
       0.71300D+03       0.65899D-05       0.11407D+00       0.39665D+00       0.37089D+00
       0.71400D+03       0.66175D-05       0.59922D-01       0.39656D+00       0.37116D+00
       0.71500D+03       0.66223D-05      -0.28996D-03       0.39663D+00       0.37060D+00
       0.71600D+03       0.66112D-05       0.80270D-01       0.39668D+00       0.37078D+00
       0.71700D+03       0.66073D-05       0.99889D-01       0.39658D+00       0.37106D+00
       0.71800D+03       0.66223D-05       0.26941D-02       0.39659D+00       0.37127D+00
       0.71900D+03       0.66205D-05       0.36812D-01       0.39668D+00       0.37070D+00
       0.72000D+03       0.66170D-05       0.12137D+00       0.39662D+00       0.37097D+00
       0.72100D+03       0.66054D-05       0.26566D-01       0.39657D+00       0.37122D+00
       0.72200D+03       0.66041D-05       0.75088D-02       0.39666D+00       0.37065D+00
       0.72300D+03       0.65910D-05       0.10932D+00       0.39665D+00       0.37089D+00
       0.72400D+03       0.66310D-05       0.68835D-01       0.39657D+00       0.37115D+00
       0.72500D+03       0.66275D-05      -0.15095D-04       0.39663D+00       0.37060D+00
       0.72600D+03       0.66176D-05       0.72665D-01       0.39668D+00       0.37078D+00
       0.72700D+03       0.66149D-05       0.10664D+00       0.39659D+00       0.37106D+00
       0.72800D+03       0.66473D-05       0.58134D-02       0.39659D+00       0.37126D+00
       0.72900D+03       0.66455D-05       0.29646D-01       0.39668D+00       0.37070D+00
       0.73000D+03       0.66362D-05       0.12174D+00       0.39662D+00       0.37096D+00
       0.73100D+03       0.66254D-05       0.33407D-01       0.39657D+00       0.37122D+00
       0.73200D+03       0.66269D-05       0.40337D-02       0.39666D+00       0.37065D+00
       0.73300D+03       0.66149D-05       0.10315D+00       0.39666D+00       0.37088D+00
       0.73400D+03       0.66437D-05       0.76853D-01       0.39657D+00       0.37115D+00
       0.73500D+03       0.66354D-05      -0.14586D-03       0.39662D+00       0.37132D+00
       0.73600D+03       0.66268D-05       0.64126D-01       0.39668D+00       0.37078D+00
       0.73700D+03       0.66297D-05       0.11204D+00       0.39660D+00       0.37105D+00
       0.73800D+03       0.66591D-05       0.96587D-02       0.39658D+00       0.37126D+00
       0.73900D+03       0.66564D-05       0.23157D-01       0.39668D+00       0.37070D+00
       0.74000D+03       0.66443D-05       0.12054D+00       0.39663D+00       0.37095D+00
       0.74100D+03       0.66372D-05       0.40993D-01       0.39656D+00       0.37121D+00
       0.74200D+03       0.66432D-05       0.14025D-02       0.39665D+00       0.37066D+00
       0.74300D+03       0.66326D-05       0.95925D-01       0.39666D+00       0.37087D+00
       0.74400D+03       0.66410D-05       0.84131D-01       0.39657D+00       0.37114D+00
       0.74500D+03       0.66313D-05      -0.34382D-03       0.39661D+00       0.37132D+00
       0.74600D+03       0.66249D-05       0.54974D-01       0.39668D+00       0.37078D+00
       0.74700D+03       0.66323D-05       0.11611D+00       0.39660D+00       0.37104D+00
       0.74800D+03       0.66412D-05       0.14197D-01       0.39658D+00       0.37125D+00
       0.74900D+03       0.66379D-05       0.17355D-01       0.39667D+00       0.37070D+00
       0.75000D+03       0.66246D-05       0.11808D+00       0.39664D+00       0.37094D+00
       0.75100D+03       0.66275D-05       0.49448D-01       0.39657D+00       0.37119D+00
       0.75200D+03       0.66368D-05      -0.69933D-04       0.39664D+00       0.37064D+00
       0.75300D+03       0.66256D-05       0.88525D-01       0.39667D+00       0.37083D+00
       0.75400D+03       0.66235D-05       0.91376D-01       0.39658D+00       0.37110D+00
       0.75500D+03       0.66174D-05       0.34807D-03       0.39660D+00       0.37128D+00
       0.75600D+03       0.66135D-05       0.46057D-01       0.39668D+00       0.37074D+00
       0.75700D+03       0.66185D-05       0.11916D+00       0.39661D+00       0.37101D+00
       0.75800D+03       0.66130D-05       0.19522D-01       0.39657D+00       0.37125D+00
       0.75900D+03       0.66100D-05       0.12343D-01       0.39667D+00       0.37070D+00
       0.76000D+03       0.65966D-05       0.11466D+00       0.39665D+00       0.37093D+00
       0.76100D+03       0.66195D-05       0.58554D-01       0.39657D+00       0.37118D+00
       0.76200D+03       0.66251D-05      -0.32378D-03       0.39663D+00       0.37065D+00
       0.76300D+03       0.66147D-05       0.81345D-01       0.39667D+00       0.37083D+00
       0.76400D+03       0.66106D-05       0.98805D-01       0.39658D+00       0.37109D+00
       0.76500D+03       0.66195D-05       0.23060D-02       0.39659D+00       0.37128D+00
       0.76600D+03       0.66172D-05       0.37943D-01       0.39668D+00       0.37074D+00
       0.76700D+03       0.66149D-05       0.12118D+00       0.39662D+00       0.37100D+00
       0.76800D+03       0.66042D-05       0.25604D-01       0.39657D+00       0.37124D+00
       0.76900D+03       0.66026D-05       0.80845D-02       0.39666D+00       0.37070D+00
       0.77000D+03       0.65903D-05       0.11012D+00       0.39665D+00       0.37092D+00
       0.77100D+03       0.66275D-05       0.67557D-01       0.39657D+00       0.37117D+00
       0.77200D+03       0.66255D-05      -0.39869D-04       0.39663D+00       0.37066D+00
       0.77300D+03       0.66160D-05       0.73851D-01       0.39667D+00       0.37082D+00
       0.77400D+03       0.66125D-05       0.10571D+00       0.39659D+00       0.37108D+00
       0.77500D+03       0.66395D-05       0.52993D-02       0.39659D+00       0.37127D+00
       0.77600D+03       0.66374D-05       0.30667D-01       0.39668D+00       0.37074D+00
       0.77700D+03       0.66294D-05       0.12179D+00       0.39662D+00       0.37099D+00
       0.77800D+03       0.66191D-05       0.32346D-01       0.39657D+00       0.37123D+00
       0.77900D+03       0.66201D-05       0.45038D-02       0.39666D+00       0.37070D+00
       0.78000D+03       0.66092D-05       0.10415D+00       0.39666D+00       0.37091D+00
       0.78100D+03       0.66395D-05       0.75721D-01       0.39657D+00       0.37117D+00
       0.78200D+03       0.66321D-05      -0.10003D-03       0.39662D+00       0.37133D+00
       0.78300D+03       0.66238D-05       0.65453D-01       0.39668D+00       0.37082D+00
       0.78400D+03       0.66249D-05       0.11133D+00       0.39660D+00       0.37107D+00
       0.78500D+03       0.66524D-05       0.90448D-02       0.39658D+00       0.37127D+00
       0.78600D+03       0.66501D-05       0.24081D-01       0.39667D+00       0.37074D+00
       0.78700D+03       0.66389D-05       0.12081D+00       0.39663D+00       0.37098D+00
       0.78800D+03       0.66318D-05       0.39811D-01       0.39657D+00       0.37123D+00
       0.78900D+03       0.66373D-05       0.17282D-02       0.39665D+00       0.37071D+00
       0.79000D+03       0.66273D-05       0.97032D-01       0.39666D+00       0.37091D+00
       0.79100D+03       0.66383D-05       0.83068D-01       0.39658D+00       0.37116D+00
       0.79200D+03       0.66293D-05      -0.35028D-03       0.39661D+00       0.37133D+00
       0.79300D+03       0.66230D-05       0.56341D-01       0.39668D+00       0.37082D+00
       0.79400D+03       0.66290D-05       0.11557D+00       0.39660D+00       0.37106D+00
       0.79500D+03       0.66395D-05       0.13474D-01       0.39658D+00       0.37126D+00
       0.79600D+03       0.66365D-05       0.18170D-01       0.39667D+00       0.37074D+00
       0.79700D+03       0.66241D-05       0.11851D+00       0.39664D+00       0.37097D+00
       0.79800D+03       0.66256D-05       0.48137D-01       0.39657D+00       0.37120D+00
       0.79900D+03       0.66350D-05       0.66352D-04       0.39664D+00       0.37069D+00
       0.80000D+03       0.66248D-05       0.89610D-01       0.39666D+00       0.37087D+00
       0.80100D+03       0.66240D-05       0.90280D-01       0.39658D+00       0.37112D+00
       0.80200D+03       0.66177D-05       0.16458D-03       0.39660D+00       0.37129D+00
       0.80300D+03       0.66137D-05       0.47340D-01       0.39668D+00       0.37078D+00
       0.80400D+03       0.66184D-05       0.11877D+00       0.39661D+00       0.37102D+00
       0.80500D+03       0.66135D-05       0.18679D-01       0.39658D+00       0.37122D+00
       0.80600D+03       0.66108D-05       0.13038D-01       0.39667D+00       0.37071D+00
       0.80700D+03       0.65982D-05       0.11523D+00       0.39664D+00       0.37093D+00
       0.80800D+03       0.66175D-05       0.57183D-01       0.39657D+00       0.37116D+00
       0.80900D+03       0.66242D-05      -0.34502D-03       0.39663D+00       0.37066D+00
       0.81000D+03       0.66143D-05       0.82414D-01       0.39667D+00       0.37083D+00
       0.81100D+03       0.66109D-05       0.97709D-01       0.39659D+00       0.37108D+00
       0.81200D+03       0.66172D-05       0.19408D-02       0.39660D+00       0.37126D+00
       0.81300D+03       0.66154D-05       0.39094D-01       0.39668D+00       0.37075D+00
       0.81400D+03       0.66141D-05       0.12096D+00       0.39662D+00       0.37100D+00
       0.81500D+03       0.66041D-05       0.24656D-01       0.39657D+00       0.37122D+00
       0.81600D+03       0.66026D-05       0.86748D-02       0.39666D+00       0.37071D+00
       0.81700D+03       0.65904D-05       0.11088D+00       0.39665D+00       0.37092D+00
       0.81800D+03       0.66245D-05       0.66260D-01       0.39657D+00       0.37116D+00
       0.81900D+03       0.66239D-05      -0.74659D-04       0.39663D+00       0.37067D+00
       0.82000D+03       0.66148D-05       0.75015D-01       0.39667D+00       0.37083D+00
       0.82100D+03       0.66116D-05       0.10475D+00       0.39659D+00       0.37107D+00
       0.82200D+03       0.66366D-05       0.48015D-02       0.39659D+00       0.37125D+00
       0.82300D+03       0.66349D-05       0.31702D-01       0.39667D+00       0.37075D+00
       0.82400D+03       0.66280D-05       0.12180D+00       0.39662D+00       0.37099D+00
       0.82500D+03       0.66180D-05       0.31301D-01       0.39657D+00       0.37121D+00
       0.82600D+03       0.66184D-05       0.49914D-02       0.39665D+00       0.37071D+00
       0.82700D+03       0.66078D-05       0.10513D+00       0.39665D+00       0.37091D+00
       0.82800D+03       0.66381D-05       0.74569D-01       0.39658D+00       0.37115D+00
       0.82900D+03       0.66317D-05      -0.60200D-04       0.39662D+00       0.37131D+00
       0.83000D+03       0.66239D-05       0.66762D-01       0.39667D+00       0.37082D+00
       0.83100D+03       0.66248D-05       0.11059D+00       0.39660D+00       0.37106D+00
       0.83200D+03       0.66535D-05       0.84456D-02       0.39659D+00       0.37125D+00
       0.83300D+03       0.66515D-05       0.25020D-01       0.39667D+00       0.37075D+00
       0.83400D+03       0.66413D-05       0.12105D+00       0.39663D+00       0.37098D+00
       0.83500D+03       0.66336D-05       0.38648D-01       0.39657D+00       0.37121D+00
       0.83600D+03       0.66375D-05       0.20787D-02       0.39665D+00       0.37072D+00
       0.83700D+03       0.66280D-05       0.98133D-01       0.39666D+00       0.37091D+00
       0.83800D+03       0.66406D-05       0.82002D-01       0.39658D+00       0.37114D+00
       0.83900D+03       0.66322D-05      -0.33855D-03       0.39661D+00       0.37130D+00
       0.84000D+03       0.66260D-05       0.57712D-01       0.39667D+00       0.37082D+00
       0.84100D+03       0.66322D-05       0.11501D+00       0.39660D+00       0.37106D+00
       0.84200D+03       0.66466D-05       0.12768D-01       0.39658D+00       0.37124D+00
       0.84300D+03       0.66439D-05       0.19002D-01       0.39667D+00       0.37075D+00
       0.84400D+03       0.66323D-05       0.11892D+00       0.39664D+00       0.37097D+00
       0.84500D+03       0.66312D-05       0.46843D-01       0.39657D+00       0.37118D+00
       0.84600D+03       0.66389D-05       0.23181D-03       0.39664D+00       0.37070D+00
       0.84700D+03       0.66292D-05       0.90702D-01       0.39666D+00       0.37087D+00
       0.84800D+03       0.66290D-05       0.89191D-01       0.39658D+00       0.37111D+00
       0.84900D+03       0.66219D-05       0.10403D-04       0.39660D+00       0.37127D+00
       0.85000D+03       0.66179D-05       0.48640D-01       0.39667D+00       0.37079D+00
       0.85100D+03       0.66234D-05       0.11835D+00       0.39661D+00       0.37102D+00
       0.85200D+03       0.66210D-05       0.17854D-01       0.39658D+00       0.37121D+00
       0.85300D+03       0.66183D-05       0.13750D-01       0.39666D+00       0.37072D+00
       0.85400D+03       0.66065D-05       0.11578D+00       0.39664D+00       0.37093D+00
       0.85500D+03       0.66207D-05       0.55814D-01       0.39657D+00       0.37115D+00
       0.85600D+03       0.66270D-05      -0.35011D-03       0.39664D+00       0.37068D+00
       0.85700D+03       0.66174D-05       0.83478D-01       0.39667D+00       0.37083D+00
       0.85800D+03       0.66140D-05       0.96606D-01       0.39659D+00       0.37107D+00
       0.85900D+03       0.66175D-05       0.15997D-02       0.39660D+00       0.37124D+00
       0.86000D+03       0.66152D-05       0.40264D-01       0.39667D+00       0.37076D+00
       0.86100D+03       0.66151D-05       0.12071D+00       0.39662D+00       0.37099D+00
       0.86200D+03       0.66064D-05       0.23723D-01       0.39658D+00       0.37120D+00
       0.86300D+03       0.66046D-05       0.92796D-02       0.39666D+00       0.37072D+00
       0.86400D+03       0.65931D-05       0.11161D+00       0.39665D+00       0.37092D+00
       0.86500D+03       0.66235D-05       0.64943D-01       0.39657D+00       0.37114D+00
       0.86600D+03       0.66237D-05      -0.11715D-03       0.39663D+00       0.37068D+00
       0.86700D+03       0.66148D-05       0.76159D-01       0.39667D+00       0.37083D+00
       0.86800D+03       0.66114D-05       0.10377D+00       0.39659D+00       0.37106D+00
       0.86900D+03       0.66318D-05       0.43206D-02       0.39659D+00       0.37123D+00
       0.87000D+03       0.66301D-05       0.32753D-01       0.39667D+00       0.37076D+00
       0.87100D+03       0.66242D-05       0.12178D+00       0.39662D+00       0.37098D+00
       0.87200D+03       0.66146D-05       0.30272D-01       0.39658D+00       0.37120D+00
       0.87300D+03       0.66146D-05       0.54955D-02       0.39665D+00       0.37072D+00
       0.87400D+03       0.66047D-05       0.10607D+00       0.39665D+00       0.37091D+00
       0.87500D+03       0.66350D-05       0.73397D-01       0.39658D+00       0.37114D+00
       0.87600D+03       0.66293D-05      -0.29034D-04       0.39662D+00       0.37128D+00
       0.87700D+03       0.66216D-05       0.68052D-01       0.39667D+00       0.37083D+00
       0.87800D+03       0.66212D-05       0.10982D+00       0.39660D+00       0.37105D+00
       0.87900D+03       0.66478D-05       0.78610D-02       0.39659D+00       0.37123D+00
       0.88000D+03       0.66459D-05       0.25973D-01       0.39667D+00       0.37076D+00
       0.88100D+03       0.66365D-05       0.12126D+00       0.39663D+00       0.37097D+00
       0.88200D+03       0.66289D-05       0.37505D-01       0.39657D+00       0.37119D+00
       0.88300D+03       0.66322D-05       0.24529D-02       0.39665D+00       0.37072D+00
       0.88400D+03       0.66231D-05       0.99224D-01       0.39666D+00       0.37091D+00
       0.88500D+03       0.66379D-05       0.80932D-01       0.39658D+00       0.37113D+00
       0.88600D+03       0.66299D-05      -0.31204D-03       0.39661D+00       0.37128D+00
       0.88700D+03       0.66238D-05       0.59082D-01       0.39667D+00       0.37083D+00
       0.88800D+03       0.66283D-05       0.11443D+00       0.39660D+00       0.37105D+00
       0.88900D+03       0.66425D-05       0.12080D-01       0.39659D+00       0.37122D+00
       0.89000D+03       0.66400D-05       0.19851D-01       0.39667D+00       0.37076D+00
       0.89100D+03       0.66291D-05       0.11931D+00       0.39663D+00       0.37096D+00
       0.89200D+03       0.66282D-05       0.45568D-01       0.39657D+00       0.37118D+00
       0.89300D+03       0.66358D-05       0.42660D-03       0.39664D+00       0.37073D+00
       0.89400D+03       0.66271D-05       0.91800D-01       0.39666D+00       0.37090D+00
       0.89500D+03       0.66280D-05       0.88109D-01       0.39658D+00       0.37113D+00
       0.89600D+03       0.66206D-05      -0.11477D-03       0.39661D+00       0.37128D+00
       0.89700D+03       0.66165D-05       0.49957D-01       0.39667D+00       0.37083D+00
       0.89800D+03       0.66216D-05       0.11791D+00       0.39661D+00       0.37104D+00
       0.89900D+03       0.66203D-05       0.17046D-01       0.39658D+00       0.37122D+00
       0.90000D+03       0.66177D-05       0.14480D-01       0.39666D+00       0.37076D+00
       0.90100D+03       0.66065D-05       0.11631D+00       0.39664D+00       0.37096D+00
       0.90200D+03       0.66185D-05       0.54448D-01       0.39658D+00       0.37117D+00
       0.90300D+03       0.66260D-05      -0.33584D-03       0.39664D+00       0.37072D+00
       0.90400D+03       0.66170D-05       0.84541D-01       0.39666D+00       0.37087D+00
       0.90500D+03       0.66142D-05       0.95497D-01       0.39659D+00       0.37109D+00
       0.90600D+03       0.66152D-05       0.12838D-02       0.39660D+00       0.37125D+00
       0.90700D+03       0.66128D-05       0.41453D-01       0.39667D+00       0.37079D+00
       0.90800D+03       0.66135D-05       0.12043D+00       0.39662D+00       0.37102D+00
       0.90900D+03       0.66053D-05       0.22805D-01       0.39658D+00       0.37121D+00
       0.91000D+03       0.66036D-05       0.98993D-02       0.39666D+00       0.37076D+00
       0.91100D+03       0.65928D-05       0.11231D+00       0.39664D+00       0.37095D+00
       0.91200D+03       0.66211D-05       0.63611D-01       0.39658D+00       0.37116D+00
       0.91300D+03       0.66230D-05      -0.16446D-03       0.39663D+00       0.37072D+00
       0.91400D+03       0.66145D-05       0.77284D-01       0.39667D+00       0.37086D+00
       0.91500D+03       0.66112D-05       0.10276D+00       0.39659D+00       0.37108D+00
       0.91600D+03       0.66284D-05       0.38574D-02       0.39660D+00       0.37124D+00
       0.91700D+03       0.66269D-05       0.33820D-01       0.39667D+00       0.37079D+00
       0.91800D+03       0.66220D-05       0.12172D+00       0.39662D+00       0.37101D+00
       0.91900D+03       0.66127D-05       0.29257D-01       0.39658D+00       0.37121D+00
       0.92000D+03       0.66126D-05       0.60157D-02       0.39665D+00       0.37076D+00
       0.92100D+03       0.66025D-05       0.10699D+00       0.39665D+00       0.37094D+00
       0.92200D+03       0.66329D-05       0.72202D-01       0.39658D+00       0.37115D+00
       0.92300D+03       0.66284D-05      -0.85837D-05       0.39662D+00       0.37129D+00
       0.92400D+03       0.66210D-05       0.69321D-01       0.39667D+00       0.37086D+00
       0.92500D+03       0.66202D-05       0.10901D+00       0.39660D+00       0.37108D+00
       0.92600D+03       0.66465D-05       0.72908D-02       0.39659D+00       0.37124D+00
       0.92700D+03       0.66448D-05       0.26940D-01       0.39667D+00       0.37079D+00
       0.92800D+03       0.66363D-05       0.12144D+00       0.39663D+00       0.37100D+00
       0.92900D+03       0.66286D-05       0.36380D-01       0.39658D+00       0.37120D+00
       0.93000D+03       0.66313D-05       0.28495D-02       0.39665D+00       0.37076D+00
       0.93100D+03       0.66226D-05       0.10030D+00       0.39665D+00       0.37093D+00
       0.93200D+03       0.66389D-05       0.79853D-01       0.39658D+00       0.37115D+00
       0.93300D+03       0.66317D-05      -0.27437D-03       0.39661D+00       0.37129D+00
       0.93400D+03       0.66259D-05       0.60448D-01       0.39667D+00       0.37086D+00
       0.93500D+03       0.66302D-05       0.11383D+00       0.39660D+00       0.37107D+00
       0.93600D+03       0.66470D-05       0.11408D-01       0.39659D+00       0.37123D+00
       0.93700D+03       0.66447D-05       0.20718D-01       0.39666D+00       0.37079D+00
       0.93800D+03       0.66346D-05       0.11967D+00       0.39663D+00       0.37099D+00
       0.93900D+03       0.66315D-05       0.44312D-01       0.39658D+00       0.37120D+00
       0.94000D+03       0.66374D-05       0.65048D-03       0.39664D+00       0.37076D+00
       0.94100D+03       0.66295D-05       0.92904D-01       0.39666D+00       0.37093D+00
       0.94200D+03       0.66319D-05       0.87034D-01       0.39659D+00       0.37114D+00
       0.94300D+03       0.66246D-05      -0.21167D-03       0.39661D+00       0.37129D+00
       0.94400D+03       0.66209D-05       0.51289D-01       0.39667D+00       0.37086D+00
       0.94500D+03       0.66266D-05       0.11745D+00       0.39661D+00       0.37106D+00
       0.94600D+03       0.66282D-05       0.16256D-01       0.39658D+00       0.37123D+00
       0.94700D+03       0.66256D-05       0.15228D-01       0.39666D+00       0.37079D+00
       0.94800D+03       0.66150D-05       0.11681D+00       0.39664D+00       0.37098D+00
       0.94900D+03       0.66231D-05       0.53090D-01       0.39658D+00       0.37118D+00
       0.95000D+03       0.66296D-05      -0.29933D-03       0.39664D+00       0.37075D+00
       0.95100D+03       0.66210D-05       0.85605D-01       0.39666D+00       0.37090D+00
       0.95200D+03       0.66184D-05       0.94387D-01       0.39659D+00       0.37111D+00
       0.95300D+03       0.66179D-05       0.99447D-03       0.39660D+00       0.37126D+00
       0.95400D+03       0.66159D-05       0.42663D-01       0.39667D+00       0.37083D+00
       0.95500D+03       0.66173D-05       0.12012D+00       0.39661D+00       0.37104D+00
       0.95600D+03       0.66105D-05       0.21901D-01       0.39658D+00       0.37123D+00
       0.95700D+03       0.66086D-05       0.10534D-01       0.39666D+00       0.37079D+00
       0.95800D+03       0.65982D-05       0.11298D+00       0.39664D+00       0.37097D+00
       0.95900D+03       0.66221D-05       0.62265D-01       0.39658D+00       0.37117D+00
       0.96000D+03       0.66237D-05      -0.21323D-03       0.39663D+00       0.37075D+00
       0.96100D+03       0.66155D-05       0.78393D-01       0.39666D+00       0.37089D+00
       0.96200D+03       0.66123D-05       0.10172D+00       0.39659D+00       0.37110D+00
       0.96300D+03       0.66267D-05       0.34130D-02       0.39660D+00       0.37125D+00
       0.96400D+03       0.66253D-05       0.34904D-01       0.39667D+00       0.37083D+00
       0.96500D+03       0.66211D-05       0.12162D+00       0.39662D+00       0.37103D+00
       0.96600D+03       0.66125D-05       0.28256D-01       0.39658D+00       0.37122D+00
       0.96700D+03       0.66119D-05       0.65512D-02       0.39665D+00       0.37079D+00
       0.96800D+03       0.66021D-05       0.10788D+00       0.39665D+00       0.37097D+00
       0.96900D+03       0.66307D-05       0.70985D-01       0.39658D+00       0.37117D+00
       0.97000D+03       0.66268D-05      -0.18005D-06       0.39662D+00       0.37130D+00
       0.97100D+03       0.66195D-05       0.70569D-01       0.39666D+00       0.37089D+00
       0.97200D+03       0.66180D-05       0.10817D+00       0.39660D+00       0.37109D+00
       0.97300D+03       0.66430D-05       0.67354D-02       0.39659D+00       0.37125D+00
       0.97400D+03       0.66414D-05       0.27922D-01       0.39666D+00       0.37083D+00
       0.97500D+03       0.66336D-05       0.12158D+00       0.39663D+00       0.37102D+00
       0.97600D+03       0.66261D-05       0.35274D-01       0.39658D+00       0.37122D+00
       0.97700D+03       0.66279D-05       0.32673D-02       0.39665D+00       0.37079D+00
       0.97800D+03       0.66198D-05       0.10137D+00       0.39665D+00       0.37096D+00
       0.97900D+03       0.66372D-05       0.78763D-01       0.39658D+00       0.37116D+00
       0.98000D+03       0.66304D-05      -0.22939D-03       0.39662D+00       0.37130D+00
       0.98100D+03       0.66243D-05       0.61808D-01       0.39667D+00       0.37089D+00
       0.98200D+03       0.66275D-05       0.11320D+00       0.39660D+00       0.37109D+00
       0.98300D+03       0.66452D-05       0.10752D-01       0.39659D+00       0.37125D+00
       0.98400D+03       0.66431D-05       0.21600D-01       0.39666D+00       0.37082D+00
       0.98500D+03       0.66336D-05       0.12002D+00       0.39663D+00       0.37101D+00
       0.98600D+03       0.66299D-05       0.43076D-01       0.39658D+00       0.37121D+00
       0.98700D+03       0.66354D-05       0.90293D-03       0.39664D+00       0.37080D+00
       0.98800D+03       0.66280D-05       0.94012D-01       0.39665D+00       0.37095D+00
       0.98900D+03       0.66314D-05       0.85965D-01       0.39659D+00       0.37116D+00
       0.99000D+03       0.66240D-05      -0.28155D-03       0.39661D+00       0.37130D+00
       0.99100D+03       0.66198D-05       0.52634D-01       0.39667D+00       0.37089D+00
       0.99200D+03       0.66249D-05       0.11698D+00       0.39661D+00       0.37108D+00
       0.99300D+03       0.66272D-05       0.15484D-01       0.39659D+00       0.37124D+00
       0.99400D+03       0.66247D-05       0.15994D-01       0.39666D+00       0.37082D+00
       0.99500D+03       0.66147D-05       0.11729D+00       0.39664D+00       0.37101D+00
       0.99600D+03       0.66213D-05       0.51741D-01       0.39658D+00       0.37119D+00
       0.99700D+03       0.66284D-05      -0.23821D-03       0.39664D+00       0.37078D+00
       0.99800D+03       0.66202D-05       0.86673D-01       0.39666D+00       0.37092D+00
       0.99900D+03       0.66179D-05       0.93278D-01       0.39659D+00       0.37112D+00
       0.10000D+04       0.66151D-05       0.73255D-03       0.39660D+00       0.37127D+00
       0.10010D+04       0.66127D-05       0.43893D-01       0.39667D+00       0.37086D+00
       0.10020D+04       0.66149D-05       0.11979D+00       0.39661D+00       0.37106D+00
       0.10030D+04       0.66086D-05       0.21014D-01       0.39658D+00       0.37124D+00
       0.10040D+04       0.66066D-05       0.11185D-01       0.39666D+00       0.37082D+00
       0.10050D+04       0.65967D-05       0.11362D+00       0.39664D+00       0.37100D+00
       0.10060D+04       0.66183D-05       0.60908D-01       0.39658D+00       0.37119D+00
       0.10070D+04       0.66216D-05      -0.25981D-03       0.39663D+00       0.37079D+00
       0.10080D+04       0.66138D-05       0.79487D-01       0.39666D+00       0.37092D+00
       0.10090D+04       0.66107D-05       0.10066D+00       0.39660D+00       0.37112D+00
       0.10100D+04       0.66218D-05       0.29882D-02       0.39660D+00       0.37126D+00
       0.10110D+04       0.66202D-05       0.36005D-01       0.39667D+00       0.37086D+00
       0.10120D+04       0.66170D-05       0.12149D+00       0.39662D+00       0.37105D+00
       0.10130D+04       0.66088D-05       0.27270D-01       0.39658D+00       0.37123D+00
       0.10140D+04       0.66082D-05       0.71017D-02       0.39665D+00       0.37082D+00
       0.10150D+04       0.65990D-05       0.10873D+00       0.39665D+00       0.37099D+00
       0.10160D+04       0.66285D-05       0.69745D-01       0.39658D+00       0.37118D+00
       0.10170D+04       0.66261D-05      -0.43549D-05       0.39662D+00       0.37079D+00
