periods   4 
begin filament 
mirror NIL 
  1.115589304452976E+00   9.971615095635789E-01   2.758770820020943E-01   1.000000000000000E+05
  1.133986807265069E+00   1.023137999070785E+00   2.579548449155971E-01   1.000000000000000E+05
  1.153910168541921E+00   1.051310087663774E+00   2.388278087261313E-01   1.000000000000000E+05
  1.174861804079204E+00   1.080775636938555E+00   2.176148542769163E-01   1.000000000000000E+05
  1.196117498202548E+00   1.110299065553581E+00   1.935635954202817E-01   1.000000000000000E+05
  1.216775948652230E+00   1.138404454652027E+00   1.661605522224534E-01   1.000000000000000E+05
  1.235831184991310E+00   1.163500277733503E+00   1.352144424819592E-01   1.000000000000000E+05
  1.252260758512031E+00   1.184023083445143E+00   1.009014163041453E-01   1.000000000000000E+05
  1.265120468616625E+00   1.198584831989716E+00   6.376576396992957E-02   1.000000000000000E+05
  1.273635316150934E+00   1.206107734629048E+00   2.467523162856407E-02   1.000000000000000E+05
  1.277276514574043E+00   1.205931509667804E+00  -1.526413290382055E-02   1.000000000000000E+05
  1.275815751888442E+00   1.197880848732322E+00  -5.482345721436053E-02   1.000000000000000E+05
  1.269350334110065E+00   1.182285257996759E+00  -9.278271618578796E-02   1.000000000000000E+05
  1.258296072938351E+00   1.159948785429314E+00  -1.280622592782425E-01   1.000000000000000E+05
  1.243348422546341E+00   1.132072826767308E+00  -1.598377135999762E-01   1.000000000000000E+05
  1.225415984908516E+00   1.100140533454352E+00  -1.876237506629638E-01   1.000000000000000E+05
  1.205533651819032E+00   1.065775678782779E+00  -2.113160445851702E-01   1.000000000000000E+05
  1.184764951806970E+00   1.030591648710581E+00  -2.311859833458203E-01   1.000000000000000E+05
  1.164104341907137E+00   9.960471732525347E-01  -2.478286613854760E-01   1.000000000000000E+05
  1.144390086667316E+00   9.633243947604592E-01  -2.620706218307395E-01   1.000000000000000E+05
  1.126237015259506E+00   9.332420158475740E-01  -2.748489694652154E-01   1.000000000000000E+05
  1.109996011981405E+00   9.062119431243971E-01  -2.870771779290436E-01   1.000000000000000E+05
  1.095743878633154E+00   8.822425842050564E-01  -2.995146861299708E-01   1.000000000000000E+05
  1.083303606768705E+00   8.609864168285603E-01  -3.126569845595904E-01   1.000000000000000E+05
  1.072291555688001E+00   8.418243114115889E-01  -3.266603736338806E-01   1.000000000000000E+05
  1.062184979144244E+00   8.239749758541342E-01  -3.413112466558064E-01   1.000000000000000E+05
  1.052401145844843E+00   8.066152927401823E-01  -3.560441550480375E-01   1.000000000000000E+05
  1.042378211115674E+00   7.889965273939521E-01  -3.700067612052451E-01   1.000000000000000E+05
  1.031648133103739E+00   7.705424630493481E-01  -3.821638547008441E-01   1.000000000000000E+05
  1.019893245617672E+00   7.509182930550906E-01  -3.914276527460749E-01   1.000000000000000E+05
  1.006980412550966E+00   7.300631846904273E-01  -3.967982536220738E-01   1.000000000000000E+05
  9.929696852844523E-01   7.081842803020351E-01  -3.974967857362304E-01   1.000000000000000E+05
  9.780976731080331E-01   6.857148865820006E-01  -3.930746601714863E-01   1.000000000000000E+05
  9.627389961775165E-01   6.632440835757474E-01  -3.834852774657429E-01   1.000000000000000E+05
  9.473518237732863E-01   6.414283993958575E-01  -3.691091827511608E-01   1.000000000000000E+05
  9.324152854078491E-01   6.208981301847876E-01  -3.507294157968875E-01   1.000000000000000E+05
  9.183672714837643E-01   6.021711222142840E-01  -3.294599345156395E-01   1.000000000000000E+05
  9.055507465946983E-01   5.855853827995927E-01  -3.066357286184173E-01   1.000000000000000E+05
  8.941752615627174E-01   5.712589773008041E-01  -2.836778657863629E-01   1.000000000000000E+05
  8.842980831914421E-01   5.590817159822311E-01  -2.619496537909203E-01   1.000000000000000E+05
  8.758265808006908E-01   5.487386817962517E-01  -2.426210046473722E-01   1.000000000000000E+05
  8.685405941833026E-01   5.397612996560129E-01  -2.265568592120483E-01   1.000000000000000E+05
  8.621308474654055E-01   5.315979775216123E-01  -2.142423520402708E-01   1.000000000000000E+05
  8.562474154881892E-01   5.236938384598995E-01  -2.057526920252856E-01   1.000000000000000E+05
  8.505510557983362E-01   5.155680283073265E-01  -2.007701184005285E-01   1.000000000000000E+05
  8.447600327962118E-01   5.068776418894735E-01  -1.986444862520271E-01   1.000000000000000E+05
  8.386858870923801E-01   4.974593637423644E-01  -1.984887770654398E-01   1.000000000000000E+05
  8.322533131140397E-01   4.873431697710178E-01  -1.992967737359869E-01   1.000000000000000E+05
  8.255016552999904E-01   4.767364297671534E-01  -2.000677777056306E-01   1.000000000000000E+05
  8.185681892406191E-01   4.659809374933870E-01  -1.999228452243731E-01   1.000000000000000E+05
  8.116559527006653E-01   4.554892044752705E-01  -1.981985906510855E-01   1.000000000000000E+05
  8.049910782662640E-01   4.456692705319069E-01  -1.945079038574280E-01   1.000000000000000E+05
  7.987760592138063E-01   4.368489171131070E-01  -1.887614943832502E-01   1.000000000000000E+05
  7.931459561512603E-01   4.292103026970568E-01  -1.811493901835795E-01   1.000000000000000E+05
  7.881341508997256E-01   4.227446598528763E-01  -1.720866945163103E-01   1.000000000000000E+05
  7.836529355174490E-01   4.172339915867541E-01  -1.621323704789337E-01   1.000000000000000E+05
  7.794921716223702E-01   4.122630475992727E-01  -1.518930148019660E-01   1.000000000000000E+05
  7.753367498698450E-01   4.072607431895591E-01  -1.419251149413685E-01   1.000000000000000E+05
  7.708009631334765E-01   4.015661589672830E-01  -1.326489964261728E-01   1.000000000000000E+05
  7.654755348935470E-01   3.945108683154669E-01  -1.242856440547910E-01   1.000000000000000E+05
  7.589812378127214E-01   3.855070355510593E-01  -1.168241320041805E-01   1.000000000000000E+05
  7.510220407709743E-01   3.741298185212613E-01  -1.100230179932704E-01   1.000000000000000E+05
  7.414306706738497E-01   3.601832158935090E-01  -1.034443529565754E-01   1.000000000000000E+05
  7.302003760886928E-01   3.437405407032266E-01  -9.651456875399590E-02   1.000000000000000E+05
  7.174984136133705E-01   3.251539066814614E-01  -8.860301576563888E-02   1.000000000000000E+05
  7.036591142100367E-01   3.050310581074456E-01  -7.910678093049642E-02   1.000000000000000E+05
  6.891570151218234E-01   2.841820369072272E-01  -6.752988512815808E-02   1.000000000000000E+05
  6.745631149812286E-01   2.635420154056966E-01  -5.354607404155162E-02   1.000000000000000E+05
  6.604894854666936E-01   2.440796286813789E-01  -3.703699144525302E-02   1.000000000000000E+05
  6.475289663767214E-01   2.267019283465828E-01  -1.810117503575590E-02   1.000000000000000E+05
  6.361972879692928E-01   2.121674243714665E-01   2.966481726083315E-03   1.000000000000000E+05
  6.268846276498169E-01   2.010175497526938E-01   2.572099453806766E-02   1.000000000000000E+05
  6.198223670986007E-01   1.935344357554190E-01   4.963192619020143E-02   1.000000000000000E+05
  6.150688396094344E-01   1.897294564396714E-01   7.415659889901803E-02   1.000000000000000E+05
  6.125154108133647E-01   1.893630497849208E-01   9.881106503511895E-02   1.000000000000000E+05
  6.119116443429753E-01   1.919923725933246E-01   1.232285541543484E-01   1.000000000000000E+05
  6.129059090546838E-01   1.970399149579490E-01   1.471971061819280E-01   1.000000000000000E+05
  6.150958986379255E-01   2.038737298776912E-01   1.706712547773433E-01   1.000000000000000E+05
  6.180823995731228E-01   2.118887337617260E-01   1.937564854486913E-01   1.000000000000000E+05
  6.215193988254755E-01   2.205787400902826E-01   2.166692080901445E-01   1.000000000000000E+05
  6.251542875979259E-01   2.295904478785698E-01   2.396785826443681E-01   1.000000000000000E+05
  6.288533894946118E-01   2.387532851021545E-01   2.630392094367835E-01   1.000000000000000E+05
  6.326101113894792E-01   2.480824244168640E-01   2.869250636049656E-01   1.000000000000000E+05
  6.365353963733631E-01   2.577559701161514E-01   3.113749209947059E-01   1.000000000000000E+05
  6.408325253939994E-01   2.680707585346073E-01   3.362579068267701E-01   1.000000000000000E+05
  6.457603487321179E-01   2.793839562299683E-01   3.612649230327963E-01   1.000000000000000E+05
  6.515904606478846E-01   2.920493209876034E-01   3.859279778905166E-01   1.000000000000000E+05
  6.585644761847362E-01   3.063574003516623E-01   4.096653771374252E-01   1.000000000000000E+05
  6.668573537773501E-01   3.224880491804022E-01   4.318469133780884E-01   1.000000000000000E+05
  6.765516754854656E-01   3.404816003391772E-01   4.518701544870086E-01   1.000000000000000E+05
  6.876261047558533E-01   3.602321281885974E-01   4.692371200519656E-01   1.000000000000000E+05
  6.999591355181560E-01   3.815029247747314E-01   4.836203183708755E-01   1.000000000000000E+05
  7.133470270604122E-01   4.039610406926173E-01   4.949083594422796E-01   1.000000000000000E+05
  7.275328004641611E-01   4.272249921613341E-01   5.032240091861575E-01   1.000000000000000E+05
  7.422416377900827E-01   4.509178921968643E-01   5.089112565045539E-01   1.000000000000000E+05
  7.572171882027942E-01   4.747175854892833E-01   5.124922263112900E-01   1.000000000000000E+05
  7.722532598572367E-01   4.983959454949973E-01   5.145990034762306E-01   1.000000000000000E+05
  7.872161614247200E-01   5.218412404629482E-01   5.158890462150235E-01   1.000000000000000E+05
  8.020544363069494E-01   5.450601371507553E-01   5.169553515739549E-01   1.000000000000000E+05
  8.167946906264401E-01   5.681590992884297E-01   5.182435275158250E-01   1.000000000000000E+05
  8.315243687714264E-01   5.913081868626981E-01   5.199872629021790E-01   1.000000000000000E+05
  8.463643641089806E-01   6.146930937985094E-01   5.221714303442766E-01   1.000000000000000E+05
  8.614359686694500E-01   6.384632522660280E-01   5.245284885532231E-01   1.000000000000000E+05
  8.768276223224953E-01   6.626846736732439E-01   5.265694351719589E-01   1.000000000000000E+05
  8.925670690232685E-01   6.873057418173111E-01   5.276458855735782E-01   1.000000000000000E+05
  9.086038288098992E-01   7.121424585858649E-01   5.270355497298679E-01   1.000000000000000E+05
  9.248054336253710E-01   7.368868843647729E-01   5.240400393087404E-01   1.000000000000000E+05
  9.409688474869681E-01   7.611390853254862E-01   5.180820306611453E-01   1.000000000000000E+05
  9.568461768402942E-01   7.844592743564009E-01   5.087886197961112E-01   1.000000000000000E+05
  9.721815023174217E-01   8.064335283447852E-01   4.960492889539631E-01   1.000000000000000E+05
  9.867537583991126E-01   8.267439678817198E-01   4.800400790626041E-01   1.000000000000000E+05
  1.000419339233704E+00   8.452329834082073E-01   4.612099294323266E-01   1.000000000000000E+05
  1.013147719681002E+00   8.619512166682702E-01   4.402301404460864E-01   1.000000000000000E+05
  1.025043939183806E+00   8.771805997522555E-01   4.179128788332261E-01   1.000000000000000E+05
  1.036353262102855E+00   8.914266564713145E-01   3.951089144027386E-01   1.000000000000000E+05
  1.047445534920856E+00   9.053781381476017E-01   3.725977704219050E-01   1.000000000000000E+05
  1.058779434484479E+00   9.198364112500812E-01   3.509847669005823E-01   1.000000000000000E+05
  1.070849595916342E+00   9.356212700416864E-01   3.306188358888532E-01   1.000000000000000E+05
  1.084122150057084E+00   9.534634393175143E-01   3.115425383785105E-01   1.000000000000000E+05
  1.098966136252124E+00   9.738964561300780E-01   2.934817071026957E-01   1.000000000000000E+05
  1.115589304452976E+00   9.971615095635789E-01   2.758770820020943E-01   0.000000000000000E+00 1 CurvePlanarFourier1 
  1.115589304452976E+00  -9.971615095635789E-01  -2.758770820020943E-01  -1.000000000000000E+05
  1.133986807265069E+00  -1.023137999070785E+00  -2.579548449155971E-01  -1.000000000000000E+05
  1.153910168541921E+00  -1.051310087663774E+00  -2.388278087261313E-01  -1.000000000000000E+05
  1.174861804079204E+00  -1.080775636938555E+00  -2.176148542769163E-01  -1.000000000000000E+05
  1.196117498202548E+00  -1.110299065553581E+00  -1.935635954202817E-01  -1.000000000000000E+05
  1.216775948652230E+00  -1.138404454652027E+00  -1.661605522224534E-01  -1.000000000000000E+05
  1.235831184991310E+00  -1.163500277733503E+00  -1.352144424819592E-01  -1.000000000000000E+05
  1.252260758512031E+00  -1.184023083445143E+00  -1.009014163041453E-01  -1.000000000000000E+05
  1.265120468616625E+00  -1.198584831989716E+00  -6.376576396992957E-02  -1.000000000000000E+05
  1.273635316150934E+00  -1.206107734629048E+00  -2.467523162856407E-02  -1.000000000000000E+05
  1.277276514574043E+00  -1.205931509667804E+00   1.526413290382055E-02  -1.000000000000000E+05
  1.275815751888442E+00  -1.197880848732322E+00   5.482345721436053E-02  -1.000000000000000E+05
  1.269350334110065E+00  -1.182285257996759E+00   9.278271618578796E-02  -1.000000000000000E+05
  1.258296072938351E+00  -1.159948785429314E+00   1.280622592782425E-01  -1.000000000000000E+05
  1.243348422546341E+00  -1.132072826767308E+00   1.598377135999762E-01  -1.000000000000000E+05
  1.225415984908516E+00  -1.100140533454352E+00   1.876237506629638E-01  -1.000000000000000E+05
  1.205533651819032E+00  -1.065775678782779E+00   2.113160445851702E-01  -1.000000000000000E+05
  1.184764951806970E+00  -1.030591648710581E+00   2.311859833458203E-01  -1.000000000000000E+05
  1.164104341907137E+00  -9.960471732525347E-01   2.478286613854760E-01  -1.000000000000000E+05
  1.144390086667316E+00  -9.633243947604592E-01   2.620706218307395E-01  -1.000000000000000E+05
  1.126237015259506E+00  -9.332420158475740E-01   2.748489694652154E-01  -1.000000000000000E+05
  1.109996011981405E+00  -9.062119431243971E-01   2.870771779290436E-01  -1.000000000000000E+05
  1.095743878633154E+00  -8.822425842050564E-01   2.995146861299708E-01  -1.000000000000000E+05
  1.083303606768705E+00  -8.609864168285603E-01   3.126569845595904E-01  -1.000000000000000E+05
  1.072291555688001E+00  -8.418243114115889E-01   3.266603736338806E-01  -1.000000000000000E+05
  1.062184979144244E+00  -8.239749758541342E-01   3.413112466558064E-01  -1.000000000000000E+05
  1.052401145844843E+00  -8.066152927401823E-01   3.560441550480375E-01  -1.000000000000000E+05
  1.042378211115674E+00  -7.889965273939521E-01   3.700067612052451E-01  -1.000000000000000E+05
  1.031648133103739E+00  -7.705424630493481E-01   3.821638547008441E-01  -1.000000000000000E+05
  1.019893245617672E+00  -7.509182930550906E-01   3.914276527460749E-01  -1.000000000000000E+05
  1.006980412550966E+00  -7.300631846904273E-01   3.967982536220738E-01  -1.000000000000000E+05
  9.929696852844523E-01  -7.081842803020351E-01   3.974967857362304E-01  -1.000000000000000E+05
  9.780976731080331E-01  -6.857148865820006E-01   3.930746601714863E-01  -1.000000000000000E+05
  9.627389961775165E-01  -6.632440835757474E-01   3.834852774657429E-01  -1.000000000000000E+05
  9.473518237732863E-01  -6.414283993958575E-01   3.691091827511608E-01  -1.000000000000000E+05
  9.324152854078491E-01  -6.208981301847876E-01   3.507294157968875E-01  -1.000000000000000E+05
  9.183672714837643E-01  -6.021711222142840E-01   3.294599345156395E-01  -1.000000000000000E+05
  9.055507465946983E-01  -5.855853827995927E-01   3.066357286184173E-01  -1.000000000000000E+05
  8.941752615627174E-01  -5.712589773008041E-01   2.836778657863629E-01  -1.000000000000000E+05
  8.842980831914421E-01  -5.590817159822311E-01   2.619496537909203E-01  -1.000000000000000E+05
  8.758265808006908E-01  -5.487386817962517E-01   2.426210046473722E-01  -1.000000000000000E+05
  8.685405941833026E-01  -5.397612996560129E-01   2.265568592120483E-01  -1.000000000000000E+05
  8.621308474654055E-01  -5.315979775216123E-01   2.142423520402708E-01  -1.000000000000000E+05
  8.562474154881892E-01  -5.236938384598995E-01   2.057526920252856E-01  -1.000000000000000E+05
  8.505510557983362E-01  -5.155680283073265E-01   2.007701184005285E-01  -1.000000000000000E+05
  8.447600327962118E-01  -5.068776418894735E-01   1.986444862520271E-01  -1.000000000000000E+05
  8.386858870923801E-01  -4.974593637423644E-01   1.984887770654398E-01  -1.000000000000000E+05
  8.322533131140397E-01  -4.873431697710178E-01   1.992967737359869E-01  -1.000000000000000E+05
  8.255016552999904E-01  -4.767364297671534E-01   2.000677777056306E-01  -1.000000000000000E+05
  8.185681892406191E-01  -4.659809374933870E-01   1.999228452243731E-01  -1.000000000000000E+05
  8.116559527006653E-01  -4.554892044752705E-01   1.981985906510855E-01  -1.000000000000000E+05
  8.049910782662640E-01  -4.456692705319069E-01   1.945079038574280E-01  -1.000000000000000E+05
  7.987760592138063E-01  -4.368489171131070E-01   1.887614943832502E-01  -1.000000000000000E+05
  7.931459561512603E-01  -4.292103026970568E-01   1.811493901835795E-01  -1.000000000000000E+05
  7.881341508997256E-01  -4.227446598528763E-01   1.720866945163103E-01  -1.000000000000000E+05
  7.836529355174490E-01  -4.172339915867541E-01   1.621323704789337E-01  -1.000000000000000E+05
  7.794921716223702E-01  -4.122630475992727E-01   1.518930148019660E-01  -1.000000000000000E+05
  7.753367498698450E-01  -4.072607431895591E-01   1.419251149413685E-01  -1.000000000000000E+05
  7.708009631334765E-01  -4.015661589672830E-01   1.326489964261728E-01  -1.000000000000000E+05
  7.654755348935470E-01  -3.945108683154669E-01   1.242856440547910E-01  -1.000000000000000E+05
  7.589812378127214E-01  -3.855070355510593E-01   1.168241320041805E-01  -1.000000000000000E+05
  7.510220407709743E-01  -3.741298185212613E-01   1.100230179932704E-01  -1.000000000000000E+05
  7.414306706738497E-01  -3.601832158935090E-01   1.034443529565754E-01  -1.000000000000000E+05
  7.302003760886928E-01  -3.437405407032266E-01   9.651456875399590E-02  -1.000000000000000E+05
  7.174984136133705E-01  -3.251539066814614E-01   8.860301576563888E-02  -1.000000000000000E+05
  7.036591142100367E-01  -3.050310581074456E-01   7.910678093049642E-02  -1.000000000000000E+05
  6.891570151218234E-01  -2.841820369072272E-01   6.752988512815808E-02  -1.000000000000000E+05
  6.745631149812286E-01  -2.635420154056966E-01   5.354607404155162E-02  -1.000000000000000E+05
  6.604894854666936E-01  -2.440796286813789E-01   3.703699144525302E-02  -1.000000000000000E+05
  6.475289663767214E-01  -2.267019283465828E-01   1.810117503575590E-02  -1.000000000000000E+05
  6.361972879692928E-01  -2.121674243714665E-01  -2.966481726083315E-03  -1.000000000000000E+05
  6.268846276498169E-01  -2.010175497526938E-01  -2.572099453806766E-02  -1.000000000000000E+05
  6.198223670986007E-01  -1.935344357554190E-01  -4.963192619020143E-02  -1.000000000000000E+05
  6.150688396094344E-01  -1.897294564396714E-01  -7.415659889901803E-02  -1.000000000000000E+05
  6.125154108133647E-01  -1.893630497849208E-01  -9.881106503511895E-02  -1.000000000000000E+05
  6.119116443429753E-01  -1.919923725933246E-01  -1.232285541543484E-01  -1.000000000000000E+05
  6.129059090546838E-01  -1.970399149579490E-01  -1.471971061819280E-01  -1.000000000000000E+05
  6.150958986379255E-01  -2.038737298776912E-01  -1.706712547773433E-01  -1.000000000000000E+05
  6.180823995731228E-01  -2.118887337617260E-01  -1.937564854486913E-01  -1.000000000000000E+05
  6.215193988254755E-01  -2.205787400902826E-01  -2.166692080901445E-01  -1.000000000000000E+05
  6.251542875979259E-01  -2.295904478785698E-01  -2.396785826443681E-01  -1.000000000000000E+05
  6.288533894946118E-01  -2.387532851021545E-01  -2.630392094367835E-01  -1.000000000000000E+05
  6.326101113894792E-01  -2.480824244168640E-01  -2.869250636049656E-01  -1.000000000000000E+05
  6.365353963733631E-01  -2.577559701161514E-01  -3.113749209947059E-01  -1.000000000000000E+05
  6.408325253939994E-01  -2.680707585346073E-01  -3.362579068267701E-01  -1.000000000000000E+05
  6.457603487321179E-01  -2.793839562299683E-01  -3.612649230327963E-01  -1.000000000000000E+05
  6.515904606478846E-01  -2.920493209876034E-01  -3.859279778905166E-01  -1.000000000000000E+05
  6.585644761847362E-01  -3.063574003516623E-01  -4.096653771374252E-01  -1.000000000000000E+05
  6.668573537773501E-01  -3.224880491804022E-01  -4.318469133780884E-01  -1.000000000000000E+05
  6.765516754854656E-01  -3.404816003391772E-01  -4.518701544870086E-01  -1.000000000000000E+05
  6.876261047558533E-01  -3.602321281885974E-01  -4.692371200519656E-01  -1.000000000000000E+05
  6.999591355181560E-01  -3.815029247747314E-01  -4.836203183708755E-01  -1.000000000000000E+05
  7.133470270604122E-01  -4.039610406926173E-01  -4.949083594422796E-01  -1.000000000000000E+05
  7.275328004641611E-01  -4.272249921613341E-01  -5.032240091861575E-01  -1.000000000000000E+05
  7.422416377900827E-01  -4.509178921968643E-01  -5.089112565045539E-01  -1.000000000000000E+05
  7.572171882027942E-01  -4.747175854892833E-01  -5.124922263112900E-01  -1.000000000000000E+05
  7.722532598572367E-01  -4.983959454949973E-01  -5.145990034762306E-01  -1.000000000000000E+05
  7.872161614247200E-01  -5.218412404629482E-01  -5.158890462150235E-01  -1.000000000000000E+05
  8.020544363069494E-01  -5.450601371507553E-01  -5.169553515739549E-01  -1.000000000000000E+05
  8.167946906264401E-01  -5.681590992884297E-01  -5.182435275158250E-01  -1.000000000000000E+05
  8.315243687714264E-01  -5.913081868626981E-01  -5.199872629021790E-01  -1.000000000000000E+05
  8.463643641089806E-01  -6.146930937985094E-01  -5.221714303442766E-01  -1.000000000000000E+05
  8.614359686694500E-01  -6.384632522660280E-01  -5.245284885532231E-01  -1.000000000000000E+05
  8.768276223224953E-01  -6.626846736732439E-01  -5.265694351719589E-01  -1.000000000000000E+05
  8.925670690232685E-01  -6.873057418173111E-01  -5.276458855735782E-01  -1.000000000000000E+05
  9.086038288098992E-01  -7.121424585858649E-01  -5.270355497298679E-01  -1.000000000000000E+05
  9.248054336253710E-01  -7.368868843647729E-01  -5.240400393087404E-01  -1.000000000000000E+05
  9.409688474869681E-01  -7.611390853254862E-01  -5.180820306611453E-01  -1.000000000000000E+05
  9.568461768402942E-01  -7.844592743564009E-01  -5.087886197961112E-01  -1.000000000000000E+05
  9.721815023174217E-01  -8.064335283447852E-01  -4.960492889539631E-01  -1.000000000000000E+05
  9.867537583991126E-01  -8.267439678817198E-01  -4.800400790626041E-01  -1.000000000000000E+05
  1.000419339233704E+00  -8.452329834082073E-01  -4.612099294323266E-01  -1.000000000000000E+05
  1.013147719681002E+00  -8.619512166682702E-01  -4.402301404460864E-01  -1.000000000000000E+05
  1.025043939183806E+00  -8.771805997522555E-01  -4.179128788332261E-01  -1.000000000000000E+05
  1.036353262102855E+00  -8.914266564713145E-01  -3.951089144027386E-01  -1.000000000000000E+05
  1.047445534920856E+00  -9.053781381476017E-01  -3.725977704219050E-01  -1.000000000000000E+05
  1.058779434484479E+00  -9.198364112500812E-01  -3.509847669005823E-01  -1.000000000000000E+05
  1.070849595916342E+00  -9.356212700416864E-01  -3.306188358888532E-01  -1.000000000000000E+05
  1.084122150057084E+00  -9.534634393175143E-01  -3.115425383785105E-01  -1.000000000000000E+05
  1.098966136252124E+00  -9.738964561300780E-01  -2.934817071026957E-01  -1.000000000000000E+05
  1.115589304452976E+00  -9.971615095635789E-01  -2.758770820020943E-01   0.000000000000000E+00 2 RotatedCurve7 
 -9.971615095635787E-01   1.115589304452976E+00   2.758770820020943E-01   1.000000000000000E+05
 -1.023137999070785E+00   1.133986807265069E+00   2.579548449155971E-01   1.000000000000000E+05
 -1.051310087663774E+00   1.153910168541921E+00   2.388278087261313E-01   1.000000000000000E+05
 -1.080775636938555E+00   1.174861804079204E+00   2.176148542769163E-01   1.000000000000000E+05
 -1.110299065553581E+00   1.196117498202548E+00   1.935635954202817E-01   1.000000000000000E+05
 -1.138404454652027E+00   1.216775948652230E+00   1.661605522224534E-01   1.000000000000000E+05
 -1.163500277733503E+00   1.235831184991310E+00   1.352144424819592E-01   1.000000000000000E+05
 -1.184023083445143E+00   1.252260758512031E+00   1.009014163041453E-01   1.000000000000000E+05
 -1.198584831989716E+00   1.265120468616625E+00   6.376576396992957E-02   1.000000000000000E+05
 -1.206107734629048E+00   1.273635316150934E+00   2.467523162856407E-02   1.000000000000000E+05
 -1.205931509667804E+00   1.277276514574043E+00  -1.526413290382055E-02   1.000000000000000E+05
 -1.197880848732322E+00   1.275815751888442E+00  -5.482345721436053E-02   1.000000000000000E+05
 -1.182285257996759E+00   1.269350334110065E+00  -9.278271618578796E-02   1.000000000000000E+05
 -1.159948785429314E+00   1.258296072938351E+00  -1.280622592782425E-01   1.000000000000000E+05
 -1.132072826767308E+00   1.243348422546341E+00  -1.598377135999762E-01   1.000000000000000E+05
 -1.100140533454352E+00   1.225415984908516E+00  -1.876237506629638E-01   1.000000000000000E+05
 -1.065775678782779E+00   1.205533651819032E+00  -2.113160445851702E-01   1.000000000000000E+05
 -1.030591648710581E+00   1.184764951806970E+00  -2.311859833458203E-01   1.000000000000000E+05
 -9.960471732525346E-01   1.164104341907137E+00  -2.478286613854760E-01   1.000000000000000E+05
 -9.633243947604591E-01   1.144390086667316E+00  -2.620706218307395E-01   1.000000000000000E+05
 -9.332420158475739E-01   1.126237015259506E+00  -2.748489694652154E-01   1.000000000000000E+05
 -9.062119431243970E-01   1.109996011981405E+00  -2.870771779290436E-01   1.000000000000000E+05
 -8.822425842050563E-01   1.095743878633154E+00  -2.995146861299708E-01   1.000000000000000E+05
 -8.609864168285601E-01   1.083303606768705E+00  -3.126569845595904E-01   1.000000000000000E+05
 -8.418243114115888E-01   1.072291555688001E+00  -3.266603736338806E-01   1.000000000000000E+05
 -8.239749758541340E-01   1.062184979144244E+00  -3.413112466558064E-01   1.000000000000000E+05
 -8.066152927401822E-01   1.052401145844843E+00  -3.560441550480375E-01   1.000000000000000E+05
 -7.889965273939520E-01   1.042378211115674E+00  -3.700067612052451E-01   1.000000000000000E+05
 -7.705424630493480E-01   1.031648133103739E+00  -3.821638547008441E-01   1.000000000000000E+05
 -7.509182930550905E-01   1.019893245617672E+00  -3.914276527460749E-01   1.000000000000000E+05
 -7.300631846904272E-01   1.006980412550966E+00  -3.967982536220738E-01   1.000000000000000E+05
 -7.081842803020350E-01   9.929696852844523E-01  -3.974967857362304E-01   1.000000000000000E+05
 -6.857148865820005E-01   9.780976731080331E-01  -3.930746601714863E-01   1.000000000000000E+05
 -6.632440835757473E-01   9.627389961775165E-01  -3.834852774657429E-01   1.000000000000000E+05
 -6.414283993958574E-01   9.473518237732863E-01  -3.691091827511608E-01   1.000000000000000E+05
 -6.208981301847875E-01   9.324152854078491E-01  -3.507294157968875E-01   1.000000000000000E+05
 -6.021711222142839E-01   9.183672714837643E-01  -3.294599345156395E-01   1.000000000000000E+05
 -5.855853827995927E-01   9.055507465946983E-01  -3.066357286184173E-01   1.000000000000000E+05
 -5.712589773008041E-01   8.941752615627174E-01  -2.836778657863629E-01   1.000000000000000E+05
 -5.590817159822311E-01   8.842980831914421E-01  -2.619496537909203E-01   1.000000000000000E+05
 -5.487386817962517E-01   8.758265808006908E-01  -2.426210046473722E-01   1.000000000000000E+05
 -5.397612996560129E-01   8.685405941833026E-01  -2.265568592120483E-01   1.000000000000000E+05
 -5.315979775216123E-01   8.621308474654055E-01  -2.142423520402708E-01   1.000000000000000E+05
 -5.236938384598995E-01   8.562474154881892E-01  -2.057526920252856E-01   1.000000000000000E+05
 -5.155680283073265E-01   8.505510557983362E-01  -2.007701184005285E-01   1.000000000000000E+05
 -5.068776418894735E-01   8.447600327962118E-01  -1.986444862520271E-01   1.000000000000000E+05
 -4.974593637423644E-01   8.386858870923801E-01  -1.984887770654398E-01   1.000000000000000E+05
 -4.873431697710178E-01   8.322533131140397E-01  -1.992967737359869E-01   1.000000000000000E+05
 -4.767364297671534E-01   8.255016552999904E-01  -2.000677777056306E-01   1.000000000000000E+05
 -4.659809374933869E-01   8.185681892406191E-01  -1.999228452243731E-01   1.000000000000000E+05
 -4.554892044752704E-01   8.116559527006653E-01  -1.981985906510855E-01   1.000000000000000E+05
 -4.456692705319068E-01   8.049910782662640E-01  -1.945079038574280E-01   1.000000000000000E+05
 -4.368489171131069E-01   7.987760592138063E-01  -1.887614943832502E-01   1.000000000000000E+05
 -4.292103026970568E-01   7.931459561512603E-01  -1.811493901835795E-01   1.000000000000000E+05
 -4.227446598528763E-01   7.881341508997256E-01  -1.720866945163103E-01   1.000000000000000E+05
 -4.172339915867541E-01   7.836529355174490E-01  -1.621323704789337E-01   1.000000000000000E+05
 -4.122630475992726E-01   7.794921716223702E-01  -1.518930148019660E-01   1.000000000000000E+05
 -4.072607431895590E-01   7.753367498698450E-01  -1.419251149413685E-01   1.000000000000000E+05
 -4.015661589672829E-01   7.708009631334765E-01  -1.326489964261728E-01   1.000000000000000E+05
 -3.945108683154668E-01   7.654755348935470E-01  -1.242856440547910E-01   1.000000000000000E+05
 -3.855070355510592E-01   7.589812378127214E-01  -1.168241320041805E-01   1.000000000000000E+05
 -3.741298185212612E-01   7.510220407709743E-01  -1.100230179932704E-01   1.000000000000000E+05
 -3.601832158935089E-01   7.414306706738497E-01  -1.034443529565754E-01   1.000000000000000E+05
 -3.437405407032266E-01   7.302003760886928E-01  -9.651456875399590E-02   1.000000000000000E+05
 -3.251539066814614E-01   7.174984136133705E-01  -8.860301576563888E-02   1.000000000000000E+05
 -3.050310581074456E-01   7.036591142100367E-01  -7.910678093049642E-02   1.000000000000000E+05
 -2.841820369072271E-01   6.891570151218234E-01  -6.752988512815808E-02   1.000000000000000E+05
 -2.635420154056965E-01   6.745631149812286E-01  -5.354607404155162E-02   1.000000000000000E+05
 -2.440796286813789E-01   6.604894854666936E-01  -3.703699144525302E-02   1.000000000000000E+05
 -2.267019283465827E-01   6.475289663767214E-01  -1.810117503575590E-02   1.000000000000000E+05
 -2.121674243714664E-01   6.361972879692928E-01   2.966481726083315E-03   1.000000000000000E+05
 -2.010175497526938E-01   6.268846276498169E-01   2.572099453806766E-02   1.000000000000000E+05
 -1.935344357554190E-01   6.198223670986007E-01   4.963192619020143E-02   1.000000000000000E+05
 -1.897294564396713E-01   6.150688396094344E-01   7.415659889901803E-02   1.000000000000000E+05
 -1.893630497849208E-01   6.125154108133647E-01   9.881106503511895E-02   1.000000000000000E+05
 -1.919923725933246E-01   6.119116443429753E-01   1.232285541543484E-01   1.000000000000000E+05
 -1.970399149579490E-01   6.129059090546838E-01   1.471971061819280E-01   1.000000000000000E+05
 -2.038737298776912E-01   6.150958986379255E-01   1.706712547773433E-01   1.000000000000000E+05
 -2.118887337617260E-01   6.180823995731228E-01   1.937564854486913E-01   1.000000000000000E+05
 -2.205787400902826E-01   6.215193988254755E-01   2.166692080901445E-01   1.000000000000000E+05
 -2.295904478785698E-01   6.251542875979259E-01   2.396785826443681E-01   1.000000000000000E+05
 -2.387532851021545E-01   6.288533894946118E-01   2.630392094367835E-01   1.000000000000000E+05
 -2.480824244168639E-01   6.326101113894792E-01   2.869250636049656E-01   1.000000000000000E+05
 -2.577559701161514E-01   6.365353963733631E-01   3.113749209947059E-01   1.000000000000000E+05
 -2.680707585346072E-01   6.408325253939994E-01   3.362579068267701E-01   1.000000000000000E+05
 -2.793839562299682E-01   6.457603487321179E-01   3.612649230327963E-01   1.000000000000000E+05
 -2.920493209876034E-01   6.515904606478846E-01   3.859279778905166E-01   1.000000000000000E+05
 -3.063574003516622E-01   6.585644761847362E-01   4.096653771374252E-01   1.000000000000000E+05
 -3.224880491804021E-01   6.668573537773501E-01   4.318469133780884E-01   1.000000000000000E+05
 -3.404816003391771E-01   6.765516754854656E-01   4.518701544870086E-01   1.000000000000000E+05
 -3.602321281885973E-01   6.876261047558533E-01   4.692371200519656E-01   1.000000000000000E+05
 -3.815029247747313E-01   6.999591355181560E-01   4.836203183708755E-01   1.000000000000000E+05
 -4.039610406926172E-01   7.133470270604122E-01   4.949083594422796E-01   1.000000000000000E+05
 -4.272249921613341E-01   7.275328004641611E-01   5.032240091861575E-01   1.000000000000000E+05
 -4.509178921968642E-01   7.422416377900827E-01   5.089112565045539E-01   1.000000000000000E+05
 -4.747175854892832E-01   7.572171882027942E-01   5.124922263112900E-01   1.000000000000000E+05
 -4.983959454949973E-01   7.722532598572367E-01   5.145990034762306E-01   1.000000000000000E+05
 -5.218412404629482E-01   7.872161614247200E-01   5.158890462150235E-01   1.000000000000000E+05
 -5.450601371507553E-01   8.020544363069494E-01   5.169553515739549E-01   1.000000000000000E+05
 -5.681590992884297E-01   8.167946906264401E-01   5.182435275158250E-01   1.000000000000000E+05
 -5.913081868626981E-01   8.315243687714264E-01   5.199872629021790E-01   1.000000000000000E+05
 -6.146930937985094E-01   8.463643641089806E-01   5.221714303442766E-01   1.000000000000000E+05
 -6.384632522660280E-01   8.614359686694500E-01   5.245284885532231E-01   1.000000000000000E+05
 -6.626846736732439E-01   8.768276223224953E-01   5.265694351719589E-01   1.000000000000000E+05
 -6.873057418173111E-01   8.925670690232685E-01   5.276458855735782E-01   1.000000000000000E+05
 -7.121424585858648E-01   9.086038288098992E-01   5.270355497298679E-01   1.000000000000000E+05
 -7.368868843647728E-01   9.248054336253710E-01   5.240400393087404E-01   1.000000000000000E+05
 -7.611390853254861E-01   9.409688474869681E-01   5.180820306611453E-01   1.000000000000000E+05
 -7.844592743564008E-01   9.568461768402942E-01   5.087886197961112E-01   1.000000000000000E+05
 -8.064335283447851E-01   9.721815023174217E-01   4.960492889539631E-01   1.000000000000000E+05
 -8.267439678817197E-01   9.867537583991126E-01   4.800400790626041E-01   1.000000000000000E+05
 -8.452329834082072E-01   1.000419339233704E+00   4.612099294323266E-01   1.000000000000000E+05
 -8.619512166682701E-01   1.013147719681002E+00   4.402301404460864E-01   1.000000000000000E+05
 -8.771805997522554E-01   1.025043939183806E+00   4.179128788332261E-01   1.000000000000000E+05
 -8.914266564713144E-01   1.036353262102855E+00   3.951089144027386E-01   1.000000000000000E+05
 -9.053781381476016E-01   1.047445534920856E+00   3.725977704219050E-01   1.000000000000000E+05
 -9.198364112500811E-01   1.058779434484479E+00   3.509847669005823E-01   1.000000000000000E+05
 -9.356212700416863E-01   1.070849595916342E+00   3.306188358888532E-01   1.000000000000000E+05
 -9.534634393175142E-01   1.084122150057084E+00   3.115425383785105E-01   1.000000000000000E+05
 -9.738964561300779E-01   1.098966136252124E+00   2.934817071026957E-01   1.000000000000000E+05
 -9.971615095635787E-01   1.115589304452976E+00   2.758770820020943E-01   0.000000000000000E+00 3 RotatedCurve8 
 -9.971615095635787E-01  -1.115589304452976E+00  -2.758770820020943E-01  -1.000000000000000E+05
 -1.023137999070785E+00  -1.133986807265069E+00  -2.579548449155971E-01  -1.000000000000000E+05
 -1.051310087663774E+00  -1.153910168541921E+00  -2.388278087261313E-01  -1.000000000000000E+05
 -1.080775636938555E+00  -1.174861804079204E+00  -2.176148542769163E-01  -1.000000000000000E+05
 -1.110299065553581E+00  -1.196117498202548E+00  -1.935635954202817E-01  -1.000000000000000E+05
 -1.138404454652027E+00  -1.216775948652230E+00  -1.661605522224534E-01  -1.000000000000000E+05
 -1.163500277733503E+00  -1.235831184991310E+00  -1.352144424819592E-01  -1.000000000000000E+05
 -1.184023083445143E+00  -1.252260758512031E+00  -1.009014163041453E-01  -1.000000000000000E+05
 -1.198584831989716E+00  -1.265120468616625E+00  -6.376576396992957E-02  -1.000000000000000E+05
 -1.206107734629048E+00  -1.273635316150934E+00  -2.467523162856407E-02  -1.000000000000000E+05
 -1.205931509667804E+00  -1.277276514574043E+00   1.526413290382055E-02  -1.000000000000000E+05
 -1.197880848732322E+00  -1.275815751888442E+00   5.482345721436053E-02  -1.000000000000000E+05
 -1.182285257996759E+00  -1.269350334110065E+00   9.278271618578796E-02  -1.000000000000000E+05
 -1.159948785429314E+00  -1.258296072938351E+00   1.280622592782425E-01  -1.000000000000000E+05
 -1.132072826767308E+00  -1.243348422546341E+00   1.598377135999762E-01  -1.000000000000000E+05
 -1.100140533454352E+00  -1.225415984908516E+00   1.876237506629638E-01  -1.000000000000000E+05
 -1.065775678782779E+00  -1.205533651819032E+00   2.113160445851702E-01  -1.000000000000000E+05
 -1.030591648710581E+00  -1.184764951806970E+00   2.311859833458203E-01  -1.000000000000000E+05
 -9.960471732525346E-01  -1.164104341907137E+00   2.478286613854760E-01  -1.000000000000000E+05
 -9.633243947604591E-01  -1.144390086667316E+00   2.620706218307395E-01  -1.000000000000000E+05
 -9.332420158475739E-01  -1.126237015259506E+00   2.748489694652154E-01  -1.000000000000000E+05
 -9.062119431243970E-01  -1.109996011981405E+00   2.870771779290436E-01  -1.000000000000000E+05
 -8.822425842050563E-01  -1.095743878633154E+00   2.995146861299708E-01  -1.000000000000000E+05
 -8.609864168285601E-01  -1.083303606768705E+00   3.126569845595904E-01  -1.000000000000000E+05
 -8.418243114115888E-01  -1.072291555688001E+00   3.266603736338806E-01  -1.000000000000000E+05
 -8.239749758541340E-01  -1.062184979144244E+00   3.413112466558064E-01  -1.000000000000000E+05
 -8.066152927401822E-01  -1.052401145844843E+00   3.560441550480375E-01  -1.000000000000000E+05
 -7.889965273939520E-01  -1.042378211115674E+00   3.700067612052451E-01  -1.000000000000000E+05
 -7.705424630493480E-01  -1.031648133103739E+00   3.821638547008441E-01  -1.000000000000000E+05
 -7.509182930550905E-01  -1.019893245617672E+00   3.914276527460749E-01  -1.000000000000000E+05
 -7.300631846904272E-01  -1.006980412550966E+00   3.967982536220738E-01  -1.000000000000000E+05
 -7.081842803020350E-01  -9.929696852844523E-01   3.974967857362304E-01  -1.000000000000000E+05
 -6.857148865820005E-01  -9.780976731080331E-01   3.930746601714863E-01  -1.000000000000000E+05
 -6.632440835757473E-01  -9.627389961775165E-01   3.834852774657429E-01  -1.000000000000000E+05
 -6.414283993958574E-01  -9.473518237732863E-01   3.691091827511608E-01  -1.000000000000000E+05
 -6.208981301847875E-01  -9.324152854078491E-01   3.507294157968875E-01  -1.000000000000000E+05
 -6.021711222142839E-01  -9.183672714837643E-01   3.294599345156395E-01  -1.000000000000000E+05
 -5.855853827995927E-01  -9.055507465946983E-01   3.066357286184173E-01  -1.000000000000000E+05
 -5.712589773008041E-01  -8.941752615627174E-01   2.836778657863629E-01  -1.000000000000000E+05
 -5.590817159822311E-01  -8.842980831914421E-01   2.619496537909203E-01  -1.000000000000000E+05
 -5.487386817962517E-01  -8.758265808006908E-01   2.426210046473722E-01  -1.000000000000000E+05
 -5.397612996560129E-01  -8.685405941833026E-01   2.265568592120483E-01  -1.000000000000000E+05
 -5.315979775216123E-01  -8.621308474654055E-01   2.142423520402708E-01  -1.000000000000000E+05
 -5.236938384598995E-01  -8.562474154881892E-01   2.057526920252856E-01  -1.000000000000000E+05
 -5.155680283073265E-01  -8.505510557983362E-01   2.007701184005285E-01  -1.000000000000000E+05
 -5.068776418894735E-01  -8.447600327962118E-01   1.986444862520271E-01  -1.000000000000000E+05
 -4.974593637423644E-01  -8.386858870923801E-01   1.984887770654398E-01  -1.000000000000000E+05
 -4.873431697710178E-01  -8.322533131140397E-01   1.992967737359869E-01  -1.000000000000000E+05
 -4.767364297671534E-01  -8.255016552999904E-01   2.000677777056306E-01  -1.000000000000000E+05
 -4.659809374933869E-01  -8.185681892406191E-01   1.999228452243731E-01  -1.000000000000000E+05
 -4.554892044752704E-01  -8.116559527006653E-01   1.981985906510855E-01  -1.000000000000000E+05
 -4.456692705319068E-01  -8.049910782662640E-01   1.945079038574280E-01  -1.000000000000000E+05
 -4.368489171131069E-01  -7.987760592138063E-01   1.887614943832502E-01  -1.000000000000000E+05
 -4.292103026970568E-01  -7.931459561512603E-01   1.811493901835795E-01  -1.000000000000000E+05
 -4.227446598528763E-01  -7.881341508997256E-01   1.720866945163103E-01  -1.000000000000000E+05
 -4.172339915867541E-01  -7.836529355174490E-01   1.621323704789337E-01  -1.000000000000000E+05
 -4.122630475992726E-01  -7.794921716223702E-01   1.518930148019660E-01  -1.000000000000000E+05
 -4.072607431895590E-01  -7.753367498698450E-01   1.419251149413685E-01  -1.000000000000000E+05
 -4.015661589672829E-01  -7.708009631334765E-01   1.326489964261728E-01  -1.000000000000000E+05
 -3.945108683154668E-01  -7.654755348935470E-01   1.242856440547910E-01  -1.000000000000000E+05
 -3.855070355510592E-01  -7.589812378127214E-01   1.168241320041805E-01  -1.000000000000000E+05
 -3.741298185212612E-01  -7.510220407709743E-01   1.100230179932704E-01  -1.000000000000000E+05
 -3.601832158935089E-01  -7.414306706738497E-01   1.034443529565754E-01  -1.000000000000000E+05
 -3.437405407032266E-01  -7.302003760886928E-01   9.651456875399590E-02  -1.000000000000000E+05
 -3.251539066814614E-01  -7.174984136133705E-01   8.860301576563888E-02  -1.000000000000000E+05
 -3.050310581074456E-01  -7.036591142100367E-01   7.910678093049642E-02  -1.000000000000000E+05
 -2.841820369072271E-01  -6.891570151218234E-01   6.752988512815808E-02  -1.000000000000000E+05
 -2.635420154056965E-01  -6.745631149812286E-01   5.354607404155162E-02  -1.000000000000000E+05
 -2.440796286813789E-01  -6.604894854666936E-01   3.703699144525302E-02  -1.000000000000000E+05
 -2.267019283465827E-01  -6.475289663767214E-01   1.810117503575590E-02  -1.000000000000000E+05
 -2.121674243714664E-01  -6.361972879692928E-01  -2.966481726083315E-03  -1.000000000000000E+05
 -2.010175497526938E-01  -6.268846276498169E-01  -2.572099453806766E-02  -1.000000000000000E+05
 -1.935344357554190E-01  -6.198223670986007E-01  -4.963192619020143E-02  -1.000000000000000E+05
 -1.897294564396713E-01  -6.150688396094344E-01  -7.415659889901803E-02  -1.000000000000000E+05
 -1.893630497849208E-01  -6.125154108133647E-01  -9.881106503511895E-02  -1.000000000000000E+05
 -1.919923725933246E-01  -6.119116443429753E-01  -1.232285541543484E-01  -1.000000000000000E+05
 -1.970399149579490E-01  -6.129059090546838E-01  -1.471971061819280E-01  -1.000000000000000E+05
 -2.038737298776912E-01  -6.150958986379255E-01  -1.706712547773433E-01  -1.000000000000000E+05
 -2.118887337617260E-01  -6.180823995731228E-01  -1.937564854486913E-01  -1.000000000000000E+05
 -2.205787400902826E-01  -6.215193988254755E-01  -2.166692080901445E-01  -1.000000000000000E+05
 -2.295904478785698E-01  -6.251542875979259E-01  -2.396785826443681E-01  -1.000000000000000E+05
 -2.387532851021545E-01  -6.288533894946118E-01  -2.630392094367835E-01  -1.000000000000000E+05
 -2.480824244168639E-01  -6.326101113894792E-01  -2.869250636049656E-01  -1.000000000000000E+05
 -2.577559701161514E-01  -6.365353963733631E-01  -3.113749209947059E-01  -1.000000000000000E+05
 -2.680707585346072E-01  -6.408325253939994E-01  -3.362579068267701E-01  -1.000000000000000E+05
 -2.793839562299682E-01  -6.457603487321179E-01  -3.612649230327963E-01  -1.000000000000000E+05
 -2.920493209876034E-01  -6.515904606478846E-01  -3.859279778905166E-01  -1.000000000000000E+05
 -3.063574003516622E-01  -6.585644761847362E-01  -4.096653771374252E-01  -1.000000000000000E+05
 -3.224880491804021E-01  -6.668573537773501E-01  -4.318469133780884E-01  -1.000000000000000E+05
 -3.404816003391771E-01  -6.765516754854656E-01  -4.518701544870086E-01  -1.000000000000000E+05
 -3.602321281885973E-01  -6.876261047558533E-01  -4.692371200519656E-01  -1.000000000000000E+05
 -3.815029247747313E-01  -6.999591355181560E-01  -4.836203183708755E-01  -1.000000000000000E+05
 -4.039610406926172E-01  -7.133470270604122E-01  -4.949083594422796E-01  -1.000000000000000E+05
 -4.272249921613341E-01  -7.275328004641611E-01  -5.032240091861575E-01  -1.000000000000000E+05
 -4.509178921968642E-01  -7.422416377900827E-01  -5.089112565045539E-01  -1.000000000000000E+05
 -4.747175854892832E-01  -7.572171882027942E-01  -5.124922263112900E-01  -1.000000000000000E+05
 -4.983959454949973E-01  -7.722532598572367E-01  -5.145990034762306E-01  -1.000000000000000E+05
 -5.218412404629482E-01  -7.872161614247200E-01  -5.158890462150235E-01  -1.000000000000000E+05
 -5.450601371507553E-01  -8.020544363069494E-01  -5.169553515739549E-01  -1.000000000000000E+05
 -5.681590992884297E-01  -8.167946906264401E-01  -5.182435275158250E-01  -1.000000000000000E+05
 -5.913081868626981E-01  -8.315243687714264E-01  -5.199872629021790E-01  -1.000000000000000E+05
 -6.146930937985094E-01  -8.463643641089806E-01  -5.221714303442766E-01  -1.000000000000000E+05
 -6.384632522660280E-01  -8.614359686694500E-01  -5.245284885532231E-01  -1.000000000000000E+05
 -6.626846736732439E-01  -8.768276223224953E-01  -5.265694351719589E-01  -1.000000000000000E+05
 -6.873057418173111E-01  -8.925670690232685E-01  -5.276458855735782E-01  -1.000000000000000E+05
 -7.121424585858648E-01  -9.086038288098992E-01  -5.270355497298679E-01  -1.000000000000000E+05
 -7.368868843647728E-01  -9.248054336253710E-01  -5.240400393087404E-01  -1.000000000000000E+05
 -7.611390853254861E-01  -9.409688474869681E-01  -5.180820306611453E-01  -1.000000000000000E+05
 -7.844592743564008E-01  -9.568461768402942E-01  -5.087886197961112E-01  -1.000000000000000E+05
 -8.064335283447851E-01  -9.721815023174217E-01  -4.960492889539631E-01  -1.000000000000000E+05
 -8.267439678817197E-01  -9.867537583991126E-01  -4.800400790626041E-01  -1.000000000000000E+05
 -8.452329834082072E-01  -1.000419339233704E+00  -4.612099294323266E-01  -1.000000000000000E+05
 -8.619512166682701E-01  -1.013147719681002E+00  -4.402301404460864E-01  -1.000000000000000E+05
 -8.771805997522554E-01  -1.025043939183806E+00  -4.179128788332261E-01  -1.000000000000000E+05
 -8.914266564713144E-01  -1.036353262102855E+00  -3.951089144027386E-01  -1.000000000000000E+05
 -9.053781381476016E-01  -1.047445534920856E+00  -3.725977704219050E-01  -1.000000000000000E+05
 -9.198364112500811E-01  -1.058779434484479E+00  -3.509847669005823E-01  -1.000000000000000E+05
 -9.356212700416863E-01  -1.070849595916342E+00  -3.306188358888532E-01  -1.000000000000000E+05
 -9.534634393175142E-01  -1.084122150057084E+00  -3.115425383785105E-01  -1.000000000000000E+05
 -9.738964561300779E-01  -1.098966136252124E+00  -2.934817071026957E-01  -1.000000000000000E+05
 -9.971615095635787E-01  -1.115589304452976E+00  -2.758770820020943E-01   0.000000000000000E+00 4 RotatedCurve9 
 -1.115589304452976E+00  -9.971615095635787E-01   2.758770820020943E-01   1.000000000000000E+05
 -1.133986807265069E+00  -1.023137999070785E+00   2.579548449155971E-01   1.000000000000000E+05
 -1.153910168541921E+00  -1.051310087663774E+00   2.388278087261313E-01   1.000000000000000E+05
 -1.174861804079205E+00  -1.080775636938555E+00   2.176148542769163E-01   1.000000000000000E+05
 -1.196117498202548E+00  -1.110299065553581E+00   1.935635954202817E-01   1.000000000000000E+05
 -1.216775948652230E+00  -1.138404454652027E+00   1.661605522224534E-01   1.000000000000000E+05
 -1.235831184991310E+00  -1.163500277733503E+00   1.352144424819592E-01   1.000000000000000E+05
 -1.252260758512031E+00  -1.184023083445143E+00   1.009014163041453E-01   1.000000000000000E+05
 -1.265120468616625E+00  -1.198584831989715E+00   6.376576396992957E-02   1.000000000000000E+05
 -1.273635316150934E+00  -1.206107734629047E+00   2.467523162856407E-02   1.000000000000000E+05
 -1.277276514574043E+00  -1.205931509667803E+00  -1.526413290382055E-02   1.000000000000000E+05
 -1.275815751888442E+00  -1.197880848732322E+00  -5.482345721436053E-02   1.000000000000000E+05
 -1.269350334110065E+00  -1.182285257996758E+00  -9.278271618578796E-02   1.000000000000000E+05
 -1.258296072938351E+00  -1.159948785429314E+00  -1.280622592782425E-01   1.000000000000000E+05
 -1.243348422546341E+00  -1.132072826767307E+00  -1.598377135999762E-01   1.000000000000000E+05
 -1.225415984908516E+00  -1.100140533454352E+00  -1.876237506629638E-01   1.000000000000000E+05
 -1.205533651819033E+00  -1.065775678782778E+00  -2.113160445851702E-01   1.000000000000000E+05
 -1.184764951806970E+00  -1.030591648710581E+00  -2.311859833458203E-01   1.000000000000000E+05
 -1.164104341907137E+00  -9.960471732525346E-01  -2.478286613854760E-01   1.000000000000000E+05
 -1.144390086667316E+00  -9.633243947604591E-01  -2.620706218307395E-01   1.000000000000000E+05
 -1.126237015259506E+00  -9.332420158475739E-01  -2.748489694652154E-01   1.000000000000000E+05
 -1.109996011981405E+00  -9.062119431243970E-01  -2.870771779290436E-01   1.000000000000000E+05
 -1.095743878633154E+00  -8.822425842050563E-01  -2.995146861299708E-01   1.000000000000000E+05
 -1.083303606768705E+00  -8.609864168285601E-01  -3.126569845595904E-01   1.000000000000000E+05
 -1.072291555688001E+00  -8.418243114115888E-01  -3.266603736338806E-01   1.000000000000000E+05
 -1.062184979144244E+00  -8.239749758541340E-01  -3.413112466558064E-01   1.000000000000000E+05
 -1.052401145844843E+00  -8.066152927401822E-01  -3.560441550480375E-01   1.000000000000000E+05
 -1.042378211115674E+00  -7.889965273939520E-01  -3.700067612052451E-01   1.000000000000000E+05
 -1.031648133103739E+00  -7.705424630493480E-01  -3.821638547008441E-01   1.000000000000000E+05
 -1.019893245617672E+00  -7.509182930550905E-01  -3.914276527460749E-01   1.000000000000000E+05
 -1.006980412550966E+00  -7.300631846904272E-01  -3.967982536220738E-01   1.000000000000000E+05
 -9.929696852844524E-01  -7.081842803020350E-01  -3.974967857362304E-01   1.000000000000000E+05
 -9.780976731080332E-01  -6.857148865820005E-01  -3.930746601714863E-01   1.000000000000000E+05
 -9.627389961775166E-01  -6.632440835757473E-01  -3.834852774657429E-01   1.000000000000000E+05
 -9.473518237732864E-01  -6.414283993958574E-01  -3.691091827511608E-01   1.000000000000000E+05
 -9.324152854078492E-01  -6.208981301847875E-01  -3.507294157968875E-01   1.000000000000000E+05
 -9.183672714837644E-01  -6.021711222142839E-01  -3.294599345156395E-01   1.000000000000000E+05
 -9.055507465946984E-01  -5.855853827995926E-01  -3.066357286184173E-01   1.000000000000000E+05
 -8.941752615627175E-01  -5.712589773008040E-01  -2.836778657863629E-01   1.000000000000000E+05
 -8.842980831914422E-01  -5.590817159822310E-01  -2.619496537909203E-01   1.000000000000000E+05
 -8.758265808006909E-01  -5.487386817962516E-01  -2.426210046473722E-01   1.000000000000000E+05
 -8.685405941833028E-01  -5.397612996560128E-01  -2.265568592120483E-01   1.000000000000000E+05
 -8.621308474654056E-01  -5.315979775216122E-01  -2.142423520402708E-01   1.000000000000000E+05
 -8.562474154881893E-01  -5.236938384598994E-01  -2.057526920252856E-01   1.000000000000000E+05
 -8.505510557983363E-01  -5.155680283073264E-01  -2.007701184005285E-01   1.000000000000000E+05
 -8.447600327962119E-01  -5.068776418894734E-01  -1.986444862520271E-01   1.000000000000000E+05
 -8.386858870923802E-01  -4.974593637423643E-01  -1.984887770654398E-01   1.000000000000000E+05
 -8.322533131140398E-01  -4.873431697710177E-01  -1.992967737359869E-01   1.000000000000000E+05
 -8.255016552999905E-01  -4.767364297671533E-01  -2.000677777056306E-01   1.000000000000000E+05
 -8.185681892406192E-01  -4.659809374933869E-01  -1.999228452243731E-01   1.000000000000000E+05
 -8.116559527006654E-01  -4.554892044752704E-01  -1.981985906510855E-01   1.000000000000000E+05
 -8.049910782662640E-01  -4.456692705319067E-01  -1.945079038574280E-01   1.000000000000000E+05
 -7.987760592138063E-01  -4.368489171131069E-01  -1.887614943832502E-01   1.000000000000000E+05
 -7.931459561512603E-01  -4.292103026970567E-01  -1.811493901835795E-01   1.000000000000000E+05
 -7.881341508997256E-01  -4.227446598528762E-01  -1.720866945163103E-01   1.000000000000000E+05
 -7.836529355174490E-01  -4.172339915867540E-01  -1.621323704789337E-01   1.000000000000000E+05
 -7.794921716223702E-01  -4.122630475992726E-01  -1.518930148019660E-01   1.000000000000000E+05
 -7.753367498698450E-01  -4.072607431895590E-01  -1.419251149413685E-01   1.000000000000000E+05
 -7.708009631334765E-01  -4.015661589672829E-01  -1.326489964261728E-01   1.000000000000000E+05
 -7.654755348935470E-01  -3.945108683154668E-01  -1.242856440547910E-01   1.000000000000000E+05
 -7.589812378127214E-01  -3.855070355510591E-01  -1.168241320041805E-01   1.000000000000000E+05
 -7.510220407709743E-01  -3.741298185212611E-01  -1.100230179932704E-01   1.000000000000000E+05
 -7.414306706738497E-01  -3.601832158935089E-01  -1.034443529565754E-01   1.000000000000000E+05
 -7.302003760886928E-01  -3.437405407032265E-01  -9.651456875399590E-02   1.000000000000000E+05
 -7.174984136133705E-01  -3.251539066814613E-01  -8.860301576563888E-02   1.000000000000000E+05
 -7.036591142100367E-01  -3.050310581074455E-01  -7.910678093049642E-02   1.000000000000000E+05
 -6.891570151218234E-01  -2.841820369072270E-01  -6.752988512815808E-02   1.000000000000000E+05
 -6.745631149812286E-01  -2.635420154056965E-01  -5.354607404155162E-02   1.000000000000000E+05
 -6.604894854666936E-01  -2.440796286813788E-01  -3.703699144525302E-02   1.000000000000000E+05
 -6.475289663767214E-01  -2.267019283465827E-01  -1.810117503575590E-02   1.000000000000000E+05
 -6.361972879692928E-01  -2.121674243714664E-01   2.966481726083315E-03   1.000000000000000E+05
 -6.268846276498169E-01  -2.010175497526937E-01   2.572099453806766E-02   1.000000000000000E+05
 -6.198223670986007E-01  -1.935344357554189E-01   4.963192619020143E-02   1.000000000000000E+05
 -6.150688396094344E-01  -1.897294564396713E-01   7.415659889901803E-02   1.000000000000000E+05
 -6.125154108133647E-01  -1.893630497849207E-01   9.881106503511895E-02   1.000000000000000E+05
 -6.119116443429753E-01  -1.919923725933246E-01   1.232285541543484E-01   1.000000000000000E+05
 -6.129059090546838E-01  -1.970399149579489E-01   1.471971061819280E-01   1.000000000000000E+05
 -6.150958986379255E-01  -2.038737298776911E-01   1.706712547773433E-01   1.000000000000000E+05
 -6.180823995731228E-01  -2.118887337617259E-01   1.937564854486913E-01   1.000000000000000E+05
 -6.215193988254755E-01  -2.205787400902825E-01   2.166692080901445E-01   1.000000000000000E+05
 -6.251542875979259E-01  -2.295904478785697E-01   2.396785826443681E-01   1.000000000000000E+05
 -6.288533894946118E-01  -2.387532851021545E-01   2.630392094367835E-01   1.000000000000000E+05
 -6.326101113894792E-01  -2.480824244168639E-01   2.869250636049656E-01   1.000000000000000E+05
 -6.365353963733631E-01  -2.577559701161514E-01   3.113749209947059E-01   1.000000000000000E+05
 -6.408325253939994E-01  -2.680707585346072E-01   3.362579068267701E-01   1.000000000000000E+05
 -6.457603487321179E-01  -2.793839562299682E-01   3.612649230327963E-01   1.000000000000000E+05
 -6.515904606478846E-01  -2.920493209876034E-01   3.859279778905166E-01   1.000000000000000E+05
 -6.585644761847362E-01  -3.063574003516622E-01   4.096653771374252E-01   1.000000000000000E+05
 -6.668573537773501E-01  -3.224880491804021E-01   4.318469133780884E-01   1.000000000000000E+05
 -6.765516754854656E-01  -3.404816003391771E-01   4.518701544870086E-01   1.000000000000000E+05
 -6.876261047558533E-01  -3.602321281885973E-01   4.692371200519656E-01   1.000000000000000E+05
 -6.999591355181560E-01  -3.815029247747312E-01   4.836203183708755E-01   1.000000000000000E+05
 -7.133470270604122E-01  -4.039610406926172E-01   4.949083594422796E-01   1.000000000000000E+05
 -7.275328004641611E-01  -4.272249921613340E-01   5.032240091861575E-01   1.000000000000000E+05
 -7.422416377900827E-01  -4.509178921968642E-01   5.089112565045539E-01   1.000000000000000E+05
 -7.572171882027943E-01  -4.747175854892832E-01   5.124922263112900E-01   1.000000000000000E+05
 -7.722532598572368E-01  -4.983959454949972E-01   5.145990034762306E-01   1.000000000000000E+05
 -7.872161614247201E-01  -5.218412404629481E-01   5.158890462150235E-01   1.000000000000000E+05
 -8.020544363069495E-01  -5.450601371507552E-01   5.169553515739549E-01   1.000000000000000E+05
 -8.167946906264402E-01  -5.681590992884296E-01   5.182435275158250E-01   1.000000000000000E+05
 -8.315243687714265E-01  -5.913081868626980E-01   5.199872629021790E-01   1.000000000000000E+05
 -8.463643641089807E-01  -6.146930937985093E-01   5.221714303442766E-01   1.000000000000000E+05
 -8.614359686694502E-01  -6.384632522660278E-01   5.245284885532231E-01   1.000000000000000E+05
 -8.768276223224954E-01  -6.626846736732438E-01   5.265694351719589E-01   1.000000000000000E+05
 -8.925670690232687E-01  -6.873057418173110E-01   5.276458855735782E-01   1.000000000000000E+05
 -9.086038288098993E-01  -7.121424585858648E-01   5.270355497298679E-01   1.000000000000000E+05
 -9.248054336253712E-01  -7.368868843647728E-01   5.240400393087404E-01   1.000000000000000E+05
 -9.409688474869682E-01  -7.611390853254861E-01   5.180820306611453E-01   1.000000000000000E+05
 -9.568461768402943E-01  -7.844592743564008E-01   5.087886197961112E-01   1.000000000000000E+05
 -9.721815023174218E-01  -8.064335283447851E-01   4.960492889539631E-01   1.000000000000000E+05
 -9.867537583991127E-01  -8.267439678817197E-01   4.800400790626041E-01   1.000000000000000E+05
 -1.000419339233704E+00  -8.452329834082072E-01   4.612099294323266E-01   1.000000000000000E+05
 -1.013147719681002E+00  -8.619512166682701E-01   4.402301404460864E-01   1.000000000000000E+05
 -1.025043939183806E+00  -8.771805997522554E-01   4.179128788332261E-01   1.000000000000000E+05
 -1.036353262102855E+00  -8.914266564713144E-01   3.951089144027386E-01   1.000000000000000E+05
 -1.047445534920856E+00  -9.053781381476016E-01   3.725977704219050E-01   1.000000000000000E+05
 -1.058779434484479E+00  -9.198364112500811E-01   3.509847669005823E-01   1.000000000000000E+05
 -1.070849595916343E+00  -9.356212700416863E-01   3.306188358888532E-01   1.000000000000000E+05
 -1.084122150057084E+00  -9.534634393175142E-01   3.115425383785105E-01   1.000000000000000E+05
 -1.098966136252124E+00  -9.738964561300779E-01   2.934817071026957E-01   1.000000000000000E+05
 -1.115589304452976E+00  -9.971615095635787E-01   2.758770820020943E-01   0.000000000000000E+00 5 RotatedCurve10 
 -1.115589304452976E+00   9.971615095635787E-01  -2.758770820020943E-01  -1.000000000000000E+05
 -1.133986807265069E+00   1.023137999070785E+00  -2.579548449155971E-01  -1.000000000000000E+05
 -1.153910168541921E+00   1.051310087663774E+00  -2.388278087261313E-01  -1.000000000000000E+05
 -1.174861804079205E+00   1.080775636938555E+00  -2.176148542769163E-01  -1.000000000000000E+05
 -1.196117498202548E+00   1.110299065553581E+00  -1.935635954202817E-01  -1.000000000000000E+05
 -1.216775948652230E+00   1.138404454652027E+00  -1.661605522224534E-01  -1.000000000000000E+05
 -1.235831184991310E+00   1.163500277733503E+00  -1.352144424819592E-01  -1.000000000000000E+05
 -1.252260758512031E+00   1.184023083445143E+00  -1.009014163041453E-01  -1.000000000000000E+05
 -1.265120468616625E+00   1.198584831989715E+00  -6.376576396992957E-02  -1.000000000000000E+05
 -1.273635316150934E+00   1.206107734629047E+00  -2.467523162856407E-02  -1.000000000000000E+05
 -1.277276514574043E+00   1.205931509667803E+00   1.526413290382055E-02  -1.000000000000000E+05
 -1.275815751888442E+00   1.197880848732322E+00   5.482345721436053E-02  -1.000000000000000E+05
 -1.269350334110065E+00   1.182285257996758E+00   9.278271618578796E-02  -1.000000000000000E+05
 -1.258296072938351E+00   1.159948785429314E+00   1.280622592782425E-01  -1.000000000000000E+05
 -1.243348422546341E+00   1.132072826767307E+00   1.598377135999762E-01  -1.000000000000000E+05
 -1.225415984908516E+00   1.100140533454352E+00   1.876237506629638E-01  -1.000000000000000E+05
 -1.205533651819033E+00   1.065775678782778E+00   2.113160445851702E-01  -1.000000000000000E+05
 -1.184764951806970E+00   1.030591648710581E+00   2.311859833458203E-01  -1.000000000000000E+05
 -1.164104341907137E+00   9.960471732525346E-01   2.478286613854760E-01  -1.000000000000000E+05
 -1.144390086667316E+00   9.633243947604591E-01   2.620706218307395E-01  -1.000000000000000E+05
 -1.126237015259506E+00   9.332420158475739E-01   2.748489694652154E-01  -1.000000000000000E+05
 -1.109996011981405E+00   9.062119431243970E-01   2.870771779290436E-01  -1.000000000000000E+05
 -1.095743878633154E+00   8.822425842050563E-01   2.995146861299708E-01  -1.000000000000000E+05
 -1.083303606768705E+00   8.609864168285601E-01   3.126569845595904E-01  -1.000000000000000E+05
 -1.072291555688001E+00   8.418243114115888E-01   3.266603736338806E-01  -1.000000000000000E+05
 -1.062184979144244E+00   8.239749758541340E-01   3.413112466558064E-01  -1.000000000000000E+05
 -1.052401145844843E+00   8.066152927401822E-01   3.560441550480375E-01  -1.000000000000000E+05
 -1.042378211115674E+00   7.889965273939520E-01   3.700067612052451E-01  -1.000000000000000E+05
 -1.031648133103739E+00   7.705424630493480E-01   3.821638547008441E-01  -1.000000000000000E+05
 -1.019893245617672E+00   7.509182930550905E-01   3.914276527460749E-01  -1.000000000000000E+05
 -1.006980412550966E+00   7.300631846904272E-01   3.967982536220738E-01  -1.000000000000000E+05
 -9.929696852844524E-01   7.081842803020350E-01   3.974967857362304E-01  -1.000000000000000E+05
 -9.780976731080332E-01   6.857148865820005E-01   3.930746601714863E-01  -1.000000000000000E+05
 -9.627389961775166E-01   6.632440835757473E-01   3.834852774657429E-01  -1.000000000000000E+05
 -9.473518237732864E-01   6.414283993958574E-01   3.691091827511608E-01  -1.000000000000000E+05
 -9.324152854078492E-01   6.208981301847875E-01   3.507294157968875E-01  -1.000000000000000E+05
 -9.183672714837644E-01   6.021711222142839E-01   3.294599345156395E-01  -1.000000000000000E+05
 -9.055507465946984E-01   5.855853827995926E-01   3.066357286184173E-01  -1.000000000000000E+05
 -8.941752615627175E-01   5.712589773008040E-01   2.836778657863629E-01  -1.000000000000000E+05
 -8.842980831914422E-01   5.590817159822310E-01   2.619496537909203E-01  -1.000000000000000E+05
 -8.758265808006909E-01   5.487386817962516E-01   2.426210046473722E-01  -1.000000000000000E+05
 -8.685405941833028E-01   5.397612996560128E-01   2.265568592120483E-01  -1.000000000000000E+05
 -8.621308474654056E-01   5.315979775216122E-01   2.142423520402708E-01  -1.000000000000000E+05
 -8.562474154881893E-01   5.236938384598994E-01   2.057526920252856E-01  -1.000000000000000E+05
 -8.505510557983363E-01   5.155680283073264E-01   2.007701184005285E-01  -1.000000000000000E+05
 -8.447600327962119E-01   5.068776418894734E-01   1.986444862520271E-01  -1.000000000000000E+05
 -8.386858870923802E-01   4.974593637423643E-01   1.984887770654398E-01  -1.000000000000000E+05
 -8.322533131140398E-01   4.873431697710177E-01   1.992967737359869E-01  -1.000000000000000E+05
 -8.255016552999905E-01   4.767364297671533E-01   2.000677777056306E-01  -1.000000000000000E+05
 -8.185681892406192E-01   4.659809374933869E-01   1.999228452243731E-01  -1.000000000000000E+05
 -8.116559527006654E-01   4.554892044752704E-01   1.981985906510855E-01  -1.000000000000000E+05
 -8.049910782662640E-01   4.456692705319067E-01   1.945079038574280E-01  -1.000000000000000E+05
 -7.987760592138063E-01   4.368489171131069E-01   1.887614943832502E-01  -1.000000000000000E+05
 -7.931459561512603E-01   4.292103026970567E-01   1.811493901835795E-01  -1.000000000000000E+05
 -7.881341508997256E-01   4.227446598528762E-01   1.720866945163103E-01  -1.000000000000000E+05
 -7.836529355174490E-01   4.172339915867540E-01   1.621323704789337E-01  -1.000000000000000E+05
 -7.794921716223702E-01   4.122630475992726E-01   1.518930148019660E-01  -1.000000000000000E+05
 -7.753367498698450E-01   4.072607431895590E-01   1.419251149413685E-01  -1.000000000000000E+05
 -7.708009631334765E-01   4.015661589672829E-01   1.326489964261728E-01  -1.000000000000000E+05
 -7.654755348935470E-01   3.945108683154668E-01   1.242856440547910E-01  -1.000000000000000E+05
 -7.589812378127214E-01   3.855070355510591E-01   1.168241320041805E-01  -1.000000000000000E+05
 -7.510220407709743E-01   3.741298185212611E-01   1.100230179932704E-01  -1.000000000000000E+05
 -7.414306706738497E-01   3.601832158935089E-01   1.034443529565754E-01  -1.000000000000000E+05
 -7.302003760886928E-01   3.437405407032265E-01   9.651456875399590E-02  -1.000000000000000E+05
 -7.174984136133705E-01   3.251539066814613E-01   8.860301576563888E-02  -1.000000000000000E+05
 -7.036591142100367E-01   3.050310581074455E-01   7.910678093049642E-02  -1.000000000000000E+05
 -6.891570151218234E-01   2.841820369072270E-01   6.752988512815808E-02  -1.000000000000000E+05
 -6.745631149812286E-01   2.635420154056965E-01   5.354607404155162E-02  -1.000000000000000E+05
 -6.604894854666936E-01   2.440796286813788E-01   3.703699144525302E-02  -1.000000000000000E+05
 -6.475289663767214E-01   2.267019283465827E-01   1.810117503575590E-02  -1.000000000000000E+05
 -6.361972879692928E-01   2.121674243714664E-01  -2.966481726083315E-03  -1.000000000000000E+05
 -6.268846276498169E-01   2.010175497526937E-01  -2.572099453806766E-02  -1.000000000000000E+05
 -6.198223670986007E-01   1.935344357554189E-01  -4.963192619020143E-02  -1.000000000000000E+05
 -6.150688396094344E-01   1.897294564396713E-01  -7.415659889901803E-02  -1.000000000000000E+05
 -6.125154108133647E-01   1.893630497849207E-01  -9.881106503511895E-02  -1.000000000000000E+05
 -6.119116443429753E-01   1.919923725933246E-01  -1.232285541543484E-01  -1.000000000000000E+05
 -6.129059090546838E-01   1.970399149579489E-01  -1.471971061819280E-01  -1.000000000000000E+05
 -6.150958986379255E-01   2.038737298776911E-01  -1.706712547773433E-01  -1.000000000000000E+05
 -6.180823995731228E-01   2.118887337617259E-01  -1.937564854486913E-01  -1.000000000000000E+05
 -6.215193988254755E-01   2.205787400902825E-01  -2.166692080901445E-01  -1.000000000000000E+05
 -6.251542875979259E-01   2.295904478785697E-01  -2.396785826443681E-01  -1.000000000000000E+05
 -6.288533894946118E-01   2.387532851021545E-01  -2.630392094367835E-01  -1.000000000000000E+05
 -6.326101113894792E-01   2.480824244168639E-01  -2.869250636049656E-01  -1.000000000000000E+05
 -6.365353963733631E-01   2.577559701161514E-01  -3.113749209947059E-01  -1.000000000000000E+05
 -6.408325253939994E-01   2.680707585346072E-01  -3.362579068267701E-01  -1.000000000000000E+05
 -6.457603487321179E-01   2.793839562299682E-01  -3.612649230327963E-01  -1.000000000000000E+05
 -6.515904606478846E-01   2.920493209876034E-01  -3.859279778905166E-01  -1.000000000000000E+05
 -6.585644761847362E-01   3.063574003516622E-01  -4.096653771374252E-01  -1.000000000000000E+05
 -6.668573537773501E-01   3.224880491804021E-01  -4.318469133780884E-01  -1.000000000000000E+05
 -6.765516754854656E-01   3.404816003391771E-01  -4.518701544870086E-01  -1.000000000000000E+05
 -6.876261047558533E-01   3.602321281885973E-01  -4.692371200519656E-01  -1.000000000000000E+05
 -6.999591355181560E-01   3.815029247747312E-01  -4.836203183708755E-01  -1.000000000000000E+05
 -7.133470270604122E-01   4.039610406926172E-01  -4.949083594422796E-01  -1.000000000000000E+05
 -7.275328004641611E-01   4.272249921613340E-01  -5.032240091861575E-01  -1.000000000000000E+05
 -7.422416377900827E-01   4.509178921968642E-01  -5.089112565045539E-01  -1.000000000000000E+05
 -7.572171882027943E-01   4.747175854892832E-01  -5.124922263112900E-01  -1.000000000000000E+05
 -7.722532598572368E-01   4.983959454949972E-01  -5.145990034762306E-01  -1.000000000000000E+05
 -7.872161614247201E-01   5.218412404629481E-01  -5.158890462150235E-01  -1.000000000000000E+05
 -8.020544363069495E-01   5.450601371507552E-01  -5.169553515739549E-01  -1.000000000000000E+05
 -8.167946906264402E-01   5.681590992884296E-01  -5.182435275158250E-01  -1.000000000000000E+05
 -8.315243687714265E-01   5.913081868626980E-01  -5.199872629021790E-01  -1.000000000000000E+05
 -8.463643641089807E-01   6.146930937985093E-01  -5.221714303442766E-01  -1.000000000000000E+05
 -8.614359686694502E-01   6.384632522660278E-01  -5.245284885532231E-01  -1.000000000000000E+05
 -8.768276223224954E-01   6.626846736732438E-01  -5.265694351719589E-01  -1.000000000000000E+05
 -8.925670690232687E-01   6.873057418173110E-01  -5.276458855735782E-01  -1.000000000000000E+05
 -9.086038288098993E-01   7.121424585858648E-01  -5.270355497298679E-01  -1.000000000000000E+05
 -9.248054336253712E-01   7.368868843647728E-01  -5.240400393087404E-01  -1.000000000000000E+05
 -9.409688474869682E-01   7.611390853254861E-01  -5.180820306611453E-01  -1.000000000000000E+05
 -9.568461768402943E-01   7.844592743564008E-01  -5.087886197961112E-01  -1.000000000000000E+05
 -9.721815023174218E-01   8.064335283447851E-01  -4.960492889539631E-01  -1.000000000000000E+05
 -9.867537583991127E-01   8.267439678817197E-01  -4.800400790626041E-01  -1.000000000000000E+05
 -1.000419339233704E+00   8.452329834082072E-01  -4.612099294323266E-01  -1.000000000000000E+05
 -1.013147719681002E+00   8.619512166682701E-01  -4.402301404460864E-01  -1.000000000000000E+05
 -1.025043939183806E+00   8.771805997522554E-01  -4.179128788332261E-01  -1.000000000000000E+05
 -1.036353262102855E+00   8.914266564713144E-01  -3.951089144027386E-01  -1.000000000000000E+05
 -1.047445534920856E+00   9.053781381476016E-01  -3.725977704219050E-01  -1.000000000000000E+05
 -1.058779434484479E+00   9.198364112500811E-01  -3.509847669005823E-01  -1.000000000000000E+05
 -1.070849595916343E+00   9.356212700416863E-01  -3.306188358888532E-01  -1.000000000000000E+05
 -1.084122150057084E+00   9.534634393175142E-01  -3.115425383785105E-01  -1.000000000000000E+05
 -1.098966136252124E+00   9.738964561300779E-01  -2.934817071026957E-01  -1.000000000000000E+05
 -1.115589304452976E+00   9.971615095635787E-01  -2.758770820020943E-01   0.000000000000000E+00 6 RotatedCurve11 
  9.971615095635786E-01  -1.115589304452976E+00   2.758770820020943E-01   1.000000000000000E+05
  1.023137999070785E+00  -1.133986807265069E+00   2.579548449155971E-01   1.000000000000000E+05
  1.051310087663774E+00  -1.153910168541921E+00   2.388278087261313E-01   1.000000000000000E+05
  1.080775636938555E+00  -1.174861804079205E+00   2.176148542769163E-01   1.000000000000000E+05
  1.110299065553581E+00  -1.196117498202548E+00   1.935635954202817E-01   1.000000000000000E+05
  1.138404454652027E+00  -1.216775948652230E+00   1.661605522224534E-01   1.000000000000000E+05
  1.163500277733503E+00  -1.235831184991310E+00   1.352144424819592E-01   1.000000000000000E+05
  1.184023083445143E+00  -1.252260758512031E+00   1.009014163041453E-01   1.000000000000000E+05
  1.198584831989715E+00  -1.265120468616625E+00   6.376576396992957E-02   1.000000000000000E+05
  1.206107734629047E+00  -1.273635316150934E+00   2.467523162856407E-02   1.000000000000000E+05
  1.205931509667803E+00  -1.277276514574043E+00  -1.526413290382055E-02   1.000000000000000E+05
  1.197880848732322E+00  -1.275815751888442E+00  -5.482345721436053E-02   1.000000000000000E+05
  1.182285257996758E+00  -1.269350334110065E+00  -9.278271618578796E-02   1.000000000000000E+05
  1.159948785429314E+00  -1.258296072938351E+00  -1.280622592782425E-01   1.000000000000000E+05
  1.132072826767307E+00  -1.243348422546341E+00  -1.598377135999762E-01   1.000000000000000E+05
  1.100140533454352E+00  -1.225415984908516E+00  -1.876237506629638E-01   1.000000000000000E+05
  1.065775678782778E+00  -1.205533651819033E+00  -2.113160445851702E-01   1.000000000000000E+05
  1.030591648710581E+00  -1.184764951806970E+00  -2.311859833458203E-01   1.000000000000000E+05
  9.960471732525344E-01  -1.164104341907137E+00  -2.478286613854760E-01   1.000000000000000E+05
  9.633243947604589E-01  -1.144390086667316E+00  -2.620706218307395E-01   1.000000000000000E+05
  9.332420158475738E-01  -1.126237015259506E+00  -2.748489694652154E-01   1.000000000000000E+05
  9.062119431243969E-01  -1.109996011981406E+00  -2.870771779290436E-01   1.000000000000000E+05
  8.822425842050562E-01  -1.095743878633154E+00  -2.995146861299708E-01   1.000000000000000E+05
  8.609864168285600E-01  -1.083303606768705E+00  -3.126569845595904E-01   1.000000000000000E+05
  8.418243114115886E-01  -1.072291555688001E+00  -3.266603736338806E-01   1.000000000000000E+05
  8.239749758541339E-01  -1.062184979144244E+00  -3.413112466558064E-01   1.000000000000000E+05
  8.066152927401821E-01  -1.052401145844843E+00  -3.560441550480375E-01   1.000000000000000E+05
  7.889965273939519E-01  -1.042378211115674E+00  -3.700067612052451E-01   1.000000000000000E+05
  7.705424630493479E-01  -1.031648133103739E+00  -3.821638547008441E-01   1.000000000000000E+05
  7.509182930550904E-01  -1.019893245617673E+00  -3.914276527460749E-01   1.000000000000000E+05
  7.300631846904271E-01  -1.006980412550966E+00  -3.967982536220738E-01   1.000000000000000E+05
  7.081842803020348E-01  -9.929696852844524E-01  -3.974967857362304E-01   1.000000000000000E+05
  6.857148865820004E-01  -9.780976731080332E-01  -3.930746601714863E-01   1.000000000000000E+05
  6.632440835757472E-01  -9.627389961775166E-01  -3.834852774657429E-01   1.000000000000000E+05
  6.414283993958573E-01  -9.473518237732864E-01  -3.691091827511608E-01   1.000000000000000E+05
  6.208981301847873E-01  -9.324152854078492E-01  -3.507294157968875E-01   1.000000000000000E+05
  6.021711222142838E-01  -9.183672714837644E-01  -3.294599345156395E-01   1.000000000000000E+05
  5.855853827995926E-01  -9.055507465946984E-01  -3.066357286184173E-01   1.000000000000000E+05
  5.712589773008040E-01  -8.941752615627175E-01  -2.836778657863629E-01   1.000000000000000E+05
  5.590817159822310E-01  -8.842980831914422E-01  -2.619496537909203E-01   1.000000000000000E+05
  5.487386817962516E-01  -8.758265808006909E-01  -2.426210046473722E-01   1.000000000000000E+05
  5.397612996560128E-01  -8.685405941833028E-01  -2.265568592120483E-01   1.000000000000000E+05
  5.315979775216122E-01  -8.621308474654056E-01  -2.142423520402708E-01   1.000000000000000E+05
  5.236938384598994E-01  -8.562474154881893E-01  -2.057526920252856E-01   1.000000000000000E+05
  5.155680283073264E-01  -8.505510557983363E-01  -2.007701184005285E-01   1.000000000000000E+05
  5.068776418894734E-01  -8.447600327962119E-01  -1.986444862520271E-01   1.000000000000000E+05
  4.974593637423643E-01  -8.386858870923802E-01  -1.984887770654398E-01   1.000000000000000E+05
  4.873431697710177E-01  -8.322533131140398E-01  -1.992967737359869E-01   1.000000000000000E+05
  4.767364297671532E-01  -8.255016552999905E-01  -2.000677777056306E-01   1.000000000000000E+05
  4.659809374933868E-01  -8.185681892406192E-01  -1.999228452243731E-01   1.000000000000000E+05
  4.554892044752703E-01  -8.116559527006654E-01  -1.981985906510855E-01   1.000000000000000E+05
  4.456692705319067E-01  -8.049910782662641E-01  -1.945079038574280E-01   1.000000000000000E+05
  4.368489171131068E-01  -7.987760592138065E-01  -1.887614943832502E-01   1.000000000000000E+05
  4.292103026970567E-01  -7.931459561512604E-01  -1.811493901835795E-01   1.000000000000000E+05
  4.227446598528762E-01  -7.881341508997257E-01  -1.720866945163103E-01   1.000000000000000E+05
  4.172339915867539E-01  -7.836529355174491E-01  -1.621323704789337E-01   1.000000000000000E+05
  4.122630475992725E-01  -7.794921716223703E-01  -1.518930148019660E-01   1.000000000000000E+05
  4.072607431895589E-01  -7.753367498698451E-01  -1.419251149413685E-01   1.000000000000000E+05
  4.015661589672828E-01  -7.708009631334766E-01  -1.326489964261728E-01   1.000000000000000E+05
  3.945108683154667E-01  -7.654755348935471E-01  -1.242856440547910E-01   1.000000000000000E+05
  3.855070355510591E-01  -7.589812378127215E-01  -1.168241320041805E-01   1.000000000000000E+05
  3.741298185212611E-01  -7.510220407709745E-01  -1.100230179932704E-01   1.000000000000000E+05
  3.601832158935089E-01  -7.414306706738498E-01  -1.034443529565754E-01   1.000000000000000E+05
  3.437405407032265E-01  -7.302003760886929E-01  -9.651456875399590E-02   1.000000000000000E+05
  3.251539066814613E-01  -7.174984136133706E-01  -8.860301576563888E-02   1.000000000000000E+05
  3.050310581074455E-01  -7.036591142100368E-01  -7.910678093049642E-02   1.000000000000000E+05
  2.841820369072270E-01  -6.891570151218234E-01  -6.752988512815808E-02   1.000000000000000E+05
  2.635420154056964E-01  -6.745631149812286E-01  -5.354607404155162E-02   1.000000000000000E+05
  2.440796286813788E-01  -6.604894854666936E-01  -3.703699144525302E-02   1.000000000000000E+05
  2.267019283465826E-01  -6.475289663767214E-01  -1.810117503575590E-02   1.000000000000000E+05
  2.121674243714664E-01  -6.361972879692928E-01   2.966481726083315E-03   1.000000000000000E+05
  2.010175497526937E-01  -6.268846276498169E-01   2.572099453806766E-02   1.000000000000000E+05
  1.935344357554189E-01  -6.198223670986007E-01   4.963192619020143E-02   1.000000000000000E+05
  1.897294564396713E-01  -6.150688396094344E-01   7.415659889901803E-02   1.000000000000000E+05
  1.893630497849207E-01  -6.125154108133647E-01   9.881106503511895E-02   1.000000000000000E+05
  1.919923725933245E-01  -6.119116443429753E-01   1.232285541543484E-01   1.000000000000000E+05
  1.970399149579489E-01  -6.129059090546838E-01   1.471971061819280E-01   1.000000000000000E+05
  2.038737298776911E-01  -6.150958986379255E-01   1.706712547773433E-01   1.000000000000000E+05
  2.118887337617259E-01  -6.180823995731228E-01   1.937564854486913E-01   1.000000000000000E+05
  2.205787400902825E-01  -6.215193988254755E-01   2.166692080901445E-01   1.000000000000000E+05
  2.295904478785697E-01  -6.251542875979259E-01   2.396785826443681E-01   1.000000000000000E+05
  2.387532851021544E-01  -6.288533894946118E-01   2.630392094367835E-01   1.000000000000000E+05
  2.480824244168638E-01  -6.326101113894792E-01   2.869250636049656E-01   1.000000000000000E+05
  2.577559701161513E-01  -6.365353963733631E-01   3.113749209947059E-01   1.000000000000000E+05
  2.680707585346072E-01  -6.408325253939994E-01   3.362579068267701E-01   1.000000000000000E+05
  2.793839562299681E-01  -6.457603487321179E-01   3.612649230327963E-01   1.000000000000000E+05
  2.920493209876033E-01  -6.515904606478846E-01   3.859279778905166E-01   1.000000000000000E+05
  3.063574003516621E-01  -6.585644761847363E-01   4.096653771374252E-01   1.000000000000000E+05
  3.224880491804021E-01  -6.668573537773502E-01   4.318469133780884E-01   1.000000000000000E+05
  3.404816003391771E-01  -6.765516754854657E-01   4.518701544870086E-01   1.000000000000000E+05
  3.602321281885973E-01  -6.876261047558534E-01   4.692371200519656E-01   1.000000000000000E+05
  3.815029247747312E-01  -6.999591355181561E-01   4.836203183708755E-01   1.000000000000000E+05
  4.039610406926172E-01  -7.133470270604123E-01   4.949083594422796E-01   1.000000000000000E+05
  4.272249921613340E-01  -7.275328004641612E-01   5.032240091861575E-01   1.000000000000000E+05
  4.509178921968642E-01  -7.422416377900828E-01   5.089112565045539E-01   1.000000000000000E+05
  4.747175854892831E-01  -7.572171882027943E-01   5.124922263112900E-01   1.000000000000000E+05
  4.983959454949972E-01  -7.722532598572368E-01   5.145990034762306E-01   1.000000000000000E+05
  5.218412404629481E-01  -7.872161614247201E-01   5.158890462150235E-01   1.000000000000000E+05
  5.450601371507552E-01  -8.020544363069495E-01   5.169553515739549E-01   1.000000000000000E+05
  5.681590992884296E-01  -8.167946906264402E-01   5.182435275158250E-01   1.000000000000000E+05
  5.913081868626980E-01  -8.315243687714265E-01   5.199872629021790E-01   1.000000000000000E+05
  6.146930937985093E-01  -8.463643641089807E-01   5.221714303442766E-01   1.000000000000000E+05
  6.384632522660278E-01  -8.614359686694502E-01   5.245284885532231E-01   1.000000000000000E+05
  6.626846736732438E-01  -8.768276223224954E-01   5.265694351719589E-01   1.000000000000000E+05
  6.873057418173110E-01  -8.925670690232687E-01   5.276458855735782E-01   1.000000000000000E+05
  7.121424585858647E-01  -9.086038288098993E-01   5.270355497298679E-01   1.000000000000000E+05
  7.368868843647727E-01  -9.248054336253712E-01   5.240400393087404E-01   1.000000000000000E+05
  7.611390853254860E-01  -9.409688474869682E-01   5.180820306611453E-01   1.000000000000000E+05
  7.844592743564007E-01  -9.568461768402943E-01   5.087886197961112E-01   1.000000000000000E+05
  8.064335283447850E-01  -9.721815023174218E-01   4.960492889539631E-01   1.000000000000000E+05
  8.267439678817196E-01  -9.867537583991127E-01   4.800400790626041E-01   1.000000000000000E+05
  8.452329834082071E-01  -1.000419339233704E+00   4.612099294323266E-01   1.000000000000000E+05
  8.619512166682700E-01  -1.013147719681003E+00   4.402301404460864E-01   1.000000000000000E+05
  8.771805997522553E-01  -1.025043939183806E+00   4.179128788332261E-01   1.000000000000000E+05
  8.914266564713142E-01  -1.036353262102855E+00   3.951089144027386E-01   1.000000000000000E+05
  9.053781381476015E-01  -1.047445534920856E+00   3.725977704219050E-01   1.000000000000000E+05
  9.198364112500810E-01  -1.058779434484479E+00   3.509847669005823E-01   1.000000000000000E+05
  9.356212700416862E-01  -1.070849595916343E+00   3.306188358888532E-01   1.000000000000000E+05
  9.534634393175141E-01  -1.084122150057084E+00   3.115425383785105E-01   1.000000000000000E+05
  9.738964561300778E-01  -1.098966136252124E+00   2.934817071026957E-01   1.000000000000000E+05
  9.971615095635786E-01  -1.115589304452976E+00   2.758770820020943E-01   0.000000000000000E+00 7 RotatedCurve12 
  9.971615095635786E-01   1.115589304452976E+00  -2.758770820020943E-01  -1.000000000000000E+05
  1.023137999070785E+00   1.133986807265069E+00  -2.579548449155971E-01  -1.000000000000000E+05
  1.051310087663774E+00   1.153910168541921E+00  -2.388278087261313E-01  -1.000000000000000E+05
  1.080775636938555E+00   1.174861804079205E+00  -2.176148542769163E-01  -1.000000000000000E+05
  1.110299065553581E+00   1.196117498202548E+00  -1.935635954202817E-01  -1.000000000000000E+05
  1.138404454652027E+00   1.216775948652230E+00  -1.661605522224534E-01  -1.000000000000000E+05
  1.163500277733503E+00   1.235831184991310E+00  -1.352144424819592E-01  -1.000000000000000E+05
  1.184023083445143E+00   1.252260758512031E+00  -1.009014163041453E-01  -1.000000000000000E+05
  1.198584831989715E+00   1.265120468616625E+00  -6.376576396992957E-02  -1.000000000000000E+05
  1.206107734629047E+00   1.273635316150934E+00  -2.467523162856407E-02  -1.000000000000000E+05
  1.205931509667803E+00   1.277276514574043E+00   1.526413290382055E-02  -1.000000000000000E+05
  1.197880848732322E+00   1.275815751888442E+00   5.482345721436053E-02  -1.000000000000000E+05
  1.182285257996758E+00   1.269350334110065E+00   9.278271618578796E-02  -1.000000000000000E+05
  1.159948785429314E+00   1.258296072938351E+00   1.280622592782425E-01  -1.000000000000000E+05
  1.132072826767307E+00   1.243348422546341E+00   1.598377135999762E-01  -1.000000000000000E+05
  1.100140533454352E+00   1.225415984908516E+00   1.876237506629638E-01  -1.000000000000000E+05
  1.065775678782778E+00   1.205533651819033E+00   2.113160445851702E-01  -1.000000000000000E+05
  1.030591648710581E+00   1.184764951806970E+00   2.311859833458203E-01  -1.000000000000000E+05
  9.960471732525344E-01   1.164104341907137E+00   2.478286613854760E-01  -1.000000000000000E+05
  9.633243947604589E-01   1.144390086667316E+00   2.620706218307395E-01  -1.000000000000000E+05
  9.332420158475738E-01   1.126237015259506E+00   2.748489694652154E-01  -1.000000000000000E+05
  9.062119431243969E-01   1.109996011981406E+00   2.870771779290436E-01  -1.000000000000000E+05
  8.822425842050562E-01   1.095743878633154E+00   2.995146861299708E-01  -1.000000000000000E+05
  8.609864168285600E-01   1.083303606768705E+00   3.126569845595904E-01  -1.000000000000000E+05
  8.418243114115886E-01   1.072291555688001E+00   3.266603736338806E-01  -1.000000000000000E+05
  8.239749758541339E-01   1.062184979144244E+00   3.413112466558064E-01  -1.000000000000000E+05
  8.066152927401821E-01   1.052401145844843E+00   3.560441550480375E-01  -1.000000000000000E+05
  7.889965273939519E-01   1.042378211115674E+00   3.700067612052451E-01  -1.000000000000000E+05
  7.705424630493479E-01   1.031648133103739E+00   3.821638547008441E-01  -1.000000000000000E+05
  7.509182930550904E-01   1.019893245617673E+00   3.914276527460749E-01  -1.000000000000000E+05
  7.300631846904271E-01   1.006980412550966E+00   3.967982536220738E-01  -1.000000000000000E+05
  7.081842803020348E-01   9.929696852844524E-01   3.974967857362304E-01  -1.000000000000000E+05
  6.857148865820004E-01   9.780976731080332E-01   3.930746601714863E-01  -1.000000000000000E+05
  6.632440835757472E-01   9.627389961775166E-01   3.834852774657429E-01  -1.000000000000000E+05
  6.414283993958573E-01   9.473518237732864E-01   3.691091827511608E-01  -1.000000000000000E+05
  6.208981301847873E-01   9.324152854078492E-01   3.507294157968875E-01  -1.000000000000000E+05
  6.021711222142838E-01   9.183672714837644E-01   3.294599345156395E-01  -1.000000000000000E+05
  5.855853827995926E-01   9.055507465946984E-01   3.066357286184173E-01  -1.000000000000000E+05
  5.712589773008040E-01   8.941752615627175E-01   2.836778657863629E-01  -1.000000000000000E+05
  5.590817159822310E-01   8.842980831914422E-01   2.619496537909203E-01  -1.000000000000000E+05
  5.487386817962516E-01   8.758265808006909E-01   2.426210046473722E-01  -1.000000000000000E+05
  5.397612996560128E-01   8.685405941833028E-01   2.265568592120483E-01  -1.000000000000000E+05
  5.315979775216122E-01   8.621308474654056E-01   2.142423520402708E-01  -1.000000000000000E+05
  5.236938384598994E-01   8.562474154881893E-01   2.057526920252856E-01  -1.000000000000000E+05
  5.155680283073264E-01   8.505510557983363E-01   2.007701184005285E-01  -1.000000000000000E+05
  5.068776418894734E-01   8.447600327962119E-01   1.986444862520271E-01  -1.000000000000000E+05
  4.974593637423643E-01   8.386858870923802E-01   1.984887770654398E-01  -1.000000000000000E+05
  4.873431697710177E-01   8.322533131140398E-01   1.992967737359869E-01  -1.000000000000000E+05
  4.767364297671532E-01   8.255016552999905E-01   2.000677777056306E-01  -1.000000000000000E+05
  4.659809374933868E-01   8.185681892406192E-01   1.999228452243731E-01  -1.000000000000000E+05
  4.554892044752703E-01   8.116559527006654E-01   1.981985906510855E-01  -1.000000000000000E+05
  4.456692705319067E-01   8.049910782662641E-01   1.945079038574280E-01  -1.000000000000000E+05
  4.368489171131068E-01   7.987760592138065E-01   1.887614943832502E-01  -1.000000000000000E+05
  4.292103026970567E-01   7.931459561512604E-01   1.811493901835795E-01  -1.000000000000000E+05
  4.227446598528762E-01   7.881341508997257E-01   1.720866945163103E-01  -1.000000000000000E+05
  4.172339915867539E-01   7.836529355174491E-01   1.621323704789337E-01  -1.000000000000000E+05
  4.122630475992725E-01   7.794921716223703E-01   1.518930148019660E-01  -1.000000000000000E+05
  4.072607431895589E-01   7.753367498698451E-01   1.419251149413685E-01  -1.000000000000000E+05
  4.015661589672828E-01   7.708009631334766E-01   1.326489964261728E-01  -1.000000000000000E+05
  3.945108683154667E-01   7.654755348935471E-01   1.242856440547910E-01  -1.000000000000000E+05
  3.855070355510591E-01   7.589812378127215E-01   1.168241320041805E-01  -1.000000000000000E+05
  3.741298185212611E-01   7.510220407709745E-01   1.100230179932704E-01  -1.000000000000000E+05
  3.601832158935089E-01   7.414306706738498E-01   1.034443529565754E-01  -1.000000000000000E+05
  3.437405407032265E-01   7.302003760886929E-01   9.651456875399590E-02  -1.000000000000000E+05
  3.251539066814613E-01   7.174984136133706E-01   8.860301576563888E-02  -1.000000000000000E+05
  3.050310581074455E-01   7.036591142100368E-01   7.910678093049642E-02  -1.000000000000000E+05
  2.841820369072270E-01   6.891570151218234E-01   6.752988512815808E-02  -1.000000000000000E+05
  2.635420154056964E-01   6.745631149812286E-01   5.354607404155162E-02  -1.000000000000000E+05
  2.440796286813788E-01   6.604894854666936E-01   3.703699144525302E-02  -1.000000000000000E+05
  2.267019283465826E-01   6.475289663767214E-01   1.810117503575590E-02  -1.000000000000000E+05
  2.121674243714664E-01   6.361972879692928E-01  -2.966481726083315E-03  -1.000000000000000E+05
  2.010175497526937E-01   6.268846276498169E-01  -2.572099453806766E-02  -1.000000000000000E+05
  1.935344357554189E-01   6.198223670986007E-01  -4.963192619020143E-02  -1.000000000000000E+05
  1.897294564396713E-01   6.150688396094344E-01  -7.415659889901803E-02  -1.000000000000000E+05
  1.893630497849207E-01   6.125154108133647E-01  -9.881106503511895E-02  -1.000000000000000E+05
  1.919923725933245E-01   6.119116443429753E-01  -1.232285541543484E-01  -1.000000000000000E+05
  1.970399149579489E-01   6.129059090546838E-01  -1.471971061819280E-01  -1.000000000000000E+05
  2.038737298776911E-01   6.150958986379255E-01  -1.706712547773433E-01  -1.000000000000000E+05
  2.118887337617259E-01   6.180823995731228E-01  -1.937564854486913E-01  -1.000000000000000E+05
  2.205787400902825E-01   6.215193988254755E-01  -2.166692080901445E-01  -1.000000000000000E+05
  2.295904478785697E-01   6.251542875979259E-01  -2.396785826443681E-01  -1.000000000000000E+05
  2.387532851021544E-01   6.288533894946118E-01  -2.630392094367835E-01  -1.000000000000000E+05
  2.480824244168638E-01   6.326101113894792E-01  -2.869250636049656E-01  -1.000000000000000E+05
  2.577559701161513E-01   6.365353963733631E-01  -3.113749209947059E-01  -1.000000000000000E+05
  2.680707585346072E-01   6.408325253939994E-01  -3.362579068267701E-01  -1.000000000000000E+05
  2.793839562299681E-01   6.457603487321179E-01  -3.612649230327963E-01  -1.000000000000000E+05
  2.920493209876033E-01   6.515904606478846E-01  -3.859279778905166E-01  -1.000000000000000E+05
  3.063574003516621E-01   6.585644761847363E-01  -4.096653771374252E-01  -1.000000000000000E+05
  3.224880491804021E-01   6.668573537773502E-01  -4.318469133780884E-01  -1.000000000000000E+05
  3.404816003391771E-01   6.765516754854657E-01  -4.518701544870086E-01  -1.000000000000000E+05
  3.602321281885973E-01   6.876261047558534E-01  -4.692371200519656E-01  -1.000000000000000E+05
  3.815029247747312E-01   6.999591355181561E-01  -4.836203183708755E-01  -1.000000000000000E+05
  4.039610406926172E-01   7.133470270604123E-01  -4.949083594422796E-01  -1.000000000000000E+05
  4.272249921613340E-01   7.275328004641612E-01  -5.032240091861575E-01  -1.000000000000000E+05
  4.509178921968642E-01   7.422416377900828E-01  -5.089112565045539E-01  -1.000000000000000E+05
  4.747175854892831E-01   7.572171882027943E-01  -5.124922263112900E-01  -1.000000000000000E+05
  4.983959454949972E-01   7.722532598572368E-01  -5.145990034762306E-01  -1.000000000000000E+05
  5.218412404629481E-01   7.872161614247201E-01  -5.158890462150235E-01  -1.000000000000000E+05
  5.450601371507552E-01   8.020544363069495E-01  -5.169553515739549E-01  -1.000000000000000E+05
  5.681590992884296E-01   8.167946906264402E-01  -5.182435275158250E-01  -1.000000000000000E+05
  5.913081868626980E-01   8.315243687714265E-01  -5.199872629021790E-01  -1.000000000000000E+05
  6.146930937985093E-01   8.463643641089807E-01  -5.221714303442766E-01  -1.000000000000000E+05
  6.384632522660278E-01   8.614359686694502E-01  -5.245284885532231E-01  -1.000000000000000E+05
  6.626846736732438E-01   8.768276223224954E-01  -5.265694351719589E-01  -1.000000000000000E+05
  6.873057418173110E-01   8.925670690232687E-01  -5.276458855735782E-01  -1.000000000000000E+05
  7.121424585858647E-01   9.086038288098993E-01  -5.270355497298679E-01  -1.000000000000000E+05
  7.368868843647727E-01   9.248054336253712E-01  -5.240400393087404E-01  -1.000000000000000E+05
  7.611390853254860E-01   9.409688474869682E-01  -5.180820306611453E-01  -1.000000000000000E+05
  7.844592743564007E-01   9.568461768402943E-01  -5.087886197961112E-01  -1.000000000000000E+05
  8.064335283447850E-01   9.721815023174218E-01  -4.960492889539631E-01  -1.000000000000000E+05
  8.267439678817196E-01   9.867537583991127E-01  -4.800400790626041E-01  -1.000000000000000E+05
  8.452329834082071E-01   1.000419339233704E+00  -4.612099294323266E-01  -1.000000000000000E+05
  8.619512166682700E-01   1.013147719681003E+00  -4.402301404460864E-01  -1.000000000000000E+05
  8.771805997522553E-01   1.025043939183806E+00  -4.179128788332261E-01  -1.000000000000000E+05
  8.914266564713142E-01   1.036353262102855E+00  -3.951089144027386E-01  -1.000000000000000E+05
  9.053781381476015E-01   1.047445534920856E+00  -3.725977704219050E-01  -1.000000000000000E+05
  9.198364112500810E-01   1.058779434484479E+00  -3.509847669005823E-01  -1.000000000000000E+05
  9.356212700416862E-01   1.070849595916343E+00  -3.306188358888532E-01  -1.000000000000000E+05
  9.534634393175141E-01   1.084122150057084E+00  -3.115425383785105E-01  -1.000000000000000E+05
  9.738964561300778E-01   1.098966136252124E+00  -2.934817071026957E-01  -1.000000000000000E+05
  9.971615095635786E-01   1.115589304452976E+00  -2.758770820020943E-01   0.000000000000000E+00 8 RotatedCurve13 
end 
