       0.10000D+01       0.00000D+00       0.84503D-01       0.42354D+00       0.00000D+00
       0.20000D+01       0.17317D-04       0.83190D-01       0.41985D+00       0.19367D+00
       0.30000D+01       0.51822D-04       0.75387D-01       0.41972D+00       0.23322D+00
       0.40000D+01       0.32710D-03       0.46899D-01       0.41579D+00       0.25353D+00
       0.50000D+01       0.29040D-03       0.58338D-01       0.42397D+00       0.19985D+00
       0.60000D+01       0.32852D-03       0.76941D-01       0.42088D+00       0.24430D+00
       0.70000D+01       0.34041D-03       0.83925D-01       0.42067D+00       0.25217D+00
       0.80000D+01       0.31635D-03       0.86468D-01       0.41992D+00       0.25791D+00
       0.90000D+01       0.55112D-03       0.16022D-02       0.42119D+00       0.22831D+00
       0.10000D+02       0.68853D-03       0.82112D-01       0.42071D+00       0.24467D+00
       0.11000D+02       0.66148D-03       0.82585D-01       0.42040D+00       0.25578D+00
       0.12000D+02       0.62692D-03       0.75015D-01       0.42032D+00       0.26168D+00
       0.13000D+02       0.67802D-03       0.35693D-01       0.41903D+00       0.26677D+00
       0.14000D+02       0.67020D-03       0.69062D-01       0.42159D+00       0.24656D+00
       0.15000D+02       0.64421D-03       0.79320D-01       0.42062D+00       0.26041D+00
       0.16000D+02       0.63242D-03       0.84366D-01       0.42054D+00       0.26307D+00
       0.17000D+02       0.60004D-03       0.87076D-01       0.42010D+00       0.26529D+00
       0.18000D+02       0.69187D-03       0.61719D-02       0.42112D+00       0.24994D+00
       0.19000D+02       0.74482D-03       0.79822D-01       0.42058D+00       0.25793D+00
       0.20000D+02       0.73052D-03       0.82262D-01       0.42045D+00       0.26298D+00
       0.21000D+02       0.70411D-03       0.75727D-01       0.42040D+00       0.26661D+00
       0.22000D+02       0.74186D-03       0.25298D-01       0.41965D+00       0.26993D+00
       0.23000D+02       0.75519D-03       0.77906D-01       0.42104D+00       0.25752D+00
       0.24000D+02       0.73040D-03       0.81794D-01       0.42053D+00       0.26527D+00
       0.25000D+02       0.72023D-03       0.83998D-01       0.42048D+00       0.26685D+00
       0.26000D+02       0.69610D-03       0.85284D-01       0.42012D+00       0.26825D+00
       0.27000D+02       0.74018D-03       0.13131D-01       0.42104D+00       0.25783D+00
       0.28000D+02       0.76605D-03       0.77812D-01       0.42053D+00       0.26335D+00
       0.29000D+02       0.75739D-03       0.82160D-01       0.42047D+00       0.26633D+00
       0.30000D+02       0.73547D-03       0.77178D-01       0.42042D+00       0.26924D+00
       0.31000D+02       0.76928D-03       0.16070D-01       0.41994D+00       0.27180D+00
       0.32000D+02       0.79276D-03       0.83913D-01       0.42079D+00       0.26287D+00
       0.33000D+02       0.77327D-03       0.83605D-01       0.42048D+00       0.26805D+00
       0.34000D+02       0.76344D-03       0.82548D-01       0.42044D+00       0.26913D+00
       0.35000D+02       0.74680D-03       0.80408D-01       0.42013D+00       0.27012D+00
       0.36000D+02       0.76454D-03       0.21853D-01       0.42096D+00       0.26220D+00
       0.37000D+02       0.77761D-03       0.76178D-01       0.42051D+00       0.26658D+00
       0.38000D+02       0.77030D-03       0.82205D-01       0.42048D+00       0.26849D+00
       0.39000D+02       0.75237D-03       0.79069D-01       0.42042D+00       0.27026D+00
       0.40000D+02       0.78424D-03       0.84155D-02       0.42014D+00       0.27240D+00
       0.41000D+02       0.81099D-03       0.86760D-01       0.42065D+00       0.26546D+00
       0.42000D+02       0.79585D-03       0.84350D-01       0.42045D+00       0.26880D+00
       0.43000D+02       0.78691D-03       0.80235D-01       0.42042D+00       0.26959D+00
       0.44000D+02       0.77721D-03       0.72492D-01       0.42013D+00       0.27035D+00
       0.45000D+02       0.77872D-03       0.31870D-01       0.42088D+00       0.26397D+00
       0.46000D+02       0.78295D-03       0.75160D-01       0.42051D+00       0.26812D+00
       0.47000D+02       0.77786D-03       0.82438D-01       0.42048D+00       0.26939D+00
       0.48000D+02       0.76342D-03       0.81269D-01       0.42042D+00       0.27054D+00
       0.49000D+02       0.79388D-03       0.29177D-02       0.42030D+00       0.27241D+00
       0.50000D+02       0.81936D-03       0.86897D-01       0.42057D+00       0.26677D+00
       0.51000D+02       0.80812D-03       0.84144D-01       0.42044D+00       0.26933D+00
       0.52000D+02       0.80001D-03       0.77727D-01       0.42042D+00       0.26992D+00
       0.53000D+02       0.79633D-03       0.62306D-01       0.42015D+00       0.27049D+00
       0.54000D+02       0.78876D-03       0.42836D-01       0.42082D+00       0.26515D+00
       0.55000D+02       0.78814D-03       0.75115D-01       0.42051D+00       0.26885D+00
       0.56000D+02       0.78338D-03       0.82945D-01       0.42049D+00       0.26965D+00
       0.57000D+02       0.77114D-03       0.83662D-01       0.42042D+00       0.27038D+00
       0.58000D+02       0.79954D-03       0.20639D-03       0.42043D+00       0.27207D+00
       0.59000D+02       0.82099D-03       0.85295D-01       0.42053D+00       0.26733D+00
       0.60000D+02       0.81277D-03       0.83454D-01       0.42045D+00       0.26937D+00
       0.61000D+02       0.80541D-03       0.75814D-01       0.42043D+00       0.27012D+00
       0.62000D+02       0.80660D-03       0.50995D-01       0.42018D+00       0.27087D+00
       0.63000D+02       0.79793D-03       0.54281D-01       0.42076D+00       0.26629D+00
       0.64000D+02       0.79276D-03       0.76263D-01       0.42051D+00       0.26972D+00
       0.65000D+02       0.78881D-03       0.83669D-01       0.42049D+00       0.27050D+00
       0.66000D+02       0.77780D-03       0.85868D-01       0.42041D+00       0.27119D+00
       0.67000D+02       0.80315D-03       0.66793D-03       0.42053D+00       0.26702D+00
       0.68000D+02       0.81984D-03       0.82972D-01       0.42051D+00       0.26862D+00
       0.69000D+02       0.81375D-03       0.82770D-01       0.42046D+00       0.27027D+00
       0.70000D+02       0.80666D-03       0.75010D-01       0.42044D+00       0.27086D+00
       0.71000D+02       0.81167D-03       0.39621D-01       0.42021D+00       0.27141D+00
       0.72000D+02       0.80698D-03       0.65390D-01       0.42070D+00       0.26740D+00
       0.73000D+02       0.79935D-03       0.78417D-01       0.42050D+00       0.27019D+00
       0.74000D+02       0.79585D-03       0.84276D-01       0.42049D+00       0.27062D+00
       0.75000D+02       0.78580D-03       0.87083D-01       0.42040D+00       0.27101D+00
       0.76000D+02       0.80687D-03       0.42329D-02       0.42060D+00       0.26731D+00
       0.77000D+02       0.81979D-03       0.80612D-01       0.42050D+00       0.26885D+00
       0.78000D+02       0.81459D-03       0.82346D-01       0.42046D+00       0.27021D+00
       0.79000D+02       0.80720D-03       0.75368D-01       0.42045D+00       0.27089D+00
       0.80000D+02       0.81491D-03       0.28890D-01       0.42024D+00       0.27153D+00
       0.81000D+02       0.81586D-03       0.75036D-01       0.42065D+00       0.26797D+00
       0.82000D+02       0.80815D-03       0.80952D-01       0.42049D+00       0.27009D+00
       0.83000D+02       0.80435D-03       0.84248D-01       0.42048D+00       0.27050D+00
       0.84000D+02       0.79541D-03       0.86255D-01       0.42038D+00       0.27088D+00
       0.85000D+02       0.81052D-03       0.10415D-01       0.42064D+00       0.26754D+00
       0.86000D+02       0.81930D-03       0.78493D-01       0.42049D+00       0.26926D+00
       0.87000D+02       0.81537D-03       0.82177D-01       0.42047D+00       0.27015D+00
       0.88000D+02       0.80769D-03       0.76597D-01       0.42045D+00       0.27091D+00
       0.89000D+02       0.81757D-03       0.19207D-01       0.42028D+00       0.27160D+00
       0.90000D+02       0.82375D-03       0.82132D-01       0.42060D+00       0.26842D+00
       0.91000D+02       0.81665D-03       0.83071D-01       0.42048D+00       0.27020D+00
       0.92000D+02       0.81267D-03       0.83187D-01       0.42046D+00       0.27058D+00
       0.93000D+02       0.80527D-03       0.82517D-01       0.42035D+00       0.27094D+00
       0.94000D+02       0.81402D-03       0.18572D-01       0.42065D+00       0.26790D+00
       0.95000D+02       0.81913D-03       0.76707D-01       0.42049D+00       0.26957D+00
       0.96000D+02       0.81619D-03       0.82172D-01       0.42047D+00       0.27026D+00
       0.97000D+02       0.80858D-03       0.78355D-01       0.42045D+00       0.27095D+00
       0.98000D+02       0.82022D-03       0.10933D-01       0.42032D+00       0.27166D+00
       0.99000D+02       0.83017D-03       0.86094D-01       0.42055D+00       0.26879D+00
       0.10000D+03       0.82323D-03       0.84210D-01       0.42047D+00       0.27031D+00
       0.10100D+03       0.81948D-03       0.81124D-01       0.42045D+00       0.27064D+00
       0.10200D+03       0.81418D-03       0.75630D-01       0.42033D+00       0.27096D+00
       0.10300D+03       0.81657D-03       0.28169D-01       0.42065D+00       0.26818D+00
       0.10400D+03       0.81911D-03       0.75431D-01       0.42049D+00       0.26981D+00
       0.10500D+03       0.81627D-03       0.82327D-01       0.42048D+00       0.27034D+00
       0.10600D+03       0.80929D-03       0.80453D-01       0.42045D+00       0.27084D+00
       0.10700D+03       0.82225D-03       0.45904D-02       0.42037D+00       0.27156D+00
       0.10800D+03       0.83351D-03       0.87104D-01       0.42052D+00       0.26895D+00
       0.10900D+03       0.82754D-03       0.84301D-01       0.42046D+00       0.27026D+00
       0.11000D+03       0.82385D-03       0.78593D-01       0.42045D+00       0.27054D+00
       0.11100D+03       0.82093D-03       0.66132D-01       0.42032D+00       0.27082D+00
       0.11200D+03       0.81838D-03       0.38838D-01       0.42064D+00       0.26825D+00
       0.11300D+03       0.81814D-03       0.74999D-01       0.42049D+00       0.26987D+00
       0.11400D+03       0.81583D-03       0.82731D-01       0.42048D+00       0.27024D+00
       0.11500D+03       0.80947D-03       0.82801D-01       0.42045D+00       0.27059D+00
       0.11600D+03       0.82309D-03       0.82135D-03       0.42043D+00       0.27148D+00
       0.11700D+03       0.83410D-03       0.85997D-01       0.42050D+00       0.26908D+00
       0.11800D+03       0.82925D-03       0.83721D-01       0.42046D+00       0.27007D+00
       0.11900D+03       0.82556D-03       0.76387D-01       0.42045D+00       0.27031D+00
       0.12000D+03       0.82515D-03       0.55087D-01       0.42032D+00       0.27054D+00
       0.12100D+03       0.82058D-03       0.50185D-01       0.42062D+00       0.26815D+00
       0.12200D+03       0.81854D-03       0.75718D-01       0.42049D+00       0.26994D+00
       0.12300D+03       0.81616D-03       0.83401D-01       0.42048D+00       0.27033D+00
       0.12400D+03       0.81014D-03       0.85144D-01       0.42044D+00       0.27068D+00
       0.12500D+03       0.82355D-03       0.13297D-03       0.42049D+00       0.26845D+00
       0.12600D+03       0.83297D-03       0.83831D-01       0.42049D+00       0.26933D+00
       0.12700D+03       0.82914D-03       0.82991D-01       0.42046D+00       0.27019D+00
       0.12800D+03       0.82542D-03       0.75157D-01       0.42045D+00       0.27052D+00
       0.12900D+03       0.82727D-03       0.43634D-01       0.42033D+00       0.27084D+00
       0.13000D+03       0.82374D-03       0.61532D-01       0.42060D+00       0.26863D+00
       0.13100D+03       0.81995D-03       0.77565D-01       0.42049D+00       0.27016D+00
       0.13200D+03       0.81777D-03       0.84104D-01       0.42048D+00       0.27039D+00
       0.13300D+03       0.81192D-03       0.86828D-01       0.42043D+00       0.27061D+00
       0.13400D+03       0.82412D-03       0.26286D-02       0.42053D+00       0.26851D+00
       0.13500D+03       0.83151D-03       0.81434D-01       0.42049D+00       0.26941D+00
       0.13600D+03       0.82859D-03       0.82464D-01       0.42047D+00       0.27015D+00
       0.13700D+03       0.82453D-03       0.75121D-01       0.42046D+00       0.27055D+00
       0.13800D+03       0.82823D-03       0.32616D-01       0.42034D+00       0.27095D+00
       0.13900D+03       0.82751D-03       0.71836D-01       0.42058D+00       0.26888D+00
       0.14000D+03       0.82288D-03       0.80055D-01       0.42049D+00       0.27022D+00
       0.14100D+03       0.82082D-03       0.84363D-01       0.42048D+00       0.27046D+00
       0.14200D+03       0.81528D-03       0.86849D-01       0.42042D+00       0.27068D+00
       0.14300D+03       0.82508D-03       0.79495D-02       0.42056D+00       0.26870D+00
       0.14400D+03       0.83086D-03       0.79215D-01       0.42048D+00       0.26961D+00
       0.14500D+03       0.82811D-03       0.82215D-01       0.42047D+00       0.27024D+00
       0.14600D+03       0.82365D-03       0.76083D-01       0.42046D+00       0.27071D+00
       0.14700D+03       0.82890D-03       0.22521D-01       0.42035D+00       0.27115D+00
       0.14800D+03       0.83141D-03       0.79945D-01       0.42055D+00       0.26922D+00
       0.14900D+03       0.82679D-03       0.82407D-01       0.42048D+00       0.27028D+00
       0.15000D+03       0.82448D-03       0.83694D-01       0.42047D+00       0.27051D+00
       0.15100D+03       0.81955D-03       0.84216D-01       0.42041D+00       0.27073D+00
       0.15200D+03       0.82606D-03       0.15473D-01       0.42058D+00       0.26886D+00
       0.15300D+03       0.82977D-03       0.77299D-01       0.42048D+00       0.26978D+00
       0.15400D+03       0.82761D-03       0.82158D-01       0.42047D+00       0.27032D+00
       0.15500D+03       0.82288D-03       0.77683D-01       0.42046D+00       0.27086D+00
       0.15600D+03       0.82944D-03       0.13695D-01       0.42037D+00       0.27134D+00
       0.15700D+03       0.83445D-03       0.85045D-01       0.42053D+00       0.26952D+00
       0.15800D+03       0.83024D-03       0.83932D-01       0.42047D+00       0.27046D+00
       0.15900D+03       0.82778D-03       0.81951D-01       0.42046D+00       0.27067D+00
       0.16000D+03       0.82396D-03       0.78431D-01       0.42039D+00       0.27088D+00
       0.16100D+03       0.82669D-03       0.24605D-01       0.42058D+00       0.26910D+00
       0.16200D+03       0.82853D-03       0.75809D-01       0.42048D+00       0.27016D+00
       0.16300D+03       0.82682D-03       0.82248D-01       0.42047D+00       0.27060D+00
       0.16400D+03       0.82224D-03       0.79671D-01       0.42046D+00       0.27102D+00
       0.16500D+03       0.83008D-03       0.65920D-02       0.42040D+00       0.27151D+00
       0.16600D+03       0.83665D-03       0.87040D-01       0.42051D+00       0.26980D+00
       0.16700D+03       0.83278D-03       0.84372D-01       0.42046D+00       0.27064D+00
       0.16800D+03       0.83043D-03       0.79501D-01       0.42046D+00       0.27082D+00
       0.16900D+03       0.82799D-03       0.69760D-01       0.42038D+00       0.27101D+00
       0.17000D+03       0.82732D-03       0.34929D-01       0.42058D+00       0.26931D+00
       0.17100D+03       0.82773D-03       0.75033D-01       0.42048D+00       0.27039D+00
       0.17200D+03       0.82600D-03       0.82553D-01       0.42048D+00       0.27073D+00
       0.17300D+03       0.82170D-03       0.81944D-01       0.42046D+00       0.27105D+00
       0.17400D+03       0.83045D-03       0.18326D-02       0.42043D+00       0.27156D+00
       0.17500D+03       0.83736D-03       0.86568D-01       0.42050D+00       0.26995D+00
       0.17600D+03       0.83417D-03       0.83972D-01       0.42046D+00       0.27069D+00
       0.17700D+03       0.83176D-03       0.77088D-01       0.42046D+00       0.27086D+00
       0.17800D+03       0.83083D-03       0.59131D-01       0.42037D+00       0.27101D+00
       0.17900D+03       0.82803D-03       0.46092D-01       0.42058D+00       0.26940D+00
       0.18000D+03       0.82688D-03       0.75321D-01       0.42048D+00       0.27050D+00
       0.18100D+03       0.82539D-03       0.83139D-01       0.42048D+00       0.27075D+00
       0.18200D+03       0.82122D-03       0.84340D-01       0.42045D+00       0.27098D+00
       0.18300D+03       0.83027D-03       0.80664D-05       0.42047D+00       0.27149D+00
       0.18400D+03       0.83702D-03       0.84665D-01       0.42049D+00       0.26998D+00
       0.18500D+03       0.83416D-03       0.83241D-01       0.42046D+00       0.27064D+00
       0.18600D+03       0.83157D-03       0.75459D-01       0.42046D+00       0.27087D+00
       0.18700D+03       0.83218D-03       0.47707D-01       0.42037D+00       0.27111D+00
       0.18800D+03       0.82934D-03       0.57542D-01       0.42057D+00       0.26957D+00
       0.18900D+03       0.82710D-03       0.76797D-01       0.42048D+00       0.27062D+00
       0.19000D+03       0.82549D-03       0.83876D-01       0.42048D+00       0.27078D+00
       0.19100D+03       0.82141D-03       0.86361D-01       0.42045D+00       0.27092D+00
       0.19200D+03       0.82997D-03       0.13867D-02       0.42050D+00       0.26946D+00
       0.19300D+03       0.83566D-03       0.82281D-01       0.42048D+00       0.27010D+00
       0.19400D+03       0.83334D-03       0.82619D-01       0.42047D+00       0.27059D+00
       0.19500D+03       0.83061D-03       0.75002D-01       0.42046D+00       0.27089D+00
       0.19600D+03       0.83263D-03       0.36461D-01       0.42038D+00       0.27118D+00
       0.19700D+03       0.83135D-03       0.68354D-01       0.42055D+00       0.26972D+00
       0.19800D+03       0.82829D-03       0.79139D-01       0.42048D+00       0.27065D+00
       0.19900D+03       0.82673D-03       0.84356D-01       0.42048D+00       0.27081D+00
       0.20000D+03       0.82270D-03       0.87101D-01       0.42044D+00       0.27096D+00
       0.20100D+03       0.83013D-03       0.57636D-02       0.42053D+00       0.26956D+00
       0.20200D+03       0.83444D-03       0.79976D-01       0.42048D+00       0.27021D+00
       0.20300D+03       0.83261D-03       0.82276D-01       0.42047D+00       0.27065D+00
       0.20400D+03       0.82954D-03       0.75648D-01       0.42046D+00       0.27091D+00
       0.20500D+03       0.83282D-03       0.25996D-01       0.42038D+00       0.27114D+00
       0.20600D+03       0.83373D-03       0.77367D-01       0.42054D+00       0.26975D+00
       0.20700D+03       0.83050D-03       0.81634D-01       0.42048D+00       0.27059D+00
       0.20800D+03       0.82880D-03       0.84059D-01       0.42047D+00       0.27075D+00
       0.20900D+03       0.82505D-03       0.85507D-01       0.42043D+00       0.27091D+00
       0.21000D+03       0.83041D-03       0.12576D-01       0.42054D+00       0.26955D+00
       0.21100D+03       0.83335D-03       0.77943D-01       0.42048D+00       0.27024D+00
       0.21200D+03       0.83191D-03       0.82162D-01       0.42047D+00       0.27061D+00
       0.21300D+03       0.82856D-03       0.77059D-01       0.42046D+00       0.27092D+00
       0.21400D+03       0.83283D-03       0.16675D-01       0.42039D+00       0.27119D+00
       0.21500D+03       0.83588D-03       0.83594D-01       0.42052D+00       0.26986D+00
       0.21600D+03       0.83264D-03       0.83510D-01       0.42047D+00       0.27062D+00
       0.21700D+03       0.83094D-03       0.82684D-01       0.42047D+00       0.27078D+00
       0.21800D+03       0.82778D-03       0.80857D-01       0.42042D+00       0.27093D+00
       0.21900D+03       0.83056D-03       0.21191D-01       0.42055D+00       0.26962D+00
       0.22000D+03       0.83244D-03       0.76277D-01       0.42048D+00       0.27033D+00
       0.22100D+03       0.83100D-03       0.82197D-01       0.42047D+00       0.27064D+00
       0.22200D+03       0.82760D-03       0.78925D-01       0.42046D+00       0.27094D+00
       0.22300D+03       0.83290D-03       0.88922D-02       0.42041D+00       0.27132D+00
       0.22400D+03       0.83741D-03       0.86657D-01       0.42050D+00       0.27006D+00
       0.22500D+03       0.83444D-03       0.84333D-01       0.42047D+00       0.27066D+00
       0.22600D+03       0.83264D-03       0.80414D-01       0.42046D+00       0.27080D+00
       0.22700D+03       0.83041D-03       0.73137D-01       0.42041D+00       0.27094D+00
       0.22800D+03       0.83067D-03       0.31129D-01       0.42055D+00       0.26968D+00
       0.22900D+03       0.83122D-03       0.75204D-01       0.42048D+00       0.27049D+00
       0.23000D+03       0.83003D-03       0.82413D-01       0.42047D+00       0.27074D+00
       0.23100D+03       0.82679D-03       0.81105D-01       0.42046D+00       0.27097D+00
       0.23200D+03       0.83296D-03       0.32207D-02       0.42043D+00       0.27137D+00
       0.23300D+03       0.83815D-03       0.86957D-01       0.42049D+00       0.27016D+00
       0.23400D+03       0.83562D-03       0.84180D-01       0.42047D+00       0.27070D+00
       0.23500D+03       0.83375D-03       0.77893D-01       0.42046D+00       0.27083D+00
       0.23600D+03       0.83263D-03       0.63075D-01       0.42040D+00       0.27095D+00
       0.23700D+03       0.83088D-03       0.42040D-01       0.42055D+00       0.26974D+00
       0.23800D+03       0.83056D-03       0.75080D-01       0.42048D+00       0.27057D+00
       0.23900D+03       0.82934D-03       0.82900D-01       0.42048D+00       0.27075D+00
       0.24000D+03       0.82622D-03       0.83493D-01       0.42046D+00       0.27092D+00
       0.24100D+03       0.83288D-03       0.29578D-03       0.42046D+00       0.27133D+00
       0.24200D+03       0.83801D-03       0.85442D-01       0.42049D+00       0.27017D+00
       0.24300D+03       0.83591D-03       0.83507D-01       0.42047D+00       0.27066D+00
       0.24400D+03       0.83400D-03       0.75916D-01       0.42046D+00       0.27085D+00
       0.24500D+03       0.83404D-03       0.51806D-01       0.42040D+00       0.27104D+00
       0.24600D+03       0.83174D-03       0.53474D-01       0.42054D+00       0.26986D+00
       0.24700D+03       0.83023D-03       0.76144D-01       0.42048D+00       0.27074D+00
       0.24800D+03       0.82911D-03       0.83617D-01       0.42048D+00       0.27093D+00
       0.24900D+03       0.82599D-03       0.85733D-01       0.42046D+00       0.27111D+00
       0.25000D+03       0.83265D-03       0.53012D-03       0.42049D+00       0.27000D+00
       0.25100D+03       0.83706D-03       0.83142D-01       0.42048D+00       0.27042D+00
       0.25200D+03       0.83532D-03       0.82811D-01       0.42047D+00       0.27086D+00
       0.25300D+03       0.83332D-03       0.75027D-01       0.42046D+00       0.27102D+00
       0.25400D+03       0.83449D-03       0.40408D-01       0.42040D+00       0.27118D+00
       0.25500D+03       0.83303D-03       0.64641D-01       0.42054D+00       0.27005D+00
       0.25600D+03       0.83090D-03       0.78244D-01       0.42048D+00       0.27083D+00
       0.25700D+03       0.82965D-03       0.84248D-01       0.42048D+00       0.27095D+00
       0.25800D+03       0.82656D-03       0.87052D-01       0.42045D+00       0.27106D+00
       0.25900D+03       0.83255D-03       0.38884D-02       0.42051D+00       0.26998D+00
       0.26000D+03       0.83632D-03       0.80772D-01       0.42048D+00       0.27043D+00
       0.26100D+03       0.83472D-03       0.82367D-01       0.42047D+00       0.27082D+00
       0.26200D+03       0.83245D-03       0.75310D-01       0.42046D+00       0.27102D+00
       0.26300D+03       0.83459D-03       0.29616D-01       0.42040D+00       0.27122D+00
       0.26400D+03       0.83474D-03       0.74428D-01       0.42053D+00       0.27013D+00
       0.26500D+03       0.83217D-03       0.80778D-01       0.42048D+00       0.27078D+00
       0.26600D+03       0.83095D-03       0.84281D-01       0.42047D+00       0.27090D+00
       0.26700D+03       0.82800D-03       0.86401D-01       0.42044D+00       0.27102D+00
       0.26800D+03       0.83277D-03       0.99074D-02       0.42052D+00       0.26996D+00
       0.26900D+03       0.83552D-03       0.78633D-01       0.42048D+00       0.27050D+00
       0.27000D+03       0.83420D-03       0.82183D-01       0.42047D+00       0.27078D+00
       0.27100D+03       0.83168D-03       0.76490D-01       0.42047D+00       0.27103D+00
       0.27200D+03       0.83466D-03       0.19848D-01       0.42041D+00       0.27126D+00
       0.27300D+03       0.83658D-03       0.81732D-01       0.42051D+00       0.27021D+00
       0.27400D+03       0.83403D-03       0.82950D-01       0.42047D+00       0.27079D+00
       0.27500D+03       0.83267D-03       0.83298D-01       0.42047D+00       0.27092D+00
       0.27600D+03       0.83004D-03       0.82885D-01       0.42043D+00       0.27104D+00
       0.27700D+03       0.83299D-03       0.17945D-01       0.42053D+00       0.27000D+00
       0.27800D+03       0.83469D-03       0.76820D-01       0.42048D+00       0.27057D+00
       0.27900D+03       0.83364D-03       0.82168D-01       0.42047D+00       0.27080D+00
       0.28000D+03       0.83096D-03       0.78219D-01       0.42046D+00       0.27104D+00
       0.28100D+03       0.83482D-03       0.11460D-01       0.42042D+00       0.27129D+00
       0.28200D+03       0.83814D-03       0.85918D-01       0.42050D+00       0.27028D+00
       0.28300D+03       0.83565D-03       0.84166D-01       0.42047D+00       0.27081D+00
       0.28400D+03       0.83430D-03       0.81293D-01       0.42047D+00       0.27093D+00
       0.28500D+03       0.83229D-03       0.76212D-01       0.42042D+00       0.27104D+00
       0.28600D+03       0.83322D-03       0.27454D-01       0.42054D+00       0.27004D+00
       0.28700D+03       0.83412D-03       0.75497D-01       0.42048D+00       0.27063D+00
       0.28800D+03       0.83306D-03       0.82309D-01       0.42047D+00       0.27081D+00
       0.28900D+03       0.83045D-03       0.80296D-01       0.42046D+00       0.27099D+00
       0.29000D+03       0.83508D-03       0.49607D-02       0.42043D+00       0.27126D+00
       0.29100D+03       0.83918D-03       0.87114D-01       0.42049D+00       0.27029D+00
       0.29200D+03       0.83694D-03       0.84323D-01       0.42047D+00       0.27078D+00
       0.29300D+03       0.83554D-03       0.78770D-01       0.42046D+00       0.27088D+00
       0.29400D+03       0.83434D-03       0.66866D-01       0.42042D+00       0.27098D+00
       0.29500D+03       0.83342D-03       0.38057D-01       0.42053D+00       0.27001D+00
       0.29600D+03       0.83333D-03       0.74994D-01       0.42048D+00       0.27062D+00
       0.29700D+03       0.83243D-03       0.82693D-01       0.42047D+00       0.27076D+00
       0.29800D+03       0.82992D-03       0.82631D-01       0.42046D+00       0.27089D+00
       0.29900D+03       0.83510D-03       0.99026D-03       0.42045D+00       0.27124D+00
       0.30000D+03       0.83932D-03       0.86122D-01       0.42048D+00       0.27030D+00
       0.30100D+03       0.83742D-03       0.83773D-01       0.42047D+00       0.27069D+00
       0.30200D+03       0.83596D-03       0.76516D-01       0.42046D+00       0.27078D+00
       0.30300D+03       0.83567D-03       0.55892D-01       0.42041D+00       0.27087D+00
       0.30400D+03       0.83384D-03       0.49375D-01       0.42053D+00       0.26992D+00
       0.30500D+03       0.83301D-03       0.75627D-01       0.42048D+00       0.27063D+00
       0.30600D+03       0.83203D-03       0.83348D-01       0.42048D+00       0.27078D+00
       0.30700D+03       0.82956D-03       0.84990D-01       0.42046D+00       0.27092D+00
       0.30800D+03       0.83494D-03       0.75576D-04       0.42048D+00       0.27002D+00
       0.30900D+03       0.83877D-03       0.83998D-01       0.42048D+00       0.27037D+00
       0.31000D+03       0.83718D-03       0.83039D-01       0.42047D+00       0.27072D+00
       0.31100D+03       0.83564D-03       0.75204D-01       0.42046D+00       0.27085D+00
       0.31200D+03       0.83630D-03       0.44435D-01       0.42041D+00       0.27099D+00
       0.31300D+03       0.83476D-03       0.60752D-01       0.42053D+00       0.27006D+00
       0.31400D+03       0.83316D-03       0.77405D-01       0.42048D+00       0.27070D+00
       0.31500D+03       0.83223D-03       0.84063D-01       0.42048D+00       0.27079D+00
       0.31600D+03       0.82972D-03       0.86751D-01       0.42046D+00       0.27088D+00
       0.31700D+03       0.83483D-03       0.23537D-02       0.42050D+00       0.27000D+00
       0.31800D+03       0.83796D-03       0.81599D-01       0.42048D+00       0.27037D+00
       0.31900D+03       0.83671D-03       0.82492D-01       0.42047D+00       0.27068D+00
       0.32000D+03       0.83497D-03       0.75087D-01       0.42047D+00       0.27086D+00
       0.32100D+03       0.83645D-03       0.33367D-01       0.42041D+00       0.27103D+00
       0.32200D+03       0.83603D-03       0.71169D-01       0.42052D+00       0.27013D+00
       0.32300D+03       0.83414D-03       0.79874D-01       0.42048D+00       0.27071D+00
       0.32400D+03       0.83311D-03       0.84370D-01       0.42047D+00       0.27081D+00
       0.32500D+03       0.83064D-03       0.86925D-01       0.42045D+00       0.27091D+00
       0.32600D+03       0.83500D-03       0.74945D-02       0.42051D+00       0.27004D+00
       0.32700D+03       0.83755D-03       0.79363D-01       0.42048D+00       0.27044D+00
       0.32800D+03       0.83634D-03       0.82225D-01       0.42047D+00       0.27071D+00
       0.32900D+03       0.83436D-03       0.75990D-01       0.42047D+00       0.27092D+00
       0.33000D+03       0.83659D-03       0.23196D-01       0.42042D+00       0.27112D+00
       0.33100D+03       0.83761D-03       0.79465D-01       0.42051D+00       0.27025D+00
       0.33200D+03       0.83552D-03       0.82262D-01       0.42047D+00       0.27073D+00
       0.33300D+03       0.83448D-03       0.83777D-01       0.42047D+00       0.27083D+00
       0.33400D+03       0.83220D-03       0.84503D-01       0.42044D+00       0.27093D+00
       0.33500D+03       0.83526D-03       0.14884D-01       0.42052D+00       0.27008D+00
       0.33600D+03       0.83699D-03       0.77423D-01       0.42048D+00       0.27050D+00
       0.33700D+03       0.83599D-03       0.82158D-01       0.42047D+00       0.27074D+00
       0.33800D+03       0.83381D-03       0.77556D-01       0.42047D+00       0.27098D+00
       0.33900D+03       0.83675D-03       0.14267D-01       0.42042D+00       0.27120D+00
       0.34000D+03       0.83901D-03       0.84791D-01       0.42050D+00       0.27036D+00
       0.34100D+03       0.83704D-03       0.83860D-01       0.42047D+00       0.27079D+00
       0.34200D+03       0.83590D-03       0.82104D-01       0.42047D+00       0.27089D+00
       0.34300D+03       0.83405D-03       0.78941D-01       0.42043D+00       0.27099D+00
       0.34400D+03       0.83547D-03       0.23918D-01       0.42052D+00       0.27016D+00
       0.34500D+03       0.83636D-03       0.75895D-01       0.42048D+00       0.27065D+00
       0.34600D+03       0.83555D-03       0.82236D-01       0.42047D+00       0.27086D+00
       0.34700D+03       0.83336D-03       0.79520D-01       0.42047D+00       0.27105D+00
       0.34800D+03       0.83698D-03       0.70238D-02       0.42044D+00       0.27129D+00
       0.34900D+03       0.84003D-03       0.86991D-01       0.42049D+00       0.27048D+00
       0.35000D+03       0.83827D-03       0.84373D-01       0.42047D+00       0.27087D+00
       0.35100D+03       0.83706D-03       0.79682D-01       0.42046D+00       0.27096D+00
       0.35200D+03       0.83583D-03       0.70449D-01       0.42043D+00       0.27105D+00
       0.35300D+03       0.83557D-03       0.34169D-01       0.42052D+00       0.27023D+00
       0.35400D+03       0.83580D-03       0.75056D-01       0.42048D+00       0.27075D+00
       0.35500D+03       0.83497D-03       0.82522D-01       0.42047D+00       0.27092D+00
       0.35600D+03       0.83287D-03       0.81776D-01       0.42046D+00       0.27107D+00
       0.35700D+03       0.83706D-03       0.20777D-02       0.42045D+00       0.27132D+00
       0.35800D+03       0.84058D-03       0.86661D-01       0.42048D+00       0.27053D+00
       0.35900D+03       0.83889D-03       0.84017D-01       0.42047D+00       0.27089D+00
       0.36000D+03       0.83765D-03       0.77240D-01       0.42046D+00       0.27097D+00
       0.36100D+03       0.83712D-03       0.59920D-01       0.42042D+00       0.27105D+00
       0.36200D+03       0.83576D-03       0.45287D-01       0.42052D+00       0.27025D+00
       0.36300D+03       0.83523D-03       0.75261D-01       0.42048D+00       0.27080D+00
       0.36400D+03       0.83449D-03       0.83090D-01       0.42047D+00       0.27092D+00
       0.36500D+03       0.83240D-03       0.84175D-01       0.42046D+00       0.27103D+00
       0.36600D+03       0.83689D-03       0.32266D-04       0.42047D+00       0.27129D+00
       0.36700D+03       0.84025D-03       0.84824D-01       0.42048D+00       0.27053D+00
       0.36800D+03       0.83881D-03       0.83293D-01       0.42047D+00       0.27086D+00
       0.36900D+03       0.83751D-03       0.75538D-01       0.42046D+00       0.27098D+00
       0.37000D+03       0.83776D-03       0.48516D-01       0.42042D+00       0.27110D+00
       0.37100D+03       0.83628D-03       0.56743D-01       0.42052D+00       0.27032D+00
       0.37200D+03       0.83517D-03       0.76658D-01       0.42048D+00       0.27090D+00
       0.37300D+03       0.83435D-03       0.83827D-01       0.42047D+00       0.27098D+00
       0.37400D+03       0.83224D-03       0.86248D-01       0.42046D+00       0.27105D+00
       0.37500D+03       0.83667D-03       0.11863D-02       0.42049D+00       0.27030D+00
       0.37600D+03       0.83953D-03       0.82451D-01       0.42048D+00       0.27063D+00
       0.37700D+03       0.83833D-03       0.82654D-01       0.42047D+00       0.27088D+00
       0.37800D+03       0.83694D-03       0.74995D-01       0.42047D+00       0.27103D+00
       0.37900D+03       0.83794D-03       0.37234D-01       0.42042D+00       0.27119D+00
       0.38000D+03       0.83718D-03       0.67637D-01       0.42051D+00       0.27043D+00
       0.38100D+03       0.83559D-03       0.78959D-01       0.42048D+00       0.27091D+00
       0.38200D+03       0.83479D-03       0.84342D-01       0.42047D+00       0.27099D+00
       0.38300D+03       0.83268D-03       0.87113D-01       0.42046D+00       0.27107D+00
       0.38400D+03       0.83657D-03       0.53675D-02       0.42050D+00       0.27034D+00
       0.38500D+03       0.83881D-03       0.80130D-01       0.42048D+00       0.27068D+00
       0.38600D+03       0.83785D-03       0.82291D-01       0.42047D+00       0.27091D+00
       0.38700D+03       0.83624D-03       0.75573D-01       0.42047D+00       0.27104D+00
       0.38800D+03       0.83789D-03       0.26700D-01       0.42042D+00       0.27117D+00
       0.38900D+03       0.83830D-03       0.76814D-01       0.42051D+00       0.27043D+00
       0.39000D+03       0.83658D-03       0.81470D-01       0.42048D+00       0.27087D+00
       0.39100D+03       0.83569D-03       0.84114D-01       0.42047D+00       0.27096D+00
       0.39200D+03       0.83367D-03       0.85714D-01       0.42045D+00       0.27104D+00
       0.39300D+03       0.83663D-03       0.12030D-01       0.42051D+00       0.27032D+00
       0.39400D+03       0.83837D-03       0.78076D-01       0.42048D+00       0.27068D+00
       0.39500D+03       0.83742D-03       0.82164D-01       0.42047D+00       0.27088D+00
       0.39600D+03       0.83562D-03       0.76941D-01       0.42047D+00       0.27104D+00
       0.39700D+03       0.83790D-03       0.17287D-01       0.42043D+00       0.27119D+00
       0.39800D+03       0.83944D-03       0.83258D-01       0.42050D+00       0.27047D+00
       0.39900D+03       0.83768D-03       0.83410D-01       0.42047D+00       0.27088D+00
       0.40000D+03       0.83677D-03       0.82815D-01       0.42047D+00       0.27097D+00
       0.40100D+03       0.83502D-03       0.81290D-01       0.42044D+00       0.27105D+00
       0.40200D+03       0.83666D-03       0.20536D-01       0.42051D+00       0.27034D+00
       0.40300D+03       0.83767D-03       0.76379D-01       0.42047D+00       0.27072D+00
       0.40400D+03       0.83689D-03       0.82190D-01       0.42047D+00       0.27089D+00
       0.40500D+03       0.83502D-03       0.78782D-01       0.42047D+00       0.27105D+00
       0.40600D+03       0.83790D-03       0.93794D-02       0.42044D+00       0.27126D+00
       0.40700D+03       0.84029D-03       0.86541D-01       0.42049D+00       0.27057D+00
       0.40800D+03       0.83866D-03       0.84311D-01       0.42047D+00       0.27094D+00
       0.40900D+03       0.83768D-03       0.80591D-01       0.42047D+00       0.27102D+00
       0.41000D+03       0.83637D-03       0.73770D-01       0.42044D+00       0.27110D+00
       0.41100D+03       0.83659D-03       0.30392D-01       0.42052D+00       0.27040D+00
       0.41200D+03       0.83688D-03       0.75253D-01       0.42048D+00       0.27080D+00
       0.41300D+03       0.83622D-03       0.82390D-01       0.42047D+00       0.27094D+00
       0.41400D+03       0.83439D-03       0.80943D-01       0.42047D+00       0.27107D+00
       0.41500D+03       0.83777D-03       0.35375D-02       0.42045D+00       0.27129D+00
       0.41600D+03       0.84062D-03       0.87008D-01       0.42048D+00       0.27062D+00
       0.41700D+03       0.83918D-03       0.84215D-01       0.42047D+00       0.27092D+00
       0.41800D+03       0.83813D-03       0.78062D-01       0.42047D+00       0.27099D+00
       0.41900D+03       0.83744D-03       0.63838D-01       0.42043D+00       0.27106D+00
       0.42000D+03       0.83652D-03       0.41247D-01       0.42052D+00       0.27037D+00
       0.42100D+03       0.83631D-03       0.75051D-01       0.42048D+00       0.27084D+00
       0.42200D+03       0.83562D-03       0.82856D-01       0.42047D+00       0.27094D+00
       0.42300D+03       0.83383D-03       0.83323D-01       0.42046D+00       0.27104D+00
       0.42400D+03       0.83758D-03       0.40108D-03       0.42046D+00       0.27127D+00
       0.42500D+03       0.84046D-03       0.85585D-01       0.42048D+00       0.27061D+00
       0.42600D+03       0.83925D-03       0.83560D-01       0.42047D+00       0.27089D+00
       0.42700D+03       0.83816D-03       0.76024D-01       0.42047D+00       0.27099D+00
       0.42800D+03       0.83811D-03       0.52615D-01       0.42043D+00       0.27110D+00
       0.42900D+03       0.83678D-03       0.52665D-01       0.42051D+00       0.27043D+00
       0.43000D+03       0.83591D-03       0.76030D-01       0.42048D+00       0.27093D+00
       0.43100D+03       0.83527D-03       0.83563D-01       0.42047D+00       0.27104D+00
       0.43200D+03       0.83346D-03       0.85594D-01       0.42046D+00       0.27115D+00
       0.43300D+03       0.83731D-03       0.40803D-03       0.42048D+00       0.27050D+00
       0.43400D+03       0.84002D-03       0.83312D-01       0.42048D+00       0.27075D+00
       0.43500D+03       0.83885D-03       0.82854D-01       0.42047D+00       0.27100D+00
       0.43600D+03       0.83770D-03       0.75049D-01       0.42047D+00       0.27109D+00
       0.43700D+03       0.83831D-03       0.41198D-01       0.42043D+00       0.27118D+00
       0.43800D+03       0.83738D-03       0.63884D-01       0.42051D+00       0.27053D+00
       0.43900D+03       0.83614D-03       0.78072D-01       0.42048D+00       0.27098D+00
       0.44000D+03       0.83541D-03       0.84217D-01       0.42047D+00       0.27105D+00
       0.44100D+03       0.83357D-03       0.87011D-01       0.42046D+00       0.27112D+00
       0.44200D+03       0.83712D-03       0.35573D-02       0.42049D+00       0.27048D+00
       0.44300D+03       0.83932D-03       0.80933D-01       0.42048D+00       0.27074D+00
       0.44400D+03       0.83838D-03       0.82389D-01       0.42047D+00       0.27097D+00
       0.44500D+03       0.83705D-03       0.75256D-01       0.42047D+00       0.27109D+00
       0.44600D+03       0.83822D-03       0.30347D-01       0.42043D+00       0.27121D+00
       0.44700D+03       0.83820D-03       0.73808D-01       0.42050D+00       0.27057D+00
       0.44800D+03       0.83666D-03       0.80602D-01       0.42048D+00       0.27095D+00
       0.44900D+03       0.83595D-03       0.84309D-01       0.42047D+00       0.27102D+00
       0.45000D+03       0.83416D-03       0.86533D-01       0.42045D+00       0.27109D+00
       0.45100D+03       0.83702D-03       0.94095D-02       0.42050D+00       0.27046D+00
       0.45200D+03       0.83866D-03       0.78774D-01       0.42048D+00       0.27078D+00
       0.45300D+03       0.83788D-03       0.82189D-01       0.42047D+00       0.27099D+00
       0.45400D+03       0.83638D-03       0.76385D-01       0.42047D+00       0.27114D+00
       0.45500D+03       0.83813D-03       0.20496D-01       0.42043D+00       0.27127D+00
       0.45600D+03       0.83915D-03       0.81316D-01       0.42050D+00       0.27065D+00
       0.45700D+03       0.83761D-03       0.82823D-01       0.42047D+00       0.27099D+00
       0.45800D+03       0.83680D-03       0.83404D-01       0.42047D+00       0.27107D+00
       0.45900D+03       0.83520D-03       0.83237D-01       0.42045D+00       0.27114D+00
       0.46000D+03       0.83704D-03       0.17325D-01       0.42051D+00       0.27052D+00
       0.46100D+03       0.83821D-03       0.76934D-01       0.42047D+00       0.27086D+00
       0.46200D+03       0.83744D-03       0.82165D-01       0.42047D+00       0.27100D+00
       0.46300D+03       0.83582D-03       0.78084D-01       0.42047D+00       0.27114D+00
       0.46400D+03       0.83812D-03       0.11997D-01       0.42044D+00       0.27129D+00
       0.46500D+03       0.84004D-03       0.85726D-01       0.42049D+00       0.27068D+00
       0.46600D+03       0.83851D-03       0.84117D-01       0.42047D+00       0.27100D+00
       0.46700D+03       0.83770D-03       0.81460D-01       0.42047D+00       0.27107D+00
       0.46800D+03       0.83643D-03       0.76780D-01       0.42044D+00       0.27114D+00
       0.46900D+03       0.83707D-03       0.26743D-01       0.42051D+00       0.27053D+00
       0.47000D+03       0.83762D-03       0.75568D-01       0.42047D+00       0.27089D+00
       0.47100D+03       0.83698D-03       0.82292D-01       0.42047D+00       0.27100D+00
       0.47200D+03       0.83537D-03       0.80140D-01       0.42047D+00       0.27111D+00
       0.47300D+03       0.83815D-03       0.53437D-02       0.42045D+00       0.27128D+00
       0.47400D+03       0.84057D-03       0.87114D-01       0.42048D+00       0.27068D+00
       0.47500D+03       0.83921D-03       0.84341D-01       0.42047D+00       0.27098D+00
       0.47600D+03       0.83834D-03       0.78948D-01       0.42047D+00       0.27104D+00
       0.47700D+03       0.83755D-03       0.67592D-01       0.42044D+00       0.27110D+00
       0.47800D+03       0.83704D-03       0.37281D-01       0.42051D+00       0.27050D+00
       0.47900D+03       0.83702D-03       0.74995D-01       0.42048D+00       0.27088D+00
       0.48000D+03       0.83646D-03       0.82656D-01       0.42047D+00       0.27101D+00
       0.48100D+03       0.83489D-03       0.82461D-01       0.42047D+00       0.27112D+00
       0.48200D+03       0.83805D-03       0.11745D-02       0.42046D+00       0.27130D+00
       0.48300D+03       0.84064D-03       0.86241D-01       0.42048D+00       0.27072D+00
       0.48400D+03       0.83946D-03       0.83824D-01       0.42047D+00       0.27099D+00
       0.48500D+03       0.83855D-03       0.76650D-01       0.42047D+00       0.27105D+00
       0.48600D+03       0.83833D-03       0.56694D-01       0.42043D+00       0.27111D+00
       0.48700D+03       0.83720D-03       0.48565D-01       0.42051D+00       0.27051D+00
       0.48800D+03       0.83669D-03       0.75543D-01       0.42048D+00       0.27095D+00
       0.48900D+03       0.83608D-03       0.83296D-01       0.42047D+00       0.27105D+00
       0.49000D+03       0.83451D-03       0.84834D-01       0.42046D+00       0.27114D+00
       0.49100D+03       0.83786D-03       0.34268D-04       0.42047D+00       0.27057D+00
       0.49200D+03       0.84027D-03       0.84165D-01       0.42048D+00       0.27079D+00
       0.49300D+03       0.83927D-03       0.83087D-01       0.42047D+00       0.27101D+00
       0.49400D+03       0.83831D-03       0.75257D-01       0.42047D+00       0.27109D+00
       0.49500D+03       0.83867D-03       0.45238D-01       0.42043D+00       0.27118D+00
       0.49600D+03       0.83767D-03       0.59968D-01       0.42051D+00       0.27059D+00
       0.49700D+03       0.83666D-03       0.77249D-01       0.42048D+00       0.27099D+00
       0.49800D+03       0.83608D-03       0.84020D-01       0.42047D+00       0.27105D+00
       0.49900D+03       0.83448D-03       0.86666D-01       0.42046D+00       0.27111D+00
       0.50000D+03       0.83773D-03       0.20932D-02       0.42049D+00       0.27055D+00
       0.50100D+03       0.83976D-03       0.81766D-01       0.42048D+00       0.27079D+00
       0.50200D+03       0.83896D-03       0.82521D-01       0.42047D+00       0.27098D+00
       0.50300D+03       0.83787D-03       0.75058D-01       0.42047D+00       0.27109D+00
       0.50400D+03       0.83877D-03       0.34122D-01       0.42043D+00       0.27120D+00
       0.50500D+03       0.83843D-03       0.70491D-01       0.42050D+00       0.27063D+00
       0.50600D+03       0.83722D-03       0.79693D-01       0.42048D+00       0.27100D+00
       0.50700D+03       0.83657D-03       0.84373D-01       0.42047D+00       0.27106D+00
       0.50800D+03       0.83498D-03       0.86987D-01       0.42046D+00       0.27112D+00
       0.50900D+03       0.83777D-03       0.70506D-02       0.42050D+00       0.27056D+00
       0.51000D+03       0.83943D-03       0.79511D-01       0.42047D+00       0.27082D+00
       0.51100D+03       0.83865D-03       0.82236D-01       0.42047D+00       0.27100D+00
       0.51200D+03       0.83739D-03       0.75900D-01       0.42047D+00       0.27113D+00
       0.51300D+03       0.83878D-03       0.23876D-01       0.42044D+00       0.27126D+00
       0.51400D+03       0.83937D-03       0.78971D-01       0.42050D+00       0.27070D+00
       0.51500D+03       0.83804D-03       0.82113D-01       0.42047D+00       0.27104D+00
       0.51600D+03       0.83738D-03       0.83855D-01       0.42047D+00       0.27110D+00
       0.51700D+03       0.83590D-03       0.84775D-01       0.42045D+00       0.27117D+00
       0.51800D+03       0.83792D-03       0.14303D-01       0.42050D+00       0.27062D+00
       0.51900D+03       0.83904D-03       0.77548D-01       0.42047D+00       0.27089D+00
       0.52000D+03       0.83840D-03       0.82158D-01       0.42047D+00       0.27104D+00
       0.52100D+03       0.83699D-03       0.77430D-01       0.42047D+00       0.27120D+00
       0.52200D+03       0.83886D-03       0.14848D-01       0.42044D+00       0.27135D+00
       0.52300D+03       0.84030D-03       0.84521D-01       0.42049D+00       0.27080D+00
       0.52400D+03       0.83900D-03       0.83782D-01       0.42047D+00       0.27108D+00
       0.52500D+03       0.83827D-03       0.82253D-01       0.42047D+00       0.27114D+00
       0.52600D+03       0.83702D-03       0.79436D-01       0.42045D+00       0.27120D+00
       0.52700D+03       0.83800D-03       0.23237D-01       0.42050D+00       0.27066D+00
       0.52800D+03       0.83859D-03       0.75984D-01       0.42047D+00       0.27095D+00
       0.52900D+03       0.83807D-03       0.82225D-01       0.42047D+00       0.27108D+00
       0.53000D+03       0.83663D-03       0.79372D-01       0.42047D+00       0.27121D+00
       0.53100D+03       0.83896D-03       0.74670D-02       0.42045D+00       0.27136D+00
       0.53200D+03       0.84105D-03       0.86929D-01       0.42048D+00       0.27083D+00
       0.53300D+03       0.83979D-03       0.84371D-01       0.42047D+00       0.27109D+00
       0.53400D+03       0.83900D-03       0.79863D-01       0.42047D+00       0.27115D+00
       0.53500D+03       0.83816D-03       0.71128D-01       0.42044D+00       0.27121D+00
       0.53600D+03       0.83806D-03       0.33413D-01       0.42051D+00       0.27067D+00
       0.53700D+03       0.83822D-03       0.75085D-01       0.42047D+00       0.27101D+00
       0.53800D+03       0.83768D-03       0.82493D-01       0.42047D+00       0.27112D+00
       0.53900D+03       0.83629D-03       0.81609D-01       0.42047D+00       0.27122D+00
       0.54000D+03       0.83900D-03       0.23374D-02       0.42046D+00       0.27138D+00
       0.54100D+03       0.84131D-03       0.86746D-01       0.42048D+00       0.27086D+00
       0.54200D+03       0.84018D-03       0.84060D-01       0.42047D+00       0.27110D+00
       0.54300D+03       0.83936D-03       0.77396D-01       0.42047D+00       0.27115D+00
       0.54400D+03       0.83898D-03       0.60704D-01       0.42044D+00       0.27120D+00
       0.54500D+03       0.83811D-03       0.44484D-01       0.42051D+00       0.27067D+00
       0.54600D+03       0.83778D-03       0.75207D-01       0.42048D+00       0.27103D+00
       0.54700D+03       0.83730D-03       0.83042D-01       0.42047D+00       0.27111D+00
       0.54800D+03       0.83591D-03       0.84009D-01       0.42047D+00       0.27119D+00
       0.54900D+03       0.83887D-03       0.72590D-04       0.42047D+00       0.27136D+00
       0.55000D+03       0.84111D-03       0.84981D-01       0.42048D+00       0.27086D+00
       0.55100D+03       0.84016D-03       0.83345D-01       0.42047D+00       0.27107D+00
       0.55200D+03       0.83931D-03       0.75622D-01       0.42047D+00       0.27115D+00
       0.55300D+03       0.83944D-03       0.49325D-01       0.42044D+00       0.27123D+00
       0.55400D+03       0.83843D-03       0.55941D-01       0.42050D+00       0.27071D+00
       0.55500D+03       0.83770D-03       0.76524D-01       0.42048D+00       0.27110D+00
       0.55600D+03       0.83715D-03       0.83776D-01       0.42047D+00       0.27115D+00
       0.55700D+03       0.83573D-03       0.86130D-01       0.42046D+00       0.27120D+00
       0.55800D+03       0.83872D-03       0.10011D-02       0.42048D+00       0.27070D+00
       0.55900D+03       0.84067D-03       0.82621D-01       0.42048D+00       0.27088D+00
       0.56000D+03       0.83987D-03       0.82690D-01       0.42047D+00       0.27109D+00
       0.56100D+03       0.83893D-03       0.74994D-01       0.42047D+00       0.27116D+00
       0.56200D+03       0.83956D-03       0.38010D-01       0.42044D+00       0.27122D+00
       0.56300D+03       0.83901D-03       0.66911D-01       0.42050D+00       0.27071D+00
       0.56400D+03       0.83793D-03       0.78781D-01       0.42048D+00       0.27104D+00
       0.56500D+03       0.83740D-03       0.84324D-01       0.42047D+00       0.27109D+00
       0.56600D+03       0.83597D-03       0.87115D-01       0.42046D+00       0.27114D+00
       0.56700D+03       0.83867D-03       0.49838D-02       0.42049D+00       0.27065D+00
       0.56800D+03       0.84021D-03       0.80286D-01       0.42047D+00       0.27088D+00
       0.56900D+03       0.83955D-03       0.82308D-01       0.42047D+00       0.27103D+00
       0.57000D+03       0.83848D-03       0.75502D-01       0.42047D+00       0.27112D+00
       0.57100D+03       0.83957D-03       0.27410D-01       0.42044D+00       0.27121D+00
       0.57200D+03       0.83979D-03       0.76247D-01       0.42050D+00       0.27071D+00
       0.57300D+03       0.83863D-03       0.81304D-01       0.42047D+00       0.27101D+00
       0.57400D+03       0.83802D-03       0.84163D-01       0.42047D+00       0.27107D+00
       0.57500D+03       0.83664D-03       0.85906D-01       0.42046D+00       0.27112D+00
       0.57600D+03       0.83873D-03       0.11493D-01       0.42050D+00       0.27063D+00
       0.57700D+03       0.83992D-03       0.78211D-01       0.42047D+00       0.27088D+00
       0.57800D+03       0.83927D-03       0.82168D-01       0.42047D+00       0.27101D+00
       0.57900D+03       0.83805D-03       0.76827D-01       0.42047D+00       0.27112D+00
       0.58000D+03       0.83958D-03       0.17907D-01       0.42044D+00       0.27123D+00
       0.58100D+03       0.84057D-03       0.82907D-01       0.42049D+00       0.27073D+00
       0.58200D+03       0.83936D-03       0.83305D-01       0.42047D+00       0.27101D+00
       0.58300D+03       0.83875D-03       0.82942D-01       0.42047D+00       0.27107D+00
       0.58400D+03       0.83753D-03       0.81707D-01       0.42045D+00       0.27113D+00
       0.58500D+03       0.83875D-03       0.19888D-01       0.42050D+00       0.27064D+00
       0.58600D+03       0.83944D-03       0.76484D-01       0.42047D+00       0.27090D+00
       0.58700D+03       0.83891D-03       0.82183D-01       0.42047D+00       0.27101D+00
       0.58800D+03       0.83761D-03       0.78641D-01       0.42047D+00       0.27113D+00
       0.58900D+03       0.83958D-03       0.98767D-02       0.42045D+00       0.27124D+00
       0.59000D+03       0.84119D-03       0.86410D-01       0.42048D+00       0.27076D+00
       0.59100D+03       0.84007D-03       0.84283D-01       0.42047D+00       0.27102D+00
       0.59200D+03       0.83940D-03       0.80768D-01       0.42047D+00       0.27107D+00
       0.59300D+03       0.83848D-03       0.74391D-01       0.42045D+00       0.27113D+00
       0.59400D+03       0.83871D-03       0.29661D-01       0.42050D+00       0.27064D+00
       0.59500D+03       0.83895D-03       0.75307D-01       0.42047D+00       0.27092D+00
       0.59600D+03       0.83850D-03       0.82368D-01       0.42047D+00       0.27102D+00
       0.59700D+03       0.83723D-03       0.80782D-01       0.42047D+00       0.27110D+00
       0.59800D+03       0.83956D-03       0.38678D-02       0.42045D+00       0.27126D+00
       0.59900D+03       0.84148D-03       0.87050D-01       0.42048D+00       0.27079D+00
       0.60000D+03       0.84048D-03       0.84246D-01       0.42047D+00       0.27100D+00
       0.60100D+03       0.83977D-03       0.78233D-01       0.42047D+00       0.27105D+00
       0.60200D+03       0.83925D-03       0.64595D-01       0.42044D+00       0.27110D+00
       0.60300D+03       0.83867D-03       0.40456D-01       0.42050D+00       0.27062D+00
       0.60400D+03       0.83854D-03       0.75028D-01       0.42047D+00       0.27095D+00
       0.60500D+03       0.83807D-03       0.82814D-01       0.42047D+00       0.27102D+00
       0.60600D+03       0.83681D-03       0.83153D-01       0.42047D+00       0.27108D+00
       0.60700D+03       0.83940D-03       0.52221D-03       0.42046D+00       0.27125D+00
       0.60800D+03       0.84150D-03       0.85725D-01       0.42048D+00       0.27079D+00
       0.60900D+03       0.84054D-03       0.83613D-01       0.42047D+00       0.27098D+00
       0.61000D+03       0.83979D-03       0.76137D-01       0.42047D+00       0.27105D+00
       0.61100D+03       0.83973D-03       0.53424D-01       0.42044D+00       0.27113D+00
       0.61200D+03       0.83880D-03       0.51855D-01       0.42050D+00       0.27066D+00
       0.61300D+03       0.83821D-03       0.75922D-01       0.42048D+00       0.27101D+00
       0.61400D+03       0.83777D-03       0.83510D-01       0.42047D+00       0.27109D+00
       0.61500D+03       0.83650D-03       0.85451D-01       0.42047D+00       0.27116D+00
       0.61600D+03       0.83922D-03       0.30176D-03       0.42048D+00       0.27071D+00
       0.61700D+03       0.84111D-03       0.83482D-01       0.42048D+00       0.27088D+00
       0.61800D+03       0.84030D-03       0.82897D-01       0.42047D+00       0.27106D+00
       0.61900D+03       0.83950D-03       0.75078D-01       0.42047D+00       0.27112D+00
       0.62000D+03       0.83992D-03       0.41991D-01       0.42044D+00       0.27119D+00
       0.62100D+03       0.83923D-03       0.63122D-01       0.42050D+00       0.27072D+00
       0.62200D+03       0.83836D-03       0.77903D-01       0.42048D+00       0.27104D+00
       0.62300D+03       0.83785D-03       0.84183D-01       0.42047D+00       0.27109D+00
       0.62400D+03       0.83655D-03       0.86960D-01       0.42046D+00       0.27114D+00
       0.62500D+03       0.83910D-03       0.32397D-02       0.42049D+00       0.27069D+00
       0.62600D+03       0.84066D-03       0.81095D-01       0.42047D+00       0.27087D+00
       0.62700D+03       0.84000D-03       0.82412D-01       0.42047D+00       0.27104D+00
       0.62800D+03       0.83907D-03       0.75207D-01       0.42047D+00       0.27112D+00
       0.62900D+03       0.83988D-03       0.31083D-01       0.42044D+00       0.27121D+00
       0.63000D+03       0.83981D-03       0.73176D-01       0.42049D+00       0.27075D+00
       0.63100D+03       0.83873D-03       0.80425D-01       0.42047D+00       0.27105D+00
       0.63200D+03       0.83823D-03       0.84332D-01       0.42047D+00       0.27110D+00
       0.63300D+03       0.83695D-03       0.86651D-01       0.42046D+00       0.27115D+00
       0.63400D+03       0.83903D-03       0.89217D-02       0.42049D+00       0.27070D+00
       0.63500D+03       0.84018D-03       0.78916D-01       0.42047D+00       0.27090D+00
       0.63600D+03       0.83963D-03       0.82197D-01       0.42047D+00       0.27105D+00
       0.63700D+03       0.83857D-03       0.76283D-01       0.42047D+00       0.27115D+00
       0.63800D+03       0.83979D-03       0.21151D-01       0.42044D+00       0.27125D+00
       0.63900D+03       0.84044D-03       0.80884D-01       0.42049D+00       0.27080D+00
       0.64000D+03       0.83932D-03       0.82692D-01       0.42047D+00       0.27105D+00
       0.64100D+03       0.83876D-03       0.83504D-01       0.42047D+00       0.27110D+00
       0.64200D+03       0.83759D-03       0.83574D-01       0.42046D+00       0.27115D+00
       0.64300D+03       0.83896D-03       0.16712D-01       0.42050D+00       0.27071D+00
       0.64400D+03       0.83979D-03       0.77051D-01       0.42047D+00       0.27095D+00
       0.64500D+03       0.83924D-03       0.82162D-01       0.42047D+00       0.27105D+00
       0.64600D+03       0.83808D-03       0.77951D-01       0.42047D+00       0.27115D+00
       0.64700D+03       0.83971D-03       0.12543D-01       0.42045D+00       0.27127D+00
       0.64800D+03       0.84101D-03       0.85520D-01       0.42048D+00       0.27083D+00
       0.64900D+03       0.83995D-03       0.84062D-01       0.42047D+00       0.27105D+00
       0.65000D+03       0.83932D-03       0.81624D-01       0.42047D+00       0.27111D+00
       0.65100D+03       0.83838D-03       0.77334D-01       0.42045D+00       0.27116D+00
       0.65200D+03       0.83889D-03       0.26039D-01       0.42050D+00       0.27072D+00
       0.65300D+03       0.83930D-03       0.75643D-01       0.42047D+00       0.27097D+00
       0.65400D+03       0.83885D-03       0.82277D-01       0.42047D+00       0.27105D+00
       0.65500D+03       0.83768D-03       0.79985D-01       0.42047D+00       0.27113D+00
       0.65600D+03       0.83967D-03       0.57391D-02       0.42045D+00       0.27125D+00
       0.65700D+03       0.84140D-03       0.87102D-01       0.42048D+00       0.27082D+00
       0.65800D+03       0.84041D-03       0.84355D-01       0.42047D+00       0.27104D+00
       0.65900D+03       0.83977D-03       0.79128D-01       0.42047D+00       0.27108D+00
       0.66000D+03       0.83917D-03       0.68310D-01       0.42045D+00       0.27113D+00
       0.66100D+03       0.83885D-03       0.36508D-01       0.42050D+00       0.27069D+00
       0.66200D+03       0.83883D-03       0.75002D-01       0.42047D+00       0.27097D+00
       0.66300D+03       0.83844D-03       0.82621D-01       0.42047D+00       0.27106D+00
       0.66400D+03       0.83729D-03       0.82291D-01       0.42047D+00       0.27114D+00
       0.66500D+03       0.83959D-03       0.13740D-02       0.42046D+00       0.27127D+00
       0.66600D+03       0.84142D-03       0.86355D-01       0.42048D+00       0.27085D+00
       0.66700D+03       0.84056D-03       0.83873D-01       0.42047D+00       0.27105D+00
       0.66800D+03       0.83990D-03       0.76789D-01       0.42047D+00       0.27109D+00
       0.66900D+03       0.83970D-03       0.57493D-01       0.42044D+00       0.27113D+00
       0.67000D+03       0.83890D-03       0.47756D-01       0.42050D+00       0.27070D+00
       0.67100D+03       0.83853D-03       0.75464D-01       0.42047D+00       0.27099D+00
       0.67200D+03       0.83810D-03       0.83244D-01       0.42047D+00       0.27106D+00
       0.67300D+03       0.83695D-03       0.84675D-01       0.42047D+00       0.27112D+00
       0.67400D+03       0.83938D-03       0.90824D-05       0.42047D+00       0.27071D+00
       0.67500D+03       0.84112D-03       0.84330D-01       0.42048D+00       0.27087D+00
       0.67600D+03       0.84040D-03       0.83136D-01       0.42047D+00       0.27103D+00
       0.67700D+03       0.83970D-03       0.75317D-01       0.42047D+00       0.27109D+00
       0.67800D+03       0.83991D-03       0.46043D-01       0.42044D+00       0.27115D+00
       0.67900D+03       0.83916D-03       0.59179D-01       0.42050D+00       0.27073D+00
       0.68000D+03       0.83842D-03       0.77097D-01       0.42047D+00       0.27102D+00
       0.68100D+03       0.83801D-03       0.83974D-01       0.42047D+00       0.27106D+00
       0.68200D+03       0.83684D-03       0.86574D-01       0.42046D+00       0.27110D+00
       0.68300D+03       0.83921D-03       0.18472D-02       0.42048D+00       0.27069D+00
       0.68400D+03       0.84080D-03       0.81933D-01       0.42047D+00       0.27087D+00
       0.68500D+03       0.84013D-03       0.82551D-01       0.42047D+00       0.27101D+00
       0.68600D+03       0.83933D-03       0.75034D-01       0.42047D+00       0.27109D+00
       0.68700D+03       0.83994D-03       0.34882D-01       0.42044D+00       0.27117D+00
       0.68800D+03       0.83967D-03       0.69803D-01       0.42049D+00       0.27075D+00
       0.68900D+03       0.83877D-03       0.79512D-01       0.42047D+00       0.27102D+00
       0.69000D+03       0.83829D-03       0.84372D-01       0.42047D+00       0.27107D+00
       0.69100D+03       0.83712D-03       0.87037D-01       0.42046D+00       0.27111D+00
       0.69200D+03       0.83920D-03       0.66181D-02       0.42049D+00       0.27070D+00
       0.69300D+03       0.84042D-03       0.79661D-01       0.42047D+00       0.27089D+00
       0.69400D+03       0.83985D-03       0.82248D-01       0.42047D+00       0.27102D+00
       0.69500D+03       0.83894D-03       0.75814D-01       0.42047D+00       0.27112D+00
       0.69600D+03       0.83992D-03       0.24563D-01       0.42045D+00       0.27121D+00
       0.69700D+03       0.84032D-03       0.78462D-01       0.42049D+00       0.27080D+00
       0.69800D+03       0.83930D-03       0.81960D-01       0.42047D+00       0.27105D+00
       0.69900D+03       0.83883D-03       0.83927D-01       0.42047D+00       0.27110D+00
       0.70000D+03       0.83771D-03       0.85030D-01       0.42046D+00       0.27115D+00
       0.70100D+03       0.83922D-03       0.13730D-01       0.42049D+00       0.27074D+00
       0.70200D+03       0.84005D-03       0.77675D-01       0.42047D+00       0.27094D+00
       0.70300D+03       0.83959D-03       0.82158D-01       0.42047D+00       0.27105D+00
       0.70400D+03       0.83855D-03       0.77307D-01       0.42047D+00       0.27117D+00
       0.70500D+03       0.83989D-03       0.15437D-01       0.42045D+00       0.27128D+00
       0.70600D+03       0.84095D-03       0.84234D-01       0.42049D+00       0.27088D+00
       0.70700D+03       0.83992D-03       0.83699D-01       0.42047D+00       0.27108D+00
       0.70800D+03       0.83939D-03       0.82399D-01       0.42047D+00       0.27113D+00
       0.70900D+03       0.83845D-03       0.79916D-01       0.42045D+00       0.27117D+00
       0.71000D+03       0.83922D-03       0.22562D-01       0.42050D+00       0.27077D+00
       0.71100D+03       0.83976D-03       0.76077D-01       0.42047D+00       0.27099D+00
       0.71200D+03       0.83929D-03       0.82215D-01       0.42047D+00       0.27108D+00
       0.71300D+03       0.83822D-03       0.79224D-01       0.42047D+00       0.27118D+00
       0.71400D+03       0.83992D-03       0.79214D-02       0.42045D+00       0.27129D+00
       0.71500D+03       0.84143D-03       0.86854D-01       0.42048D+00       0.27090D+00
       0.71600D+03       0.84049D-03       0.84363D-01       0.42047D+00       0.27109D+00
       0.71700D+03       0.83990D-03       0.80044D-01       0.42047D+00       0.27113D+00
       0.71800D+03       0.83924D-03       0.71796D-01       0.42045D+00       0.27117D+00
       0.71900D+03       0.83922D-03       0.32662D-01       0.42050D+00       0.27077D+00
       0.72000D+03       0.83937D-03       0.75119D-01       0.42047D+00       0.27103D+00
       0.72100D+03       0.83897D-03       0.82466D-01       0.42047D+00       0.27111D+00
       0.72200D+03       0.83792D-03       0.81444D-01       0.42047D+00       0.27118D+00
       0.72300D+03       0.83992D-03       0.26114D-02       0.42046D+00       0.27131D+00
       0.72400D+03       0.84164D-03       0.86824D-01       0.42048D+00       0.27092D+00
       0.72500D+03       0.84080D-03       0.84102D-01       0.42047D+00       0.27109D+00
       0.72600D+03       0.84019D-03       0.77555D-01       0.42047D+00       0.27113D+00
       0.72700D+03       0.83987D-03       0.61484D-01       0.42045D+00       0.27117D+00
       0.72800D+03       0.83924D-03       0.43683D-01       0.42050D+00       0.27078D+00
       0.72900D+03       0.83902D-03       0.75159D-01       0.42047D+00       0.27105D+00
       0.73000D+03       0.83866D-03       0.82994D-01       0.42047D+00       0.27111D+00
       0.73100D+03       0.83762D-03       0.83841D-01       0.42047D+00       0.27116D+00
       0.73200D+03       0.83982D-03       0.12900D-03       0.42047D+00       0.27129D+00
