s
0.01020408163265306, 0.13265306122448978, 0.2551020408163265, 0.37755102040816324, 0.5, 0.6224489795918366, 0.7448979591836734, 0.8673469387755102, 0.9897959183673469
iteration, j dot B Redl, j dot B vmec
0, -240812.4583897398, -1152218.219614605, -1412467.6733725988, -1566394.8302674147, -1651009.9270523982, -1580553.2020814253, -1221592.7984501978, -549153.7146546944, -4139.3447537983375, -247223.55826739955, -1109983.4954912637, -1436336.2479587363, -1560186.0043100482, -1651105.2327717359, -1586137.7921173559, -1199567.3872919166, -580501.0098258886, -3558.9253408671866
1, -240812.4583897398, -1152218.219614605, -1412467.6733725988, -1566394.8302674147, -1651009.9270523982, -1580553.2020814253, -1221592.7984501978, -549153.7146546944, -4139.3447537983375, -247223.55826739955, -1109983.4954912637, -1436336.2479587363, -1560186.0043100482, -1651105.2327717359, -1586137.7921173559, -1199567.3872919166, -580501.0098258886, -3558.9253408671866
2, -240812.4583897398, -1152218.219614605, -1412467.6733725988, -1566394.8302674147, -1651009.9270523982, -1580553.2020814253, -1221592.7984501978, -549153.7146546944, -4139.3447537983375, -247223.55826739955, -1109983.4954912637, -1436336.2479587363, -1560186.0043100482, -1651105.2327717359, -1586137.7921173559, -1199567.3872919166, -580501.0098258886, -3558.9253408671866
3, -240812.4584154634, -1152218.2196030135, -1412467.673320099, -1566394.8302694238, -1651009.9271253594, -1580553.2022248874, -1221592.7984597827, -549153.7146381128, -4139.344757557615, -247223.55438090066, -1109983.494870262, -1436336.2468361256, -1560186.0026357654, -1651105.2314296593, -1586137.7909906618, -1199567.3873761185, -580501.0065363682, -3559.1699412961243
4, -240812.45335968412, -1152218.196184244, -1412467.6419410445, -1566394.794335832, -1651009.8898277313, -1580553.1683464968, -1221592.7738923952, -549153.7041043215, -4139.3447019724135, -247223.55372762808, -1109983.4886224577, -1436336.2394870021, -1560185.9952043758, -1651105.2234169298, -1586137.783848979, -1199567.381763226, -580501.0073768487, -3558.926059322621
5, -240809.35976493155, -1152209.146895009, -1412456.3260816776, -1566380.8843837224, -1650992.884811965, -1580533.9170040048, -1221575.1420953097, -549144.2534926133, -4139.251371454198, -247216.7124552633, -1109953.1197087849, -1436297.2268849944, -1560143.890314926, -1651060.9449022938, -1586095.4775982662, -1199535.443580536, -580485.4130664974, -3558.7532608094116
6, -289037.0770724439, -1453175.7673747442, -1752027.2506199067, -1922413.2429576907, -2005239.320949907, -1903575.1492743145, -1461724.422901629, -652365.4027853069, -4734.600545667934, -317243.82970358356, -1500518.7198757492, -1823217.5409561205, -1995630.3976685533, -2090709.315153356, -1996397.6770441674, -1537951.4800697572, -703873.53740497, -5004.9596912503475
7, -246928.96006804533, -1213268.646606892, -1485750.7003190026, -1641747.3947409047, -1718726.2998984389, -1633170.091026425, -1251281.3673539474, -556265.591870352, -4079.5683641966607, -250805.08178548844, -1216278.4129527526, -1490626.79025883, -1645213.6551591638, -1723442.8707810459, -1639248.8748494042, -1255948.9243707284, -561494.7068390261, -3807.046294066895
8, -237487.75316277074, -1152312.6431978757, -1416465.5772635716, -1569950.3021062436, -1648862.0398042612, -1571499.0986221624, -1207435.4510891538, -538595.0078563158, -3994.528767735256, -242958.99071631004, -1146573.6760987043, -1419925.0575932222, -1568302.1795295908, -1648969.3501625543, -1573508.2974912922, -1205190.8096231113, -544756.0961261902, -1822.379769380812
9, -239497.45871884847, -1149237.9811309048, -1410659.5575329906, -1564841.175651058, -1648348.6666640143, -1576653.9464530298, -1217038.0095330146, -546153.2150383705, -4101.345207261782, -249724.90280542214, -1120475.775113491, -1429323.827331838, -1561064.526659531, -1650057.2781062832, -1583433.108263447, -1203689.5994599706, -570896.9347590009, -697.7458013535725
10, -240209.4503060634, -1150434.6491507103, -1410890.0795873958, -1564790.67483291, -1649036.0274342538, -1578250.5667579942, -1219333.6662338325, -547829.4661556826, -4124.537098035014, -248127.9619424306, -1112570.5869977742, -1434772.666392679, -1560470.335682879, -1650993.521958705, -1585709.0167470104, -1200759.185119068, -578388.4024735617, -2706.0786120932607
11, -240590.8504182872, -1151506.7493878922, -1411743.5228955362, -1565612.1737337732, -1650088.4310485378, -1579532.5996255032, -1220649.945287695, -548634.1761669548, -4134.047150849085, -247496.9171623676, -1110638.3352753369, -1436068.834806477, -1560348.5325968582, -1651189.5686000746, -1586148.0996221174, -1199922.153311669, -580068.012412638, -3358.6018545784973
12, -240590.8504182872, -1151506.7493878922, -1411743.5228955362, -1565612.1737337732, -1650088.4310485378, -1579532.5996255032, -1220649.945287695, -548634.1761669548, -4134.047150849085, -247496.9171623676, -1110638.3352753369, -1436068.834806477, -1560348.5325968582, -1651189.5686000746, -1586148.0996221174, -1199922.153311669, -580068.012412638, -3358.6018545784973
13, -240590.85039175526, -1151506.7493199303, -1411743.5229195917, -1565612.1739617083, -1650088.4313484458, -1579532.5998121982, -1220649.9452822548, -548634.1761141438, -4134.047154545169, -247496.91681049793, -1110638.3353471085, -1436068.8348730688, -1560348.532571795, -1651189.568414038, -1586148.0995803578, -1199922.1543748775, -580068.0091847447, -3358.8426929004636
14, -240590.84530029664, -1151506.725768343, -1411743.491279236, -1565612.1375432266, -1650088.3934984645, -1579532.5655306396, -1220649.9205213531, -548634.1655518812, -4134.04709928913, -247496.9162750529, -1110638.3288285295, -1436068.826957626, -1560348.5248782607, -1651189.5603208926, -1586148.0914097948, -1199922.14798593, -580068.0089735521, -3358.6017104148486
15, -240587.75226894533, -1151497.6747956225, -1411732.1839426379, -1565598.2883723355, -1650071.4646455033, -1579513.361699128, -1220632.2966635432, -548624.7186964398, -4133.953930537744, -247489.92890907722, -1110607.9256452918, -1436029.7891524418, -1560306.370815378, -1651145.2295769963, -1586105.7562244248, -1199890.185606462, -580052.4247989241, -3358.4281426214
16, -240363.03759487387, -1150666.6347102788, -1411065.0260969037, -1565040.1022119755, -1649485.3642065185, -1578908.3693511728, -1220061.4366467053, -548284.3081118112, -4129.737439713401, -248117.17781385337, -1112051.638301917, -1435185.963255971, -1560474.4994828207, -1651087.3915616325, -1585879.5394904776, -1200532.8973232752, -578920.0725344212, -2892.5639031087776
17, -240363.03759487387, -1150666.6347102788, -1411065.0260969037, -1565040.1022119755, -1649485.3642065185, -1578908.3693511728, -1220061.4366467053, -548284.3081118112, -4129.737439713401, -248117.17781385337, -1112051.638301917, -1435185.963255971, -1560474.4994828207, -1651087.3915616325, -1585879.5394904776, -1200532.8973232752, -578920.0725344212, -2892.5639031087776
18, -240363.03760264206, -1150666.6348533055, -1411065.0262298973, -1565040.1017158544, -1649485.363569086, -1578908.369014561, -1220061.4368489354, -548284.3082473322, -4129.737443544428, -248117.18044641768, -1112051.6386793917, -1435185.9640009874, -1560474.5002841663, -1651087.3924134409, -1585879.5397806854, -1200532.8981798796, -578920.0689614052, -2892.8062179107656
19, -240363.03248813137, -1150666.6112655154, -1411064.9944667874, -1565040.0657643944, -1649485.3262079677, -1578908.334961804, -1220061.4118757225, -548284.2976116284, -4129.737389472636, -248117.17891614122, -1112051.6320059875, -1435185.9560217473, -1560474.492122519, -1651087.3841348654, -1585879.5316853449, -1200532.8917492146, -578920.0697417011, -2892.565457777244
20, -240359.95205593904, -1150657.5707498179, -1411053.7034429556, -1565026.2028067075, -1649468.3869333703, -1578889.153577507, -1220043.8192721324, -548274.8591268024, -4129.644310772906, -248110.0967346299, -1112021.1777588604, -1435146.9201144478, -1560432.3047036754, -1651043.0185109652, -1585837.1773495204, -1200500.899205232, -578904.5086322303, -2892.404026594588
21, -240079.76879031834, -1149476.662647389, -1410236.9809971133, -1564462.7064464767, -1648878.2789106588, -1578263.087565202, -1219407.4428384067, -547875.7420602402, -4124.370338466274, -249290.13499470678, -1114910.2553562461, -1433209.162933811, -1560657.0288642102, -1650800.6548341848, -1585241.321869314, -1201774.6335138392, -576450.8569591768, -2008.9807711826506
22, -240269.35300113348, -1150299.2043315978, -1410781.1003987873, -1564812.4864871893, -1649243.9801297332, -1578653.806755239, -1219815.0205599768, -548136.7302238619, -4127.903715508567, -248398.64303663658, -1112764.7623611724, -1434707.9683338213, -1560517.4607842132, -1651012.0109204373, -1585722.1913867847, -1200837.6305764788, -578318.0584725564, -2661.887762555103
23, -240269.35300113348, -1150299.2043315978, -1410781.1003987873, -1564812.4864871893, -1649243.9801297332, -1578653.806755239, -1219815.0205599768, -548136.7302238619, -4127.903715508567, -248398.64303663658, -1112764.7623611724, -1434707.9683338213, -1560517.4607842132, -1651012.0109204373, -1585722.1913867847, -1200837.6305764788, -578318.0584725564, -2661.887762555103
24, -240269.35305479393, -1150299.2044586053, -1410781.1004519986, -1564812.486324282, -1649243.9799563228, -1578653.8066824065, -1219815.0206449807, -548136.7302606152, -4127.903719276831, -248398.64411186124, -1112764.7625825815, -1434707.9686418085, -1560517.4610071299, -1651012.0111388732, -1585722.1915163486, -1200837.6313157014, -578318.0547655218, -2662.130242047766
25, -240269.34800140143, -1150299.1809516451, -1410781.0687693097, -1564812.4499766326, -1649243.9422404324, -1578653.7726118336, -1219814.9959990864, -548136.7197482875, -4127.903665414477, -248398.64272650436, -1112764.7559498425, -1434707.960789891, -1560517.452522786, -1651012.0030420048, -1585722.1843030578, -1200837.624950543, -578318.0557350604, -2661.891003883131
26, -240266.25621409493, -1150290.1459300518, -1410769.788371527, -1564798.5904162521, -1649226.991123924, -1578634.5699602566, -1219797.402431419, -548127.2925992582, -4127.810684339141, -248391.8567668195, -1112734.321165963, -1434669.010354805, -1560475.36551337, -1650967.7587773288, -1585679.9106102276, -1200805.6591487555, -578302.5190237626, -2661.7387293733846
27, -240238.01817946718, -1150164.5948039014, -1410762.0530407773, -1564885.8795097647, -1649346.2220265623, -1578767.9224090152, -1219895.7224055375, -548161.5763089559, -4127.658564208957, -248719.21827925416, -1113492.758503382, -1434249.241097946, -1560582.964427695, -1650958.1825181833, -1585579.6656541452, -1201146.9573803404, -577720.6815958453, -2433.1305670737274
28, -240238.01817946718, -1150164.5948039014, -1410762.0530407773, -1564885.8795097647, -1649346.2220265623, -1578767.9224090152, -1219895.7224055375, -548161.5763089559, -4127.658564208957, -248719.21827925416, -1113492.758503382, -1434249.241097946, -1560582.964427695, -1650958.1825181833, -1585579.6656541452, -1201146.9573803404, -577720.6815958453, -2433.1305670737274
29, -240238.01820029144, -1150164.594965056, -1410762.0530744968, -1564885.8793000043, -1649346.221787077, -1578767.922247882, -1219895.7224188845, -548161.5763475996, -4127.6585679812715, -248719.21944831446, -1113492.758527775, -1434249.241432461, -1560582.9645801333, -1650958.1820455426, -1585579.6657086438, -1201146.9581690256, -577720.6782858885, -2433.371825754686
30, -240238.0131506825, -1150164.5714848388, -1410762.0215723824, -1564885.8433687175, -1649346.1845168718, -1578767.8884404087, -1219895.697889596, -548161.5658730797, -4127.658514205346, -248719.21762025118, -1113492.7520224655, -1434249.233576145, -1560582.9566424, -1650958.1745877226, -1585579.6578089967, -1201146.9518134643, -577720.6792851498, -2433.128467242306
31, -240234.9238720496, -1150155.549826628, -1410750.756733288, -1564871.9931699382, -1649329.2399471859, -1578748.695243879, -1219878.1175611375, -548152.146421725, -4127.565592972075, -248712.4633590615, -1113462.2993995054, -1434210.3012279205, -1560540.8772042415, -1650913.9429602833, -1585537.392614601, -1201114.9789034466, -577705.1581196373, -2432.9894384663057
32, -240128.4185758553, -1149650.264099422, -1410393.7466027425, -1564629.2422100413, -1649083.0730928513, -1578508.347178704, -1219649.8049218783, -548017.0720036081, -4125.841993014478, -249338.8760609695, -1114925.403906742, -1433265.6937452778, -1560685.816643929, -1650829.700350724, -1585279.2154733655, -1201779.8648694905, -576503.1456554488, -1983.1339853918325
33, -240128.4185758553, -1149650.264099422, -1410393.7466027425, -1564629.2422100413, -1649083.0730928513, -1578508.347178704, -1219649.8049218783, -548017.0720036081, -4125.841993014478, -249338.8760609695, -1114925.403906742, -1433265.6937452778, -1560685.816643929, -1650829.700350724, -1585279.2154733655, -1201779.8648694905, -576503.1456554488, -1983.1339853918325
34, -240128.41868800408, -1149650.2642834939, -1410393.746603922, -1564629.2418815014, -1649083.0727639503, -1578508.347197596, -1219649.805016546, -548017.0720627279, -4125.841996562381, -249338.8723732463, -1114925.4034495188, -1433265.692708486, -1560685.814869636, -1650829.6980104442, -1585279.2145606456, -1201779.8651963545, -576503.1419021334, -1983.3728180778853
35, -240128.41356660612, -1149650.2410440068, -1410393.7154096076, -1564629.2061625177, -1649083.0355524928, -1578508.3132390496, -1219649.780461139, -548017.0616609368, -4125.841943309058, -249338.8776915837, -1114925.3977984039, -1433265.6867401395, -1560685.8096387787, -1650829.6929172752, -1585279.2083399878, -1201779.8598700098, -576503.142818733, -1983.1331485471746
36, -240125.3269303289, -1149641.2257680204, -1410382.4624265293, -1564615.3745774725, -1649066.1130359727, -1578489.142738678, -1219632.217209909, -548007.6508978856, -4125.749123497651, -249332.01876143692, -1114894.888979786, -1433226.7537685838, -1560643.690056183, -1650785.4230232735, -1585236.9214843002, -1201747.8577540314, -576487.6493657029, -1983.001509367561
37, -239989.07359304122, -1148852.4927595062, -1409926.4347285475, -1564420.3546706825, -1648891.7974790065, -1578336.6890612605, -1219462.9677308404, -547894.0568500417, -4123.974953663282, -250528.9953521926, -1117755.8373405717, -1431241.219899065, -1560883.4543888292, -1650569.244202823, -1584666.5424152208, -1203052.2394280904, -574039.9809592777, -1170.9541970506325
38, -240083.03583994717, -1149436.9325745588, -1410292.2261877048, -1564607.7578952042, -1649067.766032995, -1578490.0814826202, -1219615.1013534348, -547987.1256307645, -4125.282926408161, -249677.62628528284, -1115643.3858759387, -1432778.4848017078, -1560746.5655383624, -1650776.5060034352, -1585135.4402372064, -1202099.2746251354, -575894.2575790363, -1766.395755592188
39, -240114.07455653718, -1149597.3198791423, -1410394.143583214, -1564662.5817077616, -1649119.1221158868, -1578536.876032988, -1219662.689549394, -548017.4747595289, -4125.731852085431, -249448.84606411165, -1115108.702619073, -1433150.6623871569, -1560709.140706097, -1650825.9014996423, -1585249.6173141985, -1201862.756847688, -576352.5027490275, -1928.6514825981212
40, -240125.74373610632, -1149636.6564999043, -1410385.348630546, -1564625.1042069555, -1649079.6540724016, -1578505.7202007794, -1219647.1590834048, -548015.2222977714, -4125.809178834736, -249358.62387029146, -1114970.5516646958, -1433235.5904358877, -1560689.5793764058, -1650826.1970191165, -1585270.2948511057, -1201799.8400885444, -576465.3643514382, -1969.29952966595
41, -240125.74373610632, -1149636.6564999043, -1410385.348630546, -1564625.1042069555, -1649079.6540724016, -1578505.7202007794, -1219647.1590834048, -548015.2222977714, -4125.809178834736, -249358.62387029146, -1114970.5516646958, -1433235.5904358877, -1560689.5793764058, -1650826.1970191165, -1585270.2948511057, -1201799.8400885444, -576465.3643514382, -1969.29952966595
42, -240125.74381442205, -1149636.6566342348, -1410385.3486595503, -1564625.1037504887, -1649079.6535278426, -1578505.7199783197, -1219647.159212779, -548015.2223743894, -4125.809182724666, -249358.62443331475, -1114970.5517520015, -1433235.5906401137, -1560689.579701911, -1650826.196742093, -1585270.2950826648, -1201799.8408639405, -576465.3606493943, -1969.5398555545398
43, -240125.738763118, -1149636.6333179863, -1410385.3173912314, -1564625.0680664773, -1649079.6165164195, -1578505.686396141, -1219647.1346822851, -548015.2119466853, -4125.809129377757, -249358.62298715414, -1114970.5452873465, -1433235.582865245, -1560689.571752617, -1650826.1890826917, -1585270.2875487776, -1201799.8342325948, -576465.3610889895, -1969.2989292194397
44, -240119.41701682855, -1149629.7304363213, -1410408.891419921, -1564662.504662936, -1649114.8627644398, -1578529.1193710712, -1219656.7162553417, -548015.565684668, -4125.755882280614, -249382.99740614998, -1114944.1598497517, -1433203.7552664387, -1560657.322549382, -1650793.7549029258, -1585235.6485465218, -1201771.8487997775, -576451.094031285, -1969.697543730188
45, -240109.0062231996, -1149562.1400883812, -1410303.8236277283, -1564535.3736765739, -1648974.9746733825, -1578393.372931175, -1219548.1962210631, -547964.8412552688, -4125.3770435694, -249391.86014672584, -1115043.9133944823, -1433164.9170958656, -1560683.3327402074, -1650807.1802997512, -1585242.945771518, -1201830.951853504, -576390.6180605057, -1943.2902978443599
46, -240109.0062231996, -1149562.1400883812, -1410303.8236277283, -1564535.3736765739, -1648974.9746733825, -1578393.372931175, -1219548.1962210631, -547964.8412552688, -4125.3770435694, -249391.86014672584, -1115043.9133944823, -1433164.9170958656, -1560683.3327402074, -1650807.1802997512, -1585242.945771518, -1201830.951853504, -576390.6180605057, -1943.2902978443599
47, -240109.00610393696, -1149562.1399908178, -1410303.8237784733, -1564535.3741694773, -1648974.975150066, -1578393.3731214083, -1219548.1960838316, -547964.8411657996, -4125.377047221218, -249391.86165431334, -1115043.9136532894, -1433164.9172656876, -1560683.3328812977, -1650807.1814187346, -1585242.9459613955, -1201830.952517553, -576390.6148595775, -1943.530634826333
48, -240109.00124261866, -1149562.1168361623, -1410303.7922900887, -1564535.337864054, -1648974.9376309589, -1578393.3394418745, -1219548.1717673596, -547964.8307779456, -4125.3769936878625, -249391.85595471176, -1115043.9065165683, -1433164.9087017311, -1560683.3236320012, -1650807.1706940576, -1585242.937850041, -1201830.9454409834, -576390.6152427077, -1943.289667987985
49, -240105.91459541122, -1149553.1010609935, -1410292.538371716, -1564521.5069101816, -1648958.0162493058, -1578374.169016469, -1219530.607713999, -547955.41996084, -4125.284178567385, -249384.98872644617, -1115013.3931756208, -1433125.976350773, -1560641.202115337, -1650762.8985193463, -1585200.6495337135, -1201798.9411936635, -576375.1245353757, -1943.1607932533225
50, -240107.13902560069, -1149552.8796503483, -1410297.610768992, -1564531.7295472033, -1648972.0228376223, -1578391.0470749252, -1219546.0168555572, -547963.3799048568, -4125.353689275308, -249403.37016334152, -1115072.2822690583, -1433157.3644799448, -1560693.2787497663, -1650813.882212488, -1585246.5229656165, -1201846.915161423, -576374.7201616267, -1936.2349705376619
51, -240107.13902560069, -1149552.8796503483, -1410297.610768992, -1564531.7295472033, -1648972.0228376223, -1578391.0470749252, -1219546.0168555572, -547963.3799048568, -4125.353689275308, -249403.37016334152, -1115072.2822690583, -1433157.3644799448, -1560693.2787497663, -1650813.882212488, -1585246.5229656165, -1201846.915161423, -576374.7201616267, -1936.2349705376619
52, -240107.13902113054, -1149552.8797314311, -1410297.6108169253, -1564531.7296264772, -1648972.0229225773, -1578391.0470868638, -1219546.0167931113, -547963.379880493, -4125.353693320028, -249403.37046976978, -1115072.2822424448, -1433157.3645117027, -1560693.278653855, -1650813.8820772134, -1585246.523344109, -1201846.9161921581, -576374.716088233, -1936.4761932347901
53, -240107.1340024919, -1149552.8564485959, -1410297.5795474832, -1564531.693860918, -1648971.9857983647, -1578391.0133814588, -1219545.9923248454, -547963.3694689395, -4125.353639576315, -249403.3705530289, -1115072.275925592, -1433157.3569524211, -1560693.270964695, -1650813.8740537856, -1585246.5165405248, -1201846.909998232, -576374.71719519, -1936.2338881804608
54, -240104.04730509286, -1149543.8411695105, -1410286.3264117604, -1564517.8635151954, -1648955.0646718862, -1578371.8430189122, -1219528.4285665078, -547953.9589043732, -4125.260827114158, -249396.51380992238, -1115041.763175569, -1433118.4274876693, -1560651.152196755, -1650769.6059398667, -1585204.23067201, -1201814.9068256132, -576359.2264903241, -1936.10695163934
55, -240103.21426568239, -1149549.2975405145, -1410334.0868388996, -1564590.8668928428, -1649034.7125047424, -1578445.9551311806, -1219583.4305492085, -547977.7041782457, -4125.413400516502, -249454.09958891128, -1115121.578324371, -1433134.4193788415, -1560706.7666763233, -1650821.920622714, -1585244.8276128178, -1201870.4883734249, -576337.9131030287, -1922.8242591573799
56, -240107.1374140015, -1149551.9763863913, -1410298.690031264, -1564534.5280357166, -1648975.703483977, -1578395.353442527, -1219549.7198841793, -547965.1065120359, -4125.364079853088, -249408.37541352236, -1115083.9970739526, -1433150.420562338, -1560694.770565034, -1650813.540819772, -1585244.7698786624, -1201852.2161072688, -576365.4501548144, -1932.7604852429067
57, -240107.1374140015, -1149551.9763863913, -1410298.690031264, -1564534.5280357166, -1648975.703483977, -1578395.353442527, -1219549.7198841793, -547965.1065120359, -4125.364079853088, -249408.37541352236, -1115083.9970739526, -1433150.420562338, -1560694.770565034, -1650813.540819772, -1585244.7698786624, -1201852.2161072688, -576365.4501548144, -1932.7604852429067
58, -240107.13735081456, -1149551.9763899834, -1410298.6901183329, -1564534.5281798262, -1648975.703574563, -1578395.3534416822, -1219549.7198175765, -547965.1065083268, -4125.364083766556, -249408.37818711615, -1115083.9974750648, -1433150.4212290437, -1560694.7710654156, -1650813.5424844068, -1585244.7703518835, -1201852.217242766, -576365.4466601957, -1933.0003099158712
59, -240107.13250715745, -1149551.9534103468, -1410298.6587787953, -1564534.4919071537, -1648975.6658869528, -1578395.319521598, -1219549.6954725643, -547965.0961530753, -4125.364030546005, -249408.37560768402, -1115083.9907301571, -1433150.4132353875, -1560694.7626965728, -1650813.533536829, -1585244.7618003208, -1201852.2103491898, -576365.4468827251, -1932.7608958961064
60, -240100.8236371182, -1149545.0905574535, -1410322.2746641142, -1564571.9675577215, -1649010.9682922806, -1578418.834519805, -1219559.366949487, -547965.4984049089, -4125.311156870388, -249432.7662744628, -1115057.6039449468, -1433118.5915779034, -1560662.519202238, -1650781.1052807153, -1585210.1252110677, -1201824.2206949058, -576351.1800877019, -1933.1598907716252
