periods   1 
begin filament 
mirror NIL 
  4.435208365848810E-01  -4.586665292709266E-02  -1.428154570511997E-01   1.000000000000000E+05
  4.278415671148547E-01  -4.561538943127944E-02  -1.420330990962566E-01   1.000000000000000E+05
  4.123340830424827E-01  -4.486435435050570E-02  -1.396945969089007E-01   1.000000000000000E+05
  3.971682876084108E-01  -4.362177618228053E-02  -1.358255716084596E-01   1.000000000000000E+05
  3.825103404410632E-01  -4.190126887304129E-02  -1.304684130457707E-01   1.000000000000000E+05
  3.685208370769769E-01  -3.972168266090723E-02  -1.236818153711040E-01   1.000000000000000E+05
  3.553530494425003E-01  -3.710689754852627E-02  -1.155401339687704E-01   1.000000000000000E+05
  3.431512465744945E-01  -3.408556166876861E-02  -1.061325708039700E-01   1.000000000000000E+05
  3.320491139785720E-01  -3.069077740978806E-02  -9.556219710739541E-02   1.000000000000000E+05
  3.221682889427248E-01  -2.695973873833029E-02  -8.394482410525954E-02   1.000000000000000E+05
  3.136170278537406E-01  -2.293332369484979E-02  -7.140773416726511E-02   1.000000000000000E+05
  3.064890201175772E-01  -1.865564652514447E-02  -5.808828627432758E-02   1.000000000000000E+05
  3.008623616786232E-01  -1.417357435544717E-02  -4.413241108483577E-02   1.000000000000000E+05
  2.967986993841904E-01  -9.536213706382926E-03  -2.969301208782015E-02   1.000000000000000E+05
  2.943425555687520E-01  -4.794372471653029E-03  -1.492829036033077E-02   1.000000000000000E+05
  2.935208402579312E-01  -3.256119220460063E-09  -1.128333040532392E-08   1.000000000000000E+05
  2.943425563366284E-01   4.794365827806824E-03   1.492826779366987E-02   1.000000000000000E+05
  2.967987009115304E-01   9.536206669155377E-03   2.969298952115921E-02   1.000000000000000E+05
  3.008623639486929E-01   1.417356666737469E-02   4.413238851817485E-02   1.000000000000000E+05
  3.064890231055050E-01   1.865563793589423E-02   5.808826370766662E-02   1.000000000000000E+05
  3.136170315267900E-01   2.293331396396242E-02   7.140771160060413E-02   1.000000000000000E+05
  3.221682932606535E-01   2.695972763785454E-02   8.394480153859868E-02   1.000000000000000E+05
  3.320491188940718E-01   3.069076472677803E-02   9.556217454073447E-02   1.000000000000000E+05
  3.431512520337102E-01   3.408554720761715E-02   1.061325482373091E-01   1.000000000000000E+05
  3.553530553856197E-01   3.710688113310780E-02   1.155401114021094E-01   1.000000000000000E+05
  3.685208434388854E-01   3.972166413650755E-02   1.236817928044431E-01   1.000000000000000E+05
  3.825103471520588E-01   4.190124810805265E-02   1.304683904791098E-01   1.000000000000000E+05
  3.971682945949666E-01   4.362175306964355E-02   1.358255490417988E-01   1.000000000000000E+05
  4.123340902280517E-01   4.486432880888230E-02   1.396945743422399E-01   1.000000000000000E+05
  4.278415744207111E-01   4.561536140594405E-02   1.420330765295958E-01   1.000000000000000E+05
  4.435208439309801E-01   4.586662239053177E-02   1.428154344845389E-01   1.000000000000000E+05
  4.592001134010069E-01   4.561535889471856E-02   1.420330765295958E-01   1.000000000000000E+05
  4.747075974733793E-01   4.486432381394479E-02   1.396945743422399E-01   1.000000000000000E+05
  4.898733929074504E-01   4.362174564571963E-02   1.358255490417988E-01   1.000000000000000E+05
  5.045313400747984E-01   4.190123833648039E-02   1.304683904791099E-01   1.000000000000000E+05
  5.185208434388849E-01   3.972165212434631E-02   1.236817928044432E-01   1.000000000000000E+05
  5.316886310733611E-01   3.710686701196538E-02   1.155401114021095E-01   1.000000000000000E+05
  5.438904339413670E-01   3.408553113220771E-02   1.061325482373091E-01   1.000000000000000E+05
  5.549925665372895E-01   3.069074687322714E-02   9.556217454073464E-02   1.000000000000000E+05
  5.648733915731369E-01   2.695970820176937E-02   8.394480153859871E-02   1.000000000000000E+05
  5.734246526621211E-01   2.293329315828888E-02   7.140771160060431E-02   1.000000000000000E+05
  5.805526603982845E-01   1.865561598858357E-02   5.808826370766673E-02   1.000000000000000E+05
  5.861793188372382E-01   1.417354381888626E-02   4.413238851817497E-02   1.000000000000000E+05
  5.902429811316711E-01   9.536183169822033E-03   2.969298952115937E-02   1.000000000000000E+05
  5.926991249471096E-01   4.794341935092178E-03   1.492826779367012E-02   1.000000000000000E+05
  5.935208402579304E-01  -2.728044168857718E-08  -1.128333046094438E-08   1.000000000000000E+05
  5.926991241792332E-01  -4.794396364367702E-03  -1.492829036033052E-02   1.000000000000000E+05
  5.902429796043313E-01  -9.536237205716317E-03  -2.969301208782018E-02   1.000000000000000E+05
  5.861793165671687E-01  -1.417359720393558E-02  -4.413241108483568E-02   1.000000000000000E+05
  5.805526574103568E-01  -1.865566847245516E-02  -5.808828627432751E-02   1.000000000000000E+05
  5.734246489890714E-01  -2.293334450052334E-02  -7.140773416726508E-02   1.000000000000000E+05
  5.648733872552083E-01  -2.695975817441540E-02  -8.394482410525940E-02   1.000000000000000E+05
  5.549925616217897E-01  -3.069079526333898E-02  -9.556219710739543E-02   1.000000000000000E+05
  5.438904284821516E-01  -3.408557774417804E-02  -1.061325708039699E-01   1.000000000000000E+05
  5.316886251302420E-01  -3.710691166966869E-02  -1.155401339687703E-01   1.000000000000000E+05
  5.185208370769764E-01  -3.972169467306844E-02  -1.236818153711040E-01   1.000000000000000E+05
  5.045313333638028E-01  -4.190127864461356E-02  -1.304684130457706E-01   1.000000000000000E+05
  4.898733859208952E-01  -4.362178360620445E-02  -1.358255716084596E-01   1.000000000000000E+05
  4.747075902878100E-01  -4.486435934544319E-02  -1.396945969089007E-01   1.000000000000000E+05
  4.592001060951508E-01  -4.561539194250498E-02  -1.420330990962566E-01   1.000000000000000E+05
  4.435208365848810E-01  -4.586665292709266E-02  -1.428154570511997E-01   0.000000000000000E+00 1 CurveXYZFourier1 
  8.574991419396805E-02   2.627428649297830E-01  -1.358541895338121E-01   1.000000000000000E+05
  7.819114649348202E-02   2.490019730934407E-01  -1.351007767520433E-01   1.000000000000000E+05
  7.128323561894243E-02   2.350834945575438E-01  -1.328487929548356E-01   1.000000000000000E+05
  6.510186608746339E-02   2.211399230855595E-01  -1.291229113479291E-01   1.000000000000000E+05
  5.971476227716730E-02   2.073240273644161E-01  -1.239639534699000E-01   1.000000000000000E+05
  5.518094642472338E-02   1.937871772387958E-01  -1.174284419428413E-01   1.000000000000000E+05
  5.155009196537266E-02   1.806776852714428E-01  -1.095879811986871E-01   1.000000000000000E+05
  4.886197930037731E-02   1.681391817996892E-01  -1.005284729660724E-01   1.000000000000000E+05
  4.714605995461853E-02   1.563090412914220E-01  -9.034917511301760E-02   1.000000000000000E+05
  4.642113389952804E-02   1.453168772416661E-01  -7.916161415695576E-02   1.000000000000000E+05
  4.669514357666556E-02   1.352831221000082E-01  -6.708836335686920E-02   1.000000000000000E+05
  4.796508687866800E-02   1.263177077874788E-01  -5.426169977501365E-02   1.000000000000000E+05
  5.021705004096658E-02   1.185188612594203E-01  -4.082215502174414E-02   1.000000000000000E+05
  5.342636008390104E-02   1.119720283104065E-01  -2.691697556178284E-02   1.000000000000000E+05
  5.755785513504968E-02   1.067489374122407E-01  -1.269850945113897E-02   1.000000000000000E+05
  6.256626967006143E-02   1.029068138418043E-01   1.677462820073929E-03   1.000000000000000E+05
  6.839673045121253E-02   1.004877527089515E-01   1.605343509128675E-02   1.000000000000000E+05
  7.498535773008208E-02   9.951825775367516E-02   3.027190120193056E-02   1.000000000000000E+05
  8.225996512744424E-02   1.000089509655849E-01   4.417708066189196E-02   1.000000000000000E+05
  9.014085052234386E-02   1.019544562071666E-01   5.761662541516144E-02   1.000000000000000E+05
  9.854166928521314E-02   1.053334581158709E-01   7.044328899701685E-02   1.000000000000000E+05
  1.073703802877017E-01   1.101089356396839E-01   8.251653979710356E-02   1.000000000000000E+05
  1.165302543245399E-01   1.162285676475222E-01   9.370410075316525E-02   1.000000000000000E+05
  1.259209338989530E-01   1.236253061704926E-01   1.038833986062202E-01   1.000000000000000E+05
  1.354395327603980E-01   1.322181109934702E-01   1.129429068388349E-01   1.000000000000000E+05
  1.449817631478538E-01   1.419128375486540E-01   1.207833675829892E-01   1.000000000000000E+05
  1.544430783883554E-01   1.526032683831544E-01   1.273188791100479E-01   1.000000000000000E+05
  1.637198183322203E-01   1.641722768996315E-01   1.324778369880769E-01   1.000000000000000E+05
  1.727103450753412E-01   1.764931106198085E-01   1.362037185949834E-01   1.000000000000000E+05
  1.813161565253314E-01   1.894307799111463E-01   1.384557023921912E-01   1.000000000000000E+05
  1.894429656110632E-01   2.028435369615081E-01   1.392091151739600E-01   1.000000000000000E+05
  1.970017333115491E-01   2.165844287978506E-01   1.384557023921912E-01   1.000000000000000E+05
  2.039096441860890E-01   2.305029073337477E-01   1.362037185949834E-01   1.000000000000000E+05
  2.100910137175676E-01   2.444464788057315E-01   1.324778369880770E-01   1.000000000000000E+05
  2.154781175278639E-01   2.582623745268751E-01   1.273188791100479E-01   1.000000000000000E+05
  2.200119333803079E-01   2.717992246524955E-01   1.207833675829892E-01   1.000000000000000E+05
  2.236427878396585E-01   2.849087166198485E-01   1.129429068388351E-01   1.000000000000000E+05
  2.263309005046539E-01   2.974472200916022E-01   1.038833986062203E-01   1.000000000000000E+05
  2.280468198504126E-01   3.092773605998693E-01   9.370410075316543E-02   1.000000000000000E+05
  2.287717459055031E-01   3.202695246496254E-01   8.251653979710356E-02   1.000000000000000E+05
  2.284977362283657E-01   3.303032797912831E-01   7.044328899701700E-02   1.000000000000000E+05
  2.272277929263631E-01   3.392686941038123E-01   5.761662541516163E-02   1.000000000000000E+05
  2.249758297640647E-01   3.470675406318711E-01   4.417708066189203E-02   1.000000000000000E+05
  2.217665197211302E-01   3.536143735808847E-01   3.027190120193071E-02   1.000000000000000E+05
  2.176350246699817E-01   3.588374644790508E-01   1.605343509128706E-02   1.000000000000000E+05
  2.126266101349698E-01   3.626795880494871E-01   1.677462820073960E-03   1.000000000000000E+05
  2.067961493538188E-01   3.650986491823399E-01  -1.269850945113878E-02   1.000000000000000E+05
  2.002075220749492E-01   3.660681441376162E-01  -2.691697556178282E-02   1.000000000000000E+05
  1.929329146775871E-01   3.655774509257066E-01  -4.082215502174404E-02   1.000000000000000E+05
  1.850520292826874E-01   3.636319456841248E-01  -5.426169977501356E-02   1.000000000000000E+05
  1.766512105198182E-01   3.602529437754206E-01  -6.708836335686907E-02   1.000000000000000E+05
  1.678224995173296E-01   3.554774662516074E-01  -7.916161415695559E-02   1.000000000000000E+05
  1.586626254804914E-01   3.493578342437690E-01  -9.034917511301746E-02   1.000000000000000E+05
  1.492719459060783E-01   3.419610957207989E-01  -1.005284729660723E-01   1.000000000000000E+05
  1.397533470446334E-01   3.333682908978214E-01  -1.095879811986870E-01   1.000000000000000E+05
  1.302111166571775E-01   3.236735643426373E-01  -1.174284419428412E-01   1.000000000000000E+05
  1.207498014166760E-01   3.129831335081369E-01  -1.239639534698999E-01   1.000000000000000E+05
  1.114730614728108E-01   3.014141249916598E-01  -1.291229113479291E-01   1.000000000000000E+05
  1.024825347296902E-01   2.890932912714830E-01  -1.328487929548355E-01   1.000000000000000E+05
  9.387672327969993E-02   2.761556219801451E-01  -1.351007767520433E-01   1.000000000000000E+05
  8.574991419396805E-02   2.627428649297830E-01  -1.358541895338121E-01   0.000000000000000E+00 2 CurveXYZFourier2 
 -1.878245090125698E-01   4.242328567289306E-01  -1.434401338128809E-01   1.000000000000000E+05
 -1.802184964355164E-01   4.105197110763559E-01  -1.426572433884416E-01   1.000000000000000E+05
 -1.731284513311876E-01   3.967077622626897E-01  -1.403171496264446E-01   1.000000000000000E+05
 -1.666320537174334E-01   3.829483368894694E-01  -1.364454910838421E-01   1.000000000000000E+05
 -1.608004794859696E-01   3.693921861004302E-01  -1.310846864618237E-01   1.000000000000000E+05
 -1.556976205844108E-01   3.561878339204233E-01  -1.242934698576486E-01   1.000000000000000E+05
 -1.513793850027243E-01   3.434799499951209E-01  -1.161462472615857E-01   1.000000000000000E+05
 -1.478930842335925E-01   3.314077645601043E-01  -1.067322813493134E-01   1.000000000000000E+05
 -1.452769149177966E-01   3.201035430052672E-01  -9.615471350136544E-02   1.000000000000000E+05
 -1.435595403538298E-01   3.096911367475246E-01  -8.452943376458240E-02   1.000000000000000E+05
 -1.427597764567983E-01   3.002846262887721E-01  -7.198381113650665E-02   1.000000000000000E+05
 -1.428863856073193E-01   2.919870713260346E-01  -5.865529808399159E-02   1.000000000000000E+05
 -1.439379806490453E-01   2.848893816078600E-01  -4.468992458521157E-02   1.000000000000000E+05
 -1.459030400866382E-01   2.790693209080864E-01  -3.024069819466109E-02   1.000000000000000E+05
 -1.487600343176851E-01   2.745906550296672E-01  -1.546592766037027E-02   1.000000000000000E+05
 -1.524776615155262E-01   2.715024531731872E-01  -5.274884601323673E-04   1.000000000000000E+05
 -1.570151905786179E-01   2.698385503244337E-01   1.441095074010562E-02   1.000000000000000E+05
 -1.623229073890066E-01   2.696171765512120E-01   2.918572127439631E-02   1.000000000000000E+05
 -1.683426594906063E-01   2.708407572709066E-01   4.363494766494683E-02   1.000000000000000E+05
 -1.750084932196775E-01   2.734958866771018E-01   5.760032116372688E-02   1.000000000000000E+05
 -1.822473763069697E-01   2.775534746164027E-01   7.092883421624195E-02   1.000000000000000E+05
 -1.899799980345441E-01   2.829690653062397E-01   8.347445684431773E-02   1.000000000000000E+05
 -1.981216381805988E-01   2.896833244017315E-01   9.509973658110067E-02   1.000000000000000E+05
 -2.065830952319457E-01   2.976226890751776E-01   1.056773044290487E-01   1.000000000000000E+05
 -2.152716636944567E-01   3.067001739857980E-01   1.150912703413211E-01   1.000000000000000E+05
 -2.240921497938566E-01   3.168163243093253E-01   1.232384929373840E-01   1.000000000000000E+05
 -2.329479144386349E-01   3.278603053858740E-01   1.300297095415591E-01   1.000000000000000E+05
 -2.417419320181554E-01   3.397111170476684E-01   1.353905141635775E-01   1.000000000000000E+05
 -2.503778534355507E-01   3.522389193222006E-01   1.392621727061800E-01   1.000000000000000E+05
 -2.587610617285889E-01   3.653064549861386E-01   1.416022664681770E-01   1.000000000000000E+05
 -2.667997087129124E-01   3.787705533841915E-01   1.423851568926162E-01   1.000000000000000E+05
 -2.744057212899660E-01   3.924836990367659E-01   1.416022664681771E-01   1.000000000000000E+05
 -2.814957663942949E-01   4.062956478504327E-01   1.392621727061800E-01   1.000000000000000E+05
 -2.879921640080487E-01   4.200550732236524E-01   1.353905141635775E-01   1.000000000000000E+05
 -2.938237382395129E-01   4.336112240126918E-01   1.300297095415592E-01   1.000000000000000E+05
 -2.989265971410716E-01   4.468155761926987E-01   1.232384929373841E-01   1.000000000000000E+05
 -3.032448327227580E-01   4.595234601180014E-01   1.150912703413211E-01   1.000000000000000E+05
 -3.067311334918901E-01   4.715956455530177E-01   1.056773044290488E-01   1.000000000000000E+05
 -3.093473028076855E-01   4.828998671078548E-01   9.509973658110087E-02   1.000000000000000E+05
 -3.110646773716526E-01   4.933122733655978E-01   8.347445684431777E-02   1.000000000000000E+05
 -3.118644412686841E-01   5.027187838243501E-01   7.092883421624205E-02   1.000000000000000E+05
 -3.117378321181629E-01   5.110163387870872E-01   5.760032116372701E-02   1.000000000000000E+05
 -3.106862370764373E-01   5.181140285052622E-01   4.363494766494690E-02   1.000000000000000E+05
 -3.087211776388441E-01   5.239340892050356E-01   2.918572127439643E-02   1.000000000000000E+05
 -3.058641834077973E-01   5.284127550834550E-01   1.441095074010595E-02   1.000000000000000E+05
 -3.021465562099563E-01   5.315009569399348E-01  -5.274884601323301E-04   1.000000000000000E+05
 -2.976090271468644E-01   5.331648597886884E-01  -1.546592766037009E-02   1.000000000000000E+05
 -2.923013103364758E-01   5.333862335619103E-01  -3.024069819466110E-02   1.000000000000000E+05
 -2.862815582348762E-01   5.321626528422155E-01  -4.468992458521138E-02   1.000000000000000E+05
 -2.796157245058047E-01   5.295075234360201E-01  -5.865529808399158E-02   1.000000000000000E+05
 -2.723768414185128E-01   5.254499354967197E-01  -7.198381113650659E-02   1.000000000000000E+05
 -2.646442196909383E-01   5.200343448068822E-01  -8.452943376458232E-02   1.000000000000000E+05
 -2.565025795448835E-01   5.133200857113905E-01  -9.615471350136530E-02   1.000000000000000E+05
 -2.480411224935366E-01   5.053807210379443E-01  -1.067322813493134E-01   1.000000000000000E+05
 -2.393525540310259E-01   4.963032361273244E-01  -1.161462472615857E-01   1.000000000000000E+05
 -2.305320679316258E-01   4.861870858037975E-01  -1.242934698576487E-01   1.000000000000000E+05
 -2.216763032868475E-01   4.751431047272486E-01  -1.310846864618237E-01   1.000000000000000E+05
 -2.128822857073270E-01   4.632922930654534E-01  -1.364454910838421E-01   1.000000000000000E+05
 -2.042463642899316E-01   4.507644907909217E-01  -1.403171496264446E-01   1.000000000000000E+05
 -1.958631559968935E-01   4.376969551269834E-01  -1.426572433884417E-01   1.000000000000000E+05
 -1.878245090125698E-01   4.242328567289306E-01  -1.434401338128809E-01   0.000000000000000E+00 3 CurveXYZFourier3 
 -2.774780603194373E-01  -5.984052046798501E-02  -1.375467698902856E-01   1.000000000000000E+05
 -2.617987908392313E-01  -5.951270762046921E-02  -1.367932742155922E-01   1.000000000000000E+05
 -2.462913067364326E-01  -5.853286161512468E-02  -1.345410426478027E-01   1.000000000000000E+05
 -2.311255112520203E-01  -5.691171784983182E-02  -1.308147511072840E-01   1.000000000000000E+05
 -2.164675640149691E-01  -5.466703791492939E-02  -1.256552256239303E-01   1.000000000000000E+05
 -2.024780605625813E-01  -5.182341499351367E-02  -1.191189950386374E-01   1.000000000000000E+05
 -1.893102728221719E-01  -4.841200441337796E-02  -1.112776716614921E-01   1.000000000000000E+05
 -1.771084698317623E-01  -4.447018230272184E-02  -1.022171666723168E-01   1.000000000000000E+05
 -1.660063370983066E-01  -4.004113608946897E-02  -9.203674885980508E-02   1.000000000000000E+05
 -1.561255119113033E-01  -3.517339133076924E-02  -8.084795701190083E-02   1.000000000000000E+05
 -1.475742506591965E-01  -2.992028005684001E-02  -6.877337787349451E-02   1.000000000000000E+05
 -1.404462427497312E-01  -2.433935645408269E-02  -5.594530306039461E-02   1.000000000000000E+05
 -1.348195841291950E-01  -1.849176628937250E-02  -4.250427964470090E-02   1.000000000000000E+05
 -1.307559216468879E-01  -1.244157698424077E-02  -2.859757029167056E-02   1.000000000000000E+05
 -1.282997776393431E-01  -6.255075678798154E-03  -1.437753981914148E-02   1.000000000000000E+05
 -1.274780621342875E-01  -4.297595562657113E-08   1.414329675655178E-08   1.000000000000000E+05
 -1.282997780187500E-01   6.254989677044634E-03   1.437756810573492E-02   1.000000000000000E+05
 -1.307559224015452E-01   1.244149083350669E-02   2.859759857826392E-02   1.000000000000000E+05
 -1.348195852508340E-01   1.849167989215178E-02   4.250430793129436E-02   1.000000000000000E+05
 -1.404462442260634E-01   2.433926971556984E-02   5.594533134698804E-02   1.000000000000000E+05
 -1.475742524740466E-01   2.992019288596875E-02   6.877340616008787E-02   1.000000000000000E+05
 -1.561255140447871E-01   3.517330364121032E-02   8.084798529849432E-02   1.000000000000000E+05
 -1.660063395270499E-01   4.004104780057596E-02   9.203677714639855E-02   1.000000000000000E+05
 -1.771084725291551E-01   4.447009334041484E-02   1.022171949589101E-01   1.000000000000000E+05
 -1.893102757586609E-01   4.841191471095508E-02   1.112776999480855E-01   1.000000000000000E+05
 -2.024780637059938E-01   5.182332449238184E-02   1.191190233252309E-01   1.000000000000000E+05
 -2.164675673308654E-01   5.466694656524643E-02   1.256552539105238E-01   1.000000000000000E+05
 -2.311255147040702E-01   5.691162561105237E-02   1.308147793938775E-01   1.000000000000000E+05
 -2.462913102868149E-01   5.853276845644455E-02   1.345410709343963E-01   1.000000000000000E+05
 -2.617987944490474E-01   5.951261352116288E-02   1.367933025021857E-01   1.000000000000000E+05
 -2.774780639491373E-01   5.984042541763255E-02   1.375467981768791E-01   1.000000000000000E+05
 -2.931573334293434E-01   5.951261257011681E-02   1.367933025021857E-01   1.000000000000000E+05
 -3.086648175321425E-01   5.853276656477229E-02   1.345410709343962E-01   1.000000000000000E+05
 -3.238306130165544E-01   5.691162279947943E-02   1.308147793938775E-01   1.000000000000000E+05
 -3.384885602536053E-01   5.466694286457704E-02   1.256552539105238E-01   1.000000000000000E+05
 -3.524780637059935E-01   5.182331994316127E-02   1.191190233252309E-01   1.000000000000000E+05
 -3.656458514464027E-01   4.841190936302554E-02   1.112776999480856E-01   1.000000000000000E+05
 -3.778476544368125E-01   4.447008725236944E-02   1.022171949589102E-01   1.000000000000000E+05
 -3.889497871702681E-01   4.004104103911656E-02   9.203677714639870E-02   1.000000000000000E+05
 -3.988306123572714E-01   3.517329628041683E-02   8.084798529849430E-02   1.000000000000000E+05
 -4.073818736093780E-01   2.992018500648762E-02   6.877340616008801E-02   1.000000000000000E+05
 -4.145098815188434E-01   2.433926140373032E-02   5.594533134698812E-02   1.000000000000000E+05
 -4.201365401393798E-01   1.849167123902008E-02   4.250430793129446E-02   1.000000000000000E+05
 -4.242002026216867E-01   1.244148193388838E-02   2.859759857826413E-02   1.000000000000000E+05
 -4.266563466292318E-01   6.254980628445841E-03   1.437756810573519E-02   1.000000000000000E+05
 -4.274780621342873E-01  -5.207439677958041E-08   1.414329673823296E-08   1.000000000000000E+05
 -4.266563462498248E-01  -6.255084727396984E-03  -1.437753981914130E-02   1.000000000000000E+05
 -4.242002018670297E-01  -1.244158588385915E-02  -2.859757029167055E-02   1.000000000000000E+05
 -4.201365390177407E-01  -1.849177494250415E-02  -4.250427964470079E-02   1.000000000000000E+05
 -4.145098800425115E-01  -2.433936476592227E-02  -5.594530306039455E-02   1.000000000000000E+05
 -4.073818717945281E-01  -2.992028793632116E-02  -6.877337787349440E-02   1.000000000000000E+05
 -3.988306102237874E-01  -3.517339869156270E-02  -8.084795701190074E-02   1.000000000000000E+05
 -3.889497847415249E-01  -4.004114285092839E-02  -9.203674885980516E-02   1.000000000000000E+05
 -3.778476517394198E-01  -4.447018839076725E-02  -1.022171666723166E-01   1.000000000000000E+05
 -3.656458485099138E-01  -4.841200976130747E-02  -1.112776716614920E-01   1.000000000000000E+05
 -3.524780605625814E-01  -5.182341954273421E-02  -1.191189950386374E-01   1.000000000000000E+05
 -3.384885569377095E-01  -5.466704161559881E-02  -1.256552256239303E-01   1.000000000000000E+05
 -3.238306095645046E-01  -5.691172066140473E-02  -1.308147511072840E-01   1.000000000000000E+05
 -3.086648139817601E-01  -5.853286350679696E-02  -1.345410426478028E-01   1.000000000000000E+05
 -2.931573298195275E-01  -5.951270857151530E-02  -1.367932742155922E-01   1.000000000000000E+05
 -2.774780603194373E-01  -5.984052046798501E-02  -1.375467698902856E-01   0.000000000000000E+00 4 CurveXYZFourier4 
 -2.667994436305295E-01  -3.787701721604218E-01  -1.423851949894700E-01   1.000000000000000E+05
 -2.587607976062819E-01  -3.653060731891564E-01  -1.416023045651355E-01   1.000000000000000E+05
 -2.503775902444673E-01  -3.522385369277553E-01  -1.392622108034516E-01   1.000000000000000E+05
 -2.417416697192404E-01  -3.397107340380549E-01  -1.353905522613672E-01   1.000000000000000E+05
 -2.329476529830585E-01  -3.278599217501276E-01  -1.300297476400662E-01   1.000000000000000E+05
 -2.240918891235497E-01  -3.168159400433414E-01  -1.232385310367999E-01   1.000000000000000E+05
 -2.152714037427461E-01  -3.066997890923769E-01  -1.150913084418271E-01   1.000000000000000E+05
 -2.065828359242851E-01  -2.976223035639941E-01  -1.056773425308146E-01   1.000000000000000E+05
 -1.981213794353854E-01  -2.896829382892282E-01  -9.509977468428205E-02   1.000000000000000E+05
 -1.899797397640134E-01  -2.829686786154484E-01  -8.347449494905471E-02   1.000000000000000E+05
 -1.822471184181558E-01  -2.775530873766889E-01  -7.092887232265772E-02   1.000000000000000E+05
 -1.750082356154329E-01  -2.734954989238479E-01  -5.760035927192627E-02   1.000000000000000E+05
 -1.683424020706654E-01  -2.708403690451198E-01  -4.363498577501496E-02   1.000000000000000E+05
 -1.623226500510846E-01  -2.696167878990769E-01  -2.918575938639802E-02   1.000000000000000E+05
 -1.570149332195314E-01  -2.698381612968065E-01  -1.441098885408438E-02   1.000000000000000E+05
 -1.524774040323235E-01  -2.715020638250373E-01   5.274503441546150E-04   1.000000000000000E+05
 -1.487597766087750E-01  -2.745902654194763E-01   1.546588954239352E-02   1.000000000000000E+05
 -1.459027820529016E-01  -2.790689310972073E-01   3.024066007470719E-02   1.000000000000000E+05
 -1.439377221949218E-01  -2.848889916598435E-01   4.468988646332411E-02   1.000000000000000E+05
 -1.428861266418555E-01  -2.919866813059352E-01   5.865525996023545E-02   1.000000000000000E+05
 -1.427595168946421E-01  -3.002842362624322E-01   7.198377301096678E-02   1.000000000000000E+05
 -1.435592801161668E-01  -3.096907467808570E-01   8.452939563736390E-02   1.000000000000000E+05
 -1.452766539332142E-01  -3.201031531635302E-01   9.615467537259119E-02   1.000000000000000E+05
 -1.478928224388601E-01  -3.314073749071867E-01   1.067322432191238E-01   1.000000000000000E+05
 -1.513791223434888E-01  -3.434795605928439E-01   1.161462091301364E-01   1.000000000000000E+05
 -1.556973570157899E-01  -3.561874448278613E-01   1.242934317251091E-01   1.000000000000000E+05
 -1.608002149730448E-01  -3.693917973732646E-01   1.310846483283754E-01   1.000000000000000E+05
 -1.666317882356322E-01  -3.829479485793780E-01   1.364454529496764E-01   1.000000000000000E+05
 -1.731281848665523E-01  -3.967073744167807E-01   1.403171114917608E-01   1.000000000000000E+05
 -1.802182289848581E-01  -4.105193237366524E-01   1.426572052534448E-01   1.000000000000000E+05
 -1.878242405835020E-01  -4.242324699319085E-01   1.434400956777791E-01   1.000000000000000E+05
 -1.958628866077498E-01  -4.376965689031740E-01   1.426572052534447E-01   1.000000000000000E+05
 -2.042460939695647E-01  -4.507641051645758E-01   1.403171114917608E-01   1.000000000000000E+05
 -2.128820144947913E-01  -4.632919080542754E-01   1.364454529496765E-01   1.000000000000000E+05
 -2.216760312309731E-01  -4.751427203422029E-01   1.310846483283754E-01   1.000000000000000E+05
 -2.305317950904823E-01  -4.861867020489893E-01   1.242934317251091E-01   1.000000000000000E+05
 -2.393522804712857E-01  -4.963028529999537E-01   1.161462091301365E-01   1.000000000000000E+05
 -2.480408482897469E-01  -5.053803385283366E-01   1.067322432191238E-01   1.000000000000000E+05
 -2.565023047786462E-01  -5.133197038031025E-01   9.615467537259130E-02   1.000000000000000E+05
 -2.646439444500185E-01  -5.200339634768826E-01   8.452939563736389E-02   1.000000000000000E+05
 -2.723765657958760E-01  -5.254495547156416E-01   7.198377301096698E-02   1.000000000000000E+05
 -2.796154485985988E-01  -5.295071431684822E-01   5.865525996023555E-02   1.000000000000000E+05
 -2.862812821433664E-01  -5.321622730472108E-01   4.468988646332420E-02   1.000000000000000E+05
 -2.923010341629472E-01  -5.333858541932540E-01   3.024066007470739E-02   1.000000000000000E+05
 -2.976087509945003E-01  -5.331644807955244E-01   1.546588954239383E-02   1.000000000000000E+05
 -3.021462801817082E-01  -5.315005782672934E-01   5.274503441546015E-04   1.000000000000000E+05
 -3.058639076052569E-01  -5.284123766728545E-01  -1.441098885408416E-02   1.000000000000000E+05
 -3.087209021611305E-01  -5.239337109951238E-01  -2.918575938639803E-02   1.000000000000000E+05
 -3.106859620191100E-01  -5.181136504324871E-01  -4.363498577501487E-02   1.000000000000000E+05
 -3.117375575721764E-01  -5.110159607863954E-01  -5.760035927192625E-02   1.000000000000000E+05
 -3.118641673193898E-01  -5.027184058298982E-01  -7.092887232265763E-02   1.000000000000000E+05
 -3.110644040978648E-01  -4.933118953114736E-01  -8.347449494905461E-02   1.000000000000000E+05
 -3.093470302808177E-01  -4.828994889288009E-01  -9.509977468428203E-02   1.000000000000000E+05
 -3.067308617751717E-01  -4.715952671851440E-01  -1.056773425308145E-01   1.000000000000000E+05
 -3.032445618705431E-01  -4.595230814994871E-01  -1.150913084418272E-01   1.000000000000000E+05
 -2.989263271982421E-01  -4.468151972644697E-01  -1.232385310367999E-01   1.000000000000000E+05
 -2.938234692409870E-01  -4.336108447190662E-01  -1.300297476400661E-01   1.000000000000000E+05
 -2.879918959783995E-01  -4.200546935129526E-01  -1.353905522613671E-01   1.000000000000000E+05
 -2.814954993474797E-01  -4.062952676755502E-01  -1.392622108034516E-01   1.000000000000000E+05
 -2.744054552291739E-01  -3.924833183556786E-01  -1.416023045651356E-01   1.000000000000000E+05
 -2.667994436305295E-01  -3.787701721604218E-01  -1.423851949894700E-01   0.000000000000000E+00 5 CurveXYZFourier5 
  1.894429337600390E-01  -2.028435855936703E-01  -1.392092059741773E-01   1.000000000000000E+05
  1.813161225174023E-01  -1.894308298505590E-01  -1.384557931856653E-01   1.000000000000000E+05
  1.727103090140579E-01  -1.764931619285693E-01  -1.362038093683021E-01   1.000000000000000E+05
  1.637197803436304E-01  -1.641723296248344E-01  -1.324779277280487E-01   1.000000000000000E+05
  1.544430386196224E-01  -1.526033225563756E-01  -1.273189698038466E-01   1.000000000000000E+05
  1.449817217656449E-01  -1.419128931856040E-01  -1.207834582182945E-01   1.000000000000000E+05
  1.354394899490579E-01  -1.322181680938223E-01  -1.129429974039676E-01   1.000000000000000E+05
  1.259208898584846E-01  -1.236253647178879E-01  -1.038834890902695E-01   1.000000000000000E+05
  1.165302092684121E-01  -1.162286276097470E-01  -9.370419114610899E-02   1.000000000000000E+05
  1.073703344405116E-01  -1.101089969690235E-01  -8.251663008991761E-02   1.000000000000000E+05
  9.854162288022468E-02  -1.053335207496317E-01  -7.044337918177450E-02   1.000000000000000E+05
  9.014080379893233E-02  -1.019545200683640E-01  -5.761671548511930E-02   1.000000000000000E+05
  8.225991832847399E-02  -1.000090159637864E-01  -4.417717061156472E-02   1.000000000000000E+05
  7.498531109924499E-02  -9.951832378599072E-02  -3.027199102715092E-02   1.000000000000000E+05
  6.839668423035825E-02  -1.004878196611614E-01  -1.605352478925063E-02   1.000000000000000E+05
  6.256622409654791E-02  -1.029068815896095E-01  -1.677552389371601E-03   1.000000000000000E+05
  5.755781043914274E-02  -1.067490058226261E-01   1.269842001050735E-02   1.000000000000000E+05
  5.342631648625078E-02  -1.119720972430978E-01   2.691688624840761E-02   1.000000000000000E+05
  5.021700775019067E-02  -1.185189305684202E-01   4.082206583282143E-02   1.000000000000000E+05
  4.796504608906587E-02  -1.263177773226675E-01   5.426161070637599E-02   1.000000000000000E+05
  4.669510446608872E-02  -1.352831917087871E-01   6.708827440303120E-02   1.000000000000000E+05
  4.642109662743311E-02  -1.453169467706308E-01   7.916152531117442E-02   1.000000000000000E+05
  4.714602466031915E-02  -1.563091105880431E-01   9.034908636736577E-02   1.000000000000000E+05
  4.886194610151754E-02  -1.681392507139818E-01   1.005283843115261E-01   1.000000000000000E+05
  5.155006095663874E-02  -1.806777536576114E-01   1.095878926252243E-01   1.000000000000000E+05
  5.518091767680614E-02  -1.937872449568314E-01   1.174283534395512E-01   1.000000000000000E+05
  5.971473583598774E-02  -2.073240942816297E-01   1.239638650251034E-01   1.000000000000000E+05
  6.510184197366925E-02  -2.211399890780358E-01   1.291228229493055E-01   1.000000000000000E+05
  7.128321382768170E-02  -2.350835595114990E-01   1.328487045895589E-01   1.000000000000000E+05
  7.819112699445728E-02  -2.490020369064697E-01   1.351006884069221E-01   1.000000000000000E+05
  8.574989693176700E-02  -2.627429275119811E-01   1.358541011954340E-01   1.000000000000000E+05
  9.387670817440373E-02  -2.761556832550924E-01   1.351006884069220E-01   1.000000000000000E+05
  1.024825216777481E-01  -2.890933511770825E-01   1.328487045895590E-01   1.000000000000000E+05
  1.114730503481755E-01  -3.014141834808168E-01   1.291228229493056E-01   1.000000000000000E+05
  1.207497920721836E-01  -3.129831905492759E-01   1.239638650251033E-01   1.000000000000000E+05
  1.302111089261611E-01  -3.236736199200475E-01   1.174283534395512E-01   1.000000000000000E+05
  1.397533407427480E-01  -3.333683450118292E-01   1.095878926252244E-01   1.000000000000000E+05
  1.492719408333215E-01  -3.419611483877638E-01   1.005283843115262E-01   1.000000000000000E+05
  1.586626214233939E-01  -3.493578854959045E-01   9.034908636736591E-02   1.000000000000000E+05
  1.678224962512944E-01  -3.554775161366280E-01   7.916152531117446E-02   1.000000000000000E+05
  1.766512078115813E-01  -3.602529923560198E-01   6.708827440303132E-02   1.000000000000000E+05
  1.850520268928737E-01  -3.636319930372873E-01   5.426161070637611E-02   1.000000000000000E+05
  1.929329123633321E-01  -3.655774971418652E-01   4.082206583282157E-02   1.000000000000000E+05
  2.002075195925611E-01  -3.660681893196608E-01   2.691688624840771E-02   1.000000000000000E+05
  2.067961464614478E-01  -3.650986934444902E-01   1.269842001050767E-02   1.000000000000000E+05
  2.126266065952581E-01  -3.626796315160419E-01  -1.677552389371593E-03   1.000000000000000E+05
  2.176350202526633E-01  -3.588375072830255E-01  -1.605352478925048E-02   1.000000000000000E+05
  2.217665142055553E-01  -3.536144158625537E-01  -3.027199102715092E-02   1.000000000000000E+05
  2.249758229416152E-01  -3.470675825372314E-01  -4.417717061156465E-02   1.000000000000000E+05
  2.272277846027402E-01  -3.392687357829840E-01  -5.761671548511925E-02   1.000000000000000E+05
  2.284977262257173E-01  -3.303033213968644E-01  -7.044337918177440E-02   1.000000000000000E+05
  2.287717340643729E-01  -3.202695663350206E-01  -8.251663008991762E-02   1.000000000000000E+05
  2.280468060314870E-01  -3.092774025176084E-01  -9.370419114610901E-02   1.000000000000000E+05
  2.263308845902886E-01  -2.974472623916698E-01  -1.038834890902694E-01   1.000000000000000E+05
  2.236427697351673E-01  -2.849087594480400E-01  -1.129429974039675E-01   1.000000000000000E+05
  2.200119130150000E-01  -2.717992681488203E-01  -1.207834582182945E-01   1.000000000000000E+05
  2.154780948558183E-01  -2.582624188240220E-01  -1.273189698038465E-01   1.000000000000000E+05
  2.100909887181369E-01  -2.444465240276157E-01  -1.324779277280487E-01   1.000000000000000E+05
  2.039096168641244E-01  -2.305029535941527E-01  -1.362038093683022E-01   1.000000000000000E+05
  1.970017036973489E-01  -2.165844761991818E-01  -1.384557931856653E-01   1.000000000000000E+05
  1.894429337600390E-01  -2.028435855936703E-01  -1.392092059741773E-01   0.000000000000000E+00 6 CurveXYZFourier6 
  4.435208365848810E-01   4.586665292709266E-02   1.428154570511997E-01  -1.000000000000000E+05
  4.278415671148547E-01   4.561538943127944E-02   1.420330990962566E-01  -1.000000000000000E+05
  4.123340830424827E-01   4.486435435050570E-02   1.396945969089007E-01  -1.000000000000000E+05
  3.971682876084108E-01   4.362177618228053E-02   1.358255716084596E-01  -1.000000000000000E+05
  3.825103404410632E-01   4.190126887304129E-02   1.304684130457707E-01  -1.000000000000000E+05
  3.685208370769769E-01   3.972168266090723E-02   1.236818153711040E-01  -1.000000000000000E+05
  3.553530494425003E-01   3.710689754852627E-02   1.155401339687704E-01  -1.000000000000000E+05
  3.431512465744945E-01   3.408556166876861E-02   1.061325708039700E-01  -1.000000000000000E+05
  3.320491139785720E-01   3.069077740978806E-02   9.556219710739541E-02  -1.000000000000000E+05
  3.221682889427248E-01   2.695973873833029E-02   8.394482410525954E-02  -1.000000000000000E+05
  3.136170278537406E-01   2.293332369484979E-02   7.140773416726511E-02  -1.000000000000000E+05
  3.064890201175772E-01   1.865564652514447E-02   5.808828627432758E-02  -1.000000000000000E+05
  3.008623616786232E-01   1.417357435544717E-02   4.413241108483577E-02  -1.000000000000000E+05
  2.967986993841904E-01   9.536213706382926E-03   2.969301208782015E-02  -1.000000000000000E+05
  2.943425555687520E-01   4.794372471653029E-03   1.492829036033077E-02  -1.000000000000000E+05
  2.935208402579312E-01   3.256119220460063E-09   1.128333040532392E-08  -1.000000000000000E+05
  2.943425563366284E-01  -4.794365827806824E-03  -1.492826779366987E-02  -1.000000000000000E+05
  2.967987009115304E-01  -9.536206669155377E-03  -2.969298952115921E-02  -1.000000000000000E+05
  3.008623639486929E-01  -1.417356666737469E-02  -4.413238851817485E-02  -1.000000000000000E+05
  3.064890231055050E-01  -1.865563793589423E-02  -5.808826370766662E-02  -1.000000000000000E+05
  3.136170315267900E-01  -2.293331396396242E-02  -7.140771160060413E-02  -1.000000000000000E+05
  3.221682932606535E-01  -2.695972763785454E-02  -8.394480153859868E-02  -1.000000000000000E+05
  3.320491188940718E-01  -3.069076472677803E-02  -9.556217454073447E-02  -1.000000000000000E+05
  3.431512520337102E-01  -3.408554720761715E-02  -1.061325482373091E-01  -1.000000000000000E+05
  3.553530553856197E-01  -3.710688113310780E-02  -1.155401114021094E-01  -1.000000000000000E+05
  3.685208434388854E-01  -3.972166413650755E-02  -1.236817928044431E-01  -1.000000000000000E+05
  3.825103471520588E-01  -4.190124810805265E-02  -1.304683904791098E-01  -1.000000000000000E+05
  3.971682945949666E-01  -4.362175306964355E-02  -1.358255490417988E-01  -1.000000000000000E+05
  4.123340902280517E-01  -4.486432880888230E-02  -1.396945743422399E-01  -1.000000000000000E+05
  4.278415744207111E-01  -4.561536140594405E-02  -1.420330765295958E-01  -1.000000000000000E+05
  4.435208439309801E-01  -4.586662239053177E-02  -1.428154344845389E-01  -1.000000000000000E+05
  4.592001134010069E-01  -4.561535889471856E-02  -1.420330765295958E-01  -1.000000000000000E+05
  4.747075974733793E-01  -4.486432381394479E-02  -1.396945743422399E-01  -1.000000000000000E+05
  4.898733929074504E-01  -4.362174564571963E-02  -1.358255490417988E-01  -1.000000000000000E+05
  5.045313400747984E-01  -4.190123833648039E-02  -1.304683904791099E-01  -1.000000000000000E+05
  5.185208434388849E-01  -3.972165212434631E-02  -1.236817928044432E-01  -1.000000000000000E+05
  5.316886310733611E-01  -3.710686701196538E-02  -1.155401114021095E-01  -1.000000000000000E+05
  5.438904339413670E-01  -3.408553113220771E-02  -1.061325482373091E-01  -1.000000000000000E+05
  5.549925665372895E-01  -3.069074687322714E-02  -9.556217454073464E-02  -1.000000000000000E+05
  5.648733915731369E-01  -2.695970820176937E-02  -8.394480153859871E-02  -1.000000000000000E+05
  5.734246526621211E-01  -2.293329315828888E-02  -7.140771160060431E-02  -1.000000000000000E+05
  5.805526603982845E-01  -1.865561598858357E-02  -5.808826370766673E-02  -1.000000000000000E+05
  5.861793188372382E-01  -1.417354381888626E-02  -4.413238851817497E-02  -1.000000000000000E+05
  5.902429811316711E-01  -9.536183169822033E-03  -2.969298952115937E-02  -1.000000000000000E+05
  5.926991249471096E-01  -4.794341935092178E-03  -1.492826779367012E-02  -1.000000000000000E+05
  5.935208402579304E-01   2.728044168857718E-08   1.128333046094438E-08  -1.000000000000000E+05
  5.926991241792332E-01   4.794396364367702E-03   1.492829036033052E-02  -1.000000000000000E+05
  5.902429796043313E-01   9.536237205716317E-03   2.969301208782018E-02  -1.000000000000000E+05
  5.861793165671687E-01   1.417359720393558E-02   4.413241108483568E-02  -1.000000000000000E+05
  5.805526574103568E-01   1.865566847245516E-02   5.808828627432751E-02  -1.000000000000000E+05
  5.734246489890714E-01   2.293334450052334E-02   7.140773416726508E-02  -1.000000000000000E+05
  5.648733872552083E-01   2.695975817441540E-02   8.394482410525940E-02  -1.000000000000000E+05
  5.549925616217897E-01   3.069079526333898E-02   9.556219710739543E-02  -1.000000000000000E+05
  5.438904284821516E-01   3.408557774417804E-02   1.061325708039699E-01  -1.000000000000000E+05
  5.316886251302420E-01   3.710691166966869E-02   1.155401339687703E-01  -1.000000000000000E+05
  5.185208370769764E-01   3.972169467306844E-02   1.236818153711040E-01  -1.000000000000000E+05
  5.045313333638028E-01   4.190127864461356E-02   1.304684130457706E-01  -1.000000000000000E+05
  4.898733859208952E-01   4.362178360620445E-02   1.358255716084596E-01  -1.000000000000000E+05
  4.747075902878100E-01   4.486435934544319E-02   1.396945969089007E-01  -1.000000000000000E+05
  4.592001060951508E-01   4.561539194250498E-02   1.420330990962566E-01  -1.000000000000000E+05
  4.435208365848810E-01   4.586665292709266E-02   1.428154570511997E-01   0.000000000000000E+00 7 RotatedCurve1 
  8.574991419396805E-02  -2.627428649297830E-01   1.358541895338121E-01  -1.000000000000000E+05
  7.819114649348202E-02  -2.490019730934407E-01   1.351007767520433E-01  -1.000000000000000E+05
  7.128323561894243E-02  -2.350834945575438E-01   1.328487929548356E-01  -1.000000000000000E+05
  6.510186608746339E-02  -2.211399230855595E-01   1.291229113479291E-01  -1.000000000000000E+05
  5.971476227716730E-02  -2.073240273644161E-01   1.239639534699000E-01  -1.000000000000000E+05
  5.518094642472338E-02  -1.937871772387958E-01   1.174284419428413E-01  -1.000000000000000E+05
  5.155009196537266E-02  -1.806776852714428E-01   1.095879811986871E-01  -1.000000000000000E+05
  4.886197930037731E-02  -1.681391817996892E-01   1.005284729660724E-01  -1.000000000000000E+05
  4.714605995461853E-02  -1.563090412914220E-01   9.034917511301760E-02  -1.000000000000000E+05
  4.642113389952804E-02  -1.453168772416661E-01   7.916161415695576E-02  -1.000000000000000E+05
  4.669514357666556E-02  -1.352831221000082E-01   6.708836335686920E-02  -1.000000000000000E+05
  4.796508687866800E-02  -1.263177077874788E-01   5.426169977501365E-02  -1.000000000000000E+05
  5.021705004096658E-02  -1.185188612594203E-01   4.082215502174414E-02  -1.000000000000000E+05
  5.342636008390104E-02  -1.119720283104065E-01   2.691697556178284E-02  -1.000000000000000E+05
  5.755785513504968E-02  -1.067489374122407E-01   1.269850945113897E-02  -1.000000000000000E+05
  6.256626967006143E-02  -1.029068138418043E-01  -1.677462820073929E-03  -1.000000000000000E+05
  6.839673045121253E-02  -1.004877527089515E-01  -1.605343509128675E-02  -1.000000000000000E+05
  7.498535773008208E-02  -9.951825775367516E-02  -3.027190120193056E-02  -1.000000000000000E+05
  8.225996512744424E-02  -1.000089509655849E-01  -4.417708066189196E-02  -1.000000000000000E+05
  9.014085052234386E-02  -1.019544562071666E-01  -5.761662541516144E-02  -1.000000000000000E+05
  9.854166928521314E-02  -1.053334581158709E-01  -7.044328899701685E-02  -1.000000000000000E+05
  1.073703802877017E-01  -1.101089356396839E-01  -8.251653979710356E-02  -1.000000000000000E+05
  1.165302543245399E-01  -1.162285676475222E-01  -9.370410075316525E-02  -1.000000000000000E+05
  1.259209338989530E-01  -1.236253061704926E-01  -1.038833986062202E-01  -1.000000000000000E+05
  1.354395327603980E-01  -1.322181109934702E-01  -1.129429068388349E-01  -1.000000000000000E+05
  1.449817631478538E-01  -1.419128375486540E-01  -1.207833675829892E-01  -1.000000000000000E+05
  1.544430783883554E-01  -1.526032683831544E-01  -1.273188791100479E-01  -1.000000000000000E+05
  1.637198183322203E-01  -1.641722768996315E-01  -1.324778369880769E-01  -1.000000000000000E+05
  1.727103450753412E-01  -1.764931106198085E-01  -1.362037185949834E-01  -1.000000000000000E+05
  1.813161565253314E-01  -1.894307799111463E-01  -1.384557023921912E-01  -1.000000000000000E+05
  1.894429656110632E-01  -2.028435369615081E-01  -1.392091151739600E-01  -1.000000000000000E+05
  1.970017333115491E-01  -2.165844287978506E-01  -1.384557023921912E-01  -1.000000000000000E+05
  2.039096441860890E-01  -2.305029073337477E-01  -1.362037185949834E-01  -1.000000000000000E+05
  2.100910137175676E-01  -2.444464788057315E-01  -1.324778369880770E-01  -1.000000000000000E+05
  2.154781175278639E-01  -2.582623745268751E-01  -1.273188791100479E-01  -1.000000000000000E+05
  2.200119333803079E-01  -2.717992246524955E-01  -1.207833675829892E-01  -1.000000000000000E+05
  2.236427878396585E-01  -2.849087166198485E-01  -1.129429068388351E-01  -1.000000000000000E+05
  2.263309005046539E-01  -2.974472200916022E-01  -1.038833986062203E-01  -1.000000000000000E+05
  2.280468198504126E-01  -3.092773605998693E-01  -9.370410075316543E-02  -1.000000000000000E+05
  2.287717459055031E-01  -3.202695246496254E-01  -8.251653979710356E-02  -1.000000000000000E+05
  2.284977362283657E-01  -3.303032797912831E-01  -7.044328899701700E-02  -1.000000000000000E+05
  2.272277929263631E-01  -3.392686941038123E-01  -5.761662541516163E-02  -1.000000000000000E+05
  2.249758297640647E-01  -3.470675406318711E-01  -4.417708066189203E-02  -1.000000000000000E+05
  2.217665197211302E-01  -3.536143735808847E-01  -3.027190120193071E-02  -1.000000000000000E+05
  2.176350246699817E-01  -3.588374644790508E-01  -1.605343509128706E-02  -1.000000000000000E+05
  2.126266101349698E-01  -3.626795880494871E-01  -1.677462820073960E-03  -1.000000000000000E+05
  2.067961493538188E-01  -3.650986491823399E-01   1.269850945113878E-02  -1.000000000000000E+05
  2.002075220749492E-01  -3.660681441376162E-01   2.691697556178282E-02  -1.000000000000000E+05
  1.929329146775871E-01  -3.655774509257066E-01   4.082215502174404E-02  -1.000000000000000E+05
  1.850520292826874E-01  -3.636319456841248E-01   5.426169977501356E-02  -1.000000000000000E+05
  1.766512105198182E-01  -3.602529437754206E-01   6.708836335686907E-02  -1.000000000000000E+05
  1.678224995173296E-01  -3.554774662516074E-01   7.916161415695559E-02  -1.000000000000000E+05
  1.586626254804914E-01  -3.493578342437690E-01   9.034917511301746E-02  -1.000000000000000E+05
  1.492719459060783E-01  -3.419610957207989E-01   1.005284729660723E-01  -1.000000000000000E+05
  1.397533470446334E-01  -3.333682908978214E-01   1.095879811986870E-01  -1.000000000000000E+05
  1.302111166571775E-01  -3.236735643426373E-01   1.174284419428412E-01  -1.000000000000000E+05
  1.207498014166760E-01  -3.129831335081369E-01   1.239639534698999E-01  -1.000000000000000E+05
  1.114730614728108E-01  -3.014141249916598E-01   1.291229113479291E-01  -1.000000000000000E+05
  1.024825347296902E-01  -2.890932912714830E-01   1.328487929548355E-01  -1.000000000000000E+05
  9.387672327969993E-02  -2.761556219801451E-01   1.351007767520433E-01  -1.000000000000000E+05
  8.574991419396805E-02  -2.627428649297830E-01   1.358541895338121E-01   0.000000000000000E+00 8 RotatedCurve2 
 -1.878245090125698E-01  -4.242328567289306E-01   1.434401338128809E-01  -1.000000000000000E+05
 -1.802184964355164E-01  -4.105197110763559E-01   1.426572433884416E-01  -1.000000000000000E+05
 -1.731284513311876E-01  -3.967077622626897E-01   1.403171496264446E-01  -1.000000000000000E+05
 -1.666320537174334E-01  -3.829483368894694E-01   1.364454910838421E-01  -1.000000000000000E+05
 -1.608004794859696E-01  -3.693921861004302E-01   1.310846864618237E-01  -1.000000000000000E+05
 -1.556976205844108E-01  -3.561878339204233E-01   1.242934698576486E-01  -1.000000000000000E+05
 -1.513793850027243E-01  -3.434799499951209E-01   1.161462472615857E-01  -1.000000000000000E+05
 -1.478930842335925E-01  -3.314077645601043E-01   1.067322813493134E-01  -1.000000000000000E+05
 -1.452769149177966E-01  -3.201035430052672E-01   9.615471350136544E-02  -1.000000000000000E+05
 -1.435595403538298E-01  -3.096911367475246E-01   8.452943376458240E-02  -1.000000000000000E+05
 -1.427597764567983E-01  -3.002846262887721E-01   7.198381113650665E-02  -1.000000000000000E+05
 -1.428863856073193E-01  -2.919870713260346E-01   5.865529808399159E-02  -1.000000000000000E+05
 -1.439379806490453E-01  -2.848893816078600E-01   4.468992458521157E-02  -1.000000000000000E+05
 -1.459030400866382E-01  -2.790693209080864E-01   3.024069819466109E-02  -1.000000000000000E+05
 -1.487600343176851E-01  -2.745906550296672E-01   1.546592766037027E-02  -1.000000000000000E+05
 -1.524776615155262E-01  -2.715024531731872E-01   5.274884601323673E-04  -1.000000000000000E+05
 -1.570151905786179E-01  -2.698385503244337E-01  -1.441095074010562E-02  -1.000000000000000E+05
 -1.623229073890066E-01  -2.696171765512120E-01  -2.918572127439631E-02  -1.000000000000000E+05
 -1.683426594906063E-01  -2.708407572709066E-01  -4.363494766494683E-02  -1.000000000000000E+05
 -1.750084932196775E-01  -2.734958866771018E-01  -5.760032116372688E-02  -1.000000000000000E+05
 -1.822473763069697E-01  -2.775534746164027E-01  -7.092883421624195E-02  -1.000000000000000E+05
 -1.899799980345441E-01  -2.829690653062397E-01  -8.347445684431773E-02  -1.000000000000000E+05
 -1.981216381805988E-01  -2.896833244017315E-01  -9.509973658110067E-02  -1.000000000000000E+05
 -2.065830952319457E-01  -2.976226890751776E-01  -1.056773044290487E-01  -1.000000000000000E+05
 -2.152716636944567E-01  -3.067001739857980E-01  -1.150912703413211E-01  -1.000000000000000E+05
 -2.240921497938566E-01  -3.168163243093253E-01  -1.232384929373840E-01  -1.000000000000000E+05
 -2.329479144386349E-01  -3.278603053858740E-01  -1.300297095415591E-01  -1.000000000000000E+05
 -2.417419320181554E-01  -3.397111170476684E-01  -1.353905141635775E-01  -1.000000000000000E+05
 -2.503778534355507E-01  -3.522389193222006E-01  -1.392621727061800E-01  -1.000000000000000E+05
 -2.587610617285889E-01  -3.653064549861386E-01  -1.416022664681770E-01  -1.000000000000000E+05
 -2.667997087129124E-01  -3.787705533841915E-01  -1.423851568926162E-01  -1.000000000000000E+05
 -2.744057212899660E-01  -3.924836990367659E-01  -1.416022664681771E-01  -1.000000000000000E+05
 -2.814957663942949E-01  -4.062956478504327E-01  -1.392621727061800E-01  -1.000000000000000E+05
 -2.879921640080487E-01  -4.200550732236524E-01  -1.353905141635775E-01  -1.000000000000000E+05
 -2.938237382395129E-01  -4.336112240126918E-01  -1.300297095415592E-01  -1.000000000000000E+05
 -2.989265971410716E-01  -4.468155761926987E-01  -1.232384929373841E-01  -1.000000000000000E+05
 -3.032448327227580E-01  -4.595234601180014E-01  -1.150912703413211E-01  -1.000000000000000E+05
 -3.067311334918901E-01  -4.715956455530177E-01  -1.056773044290488E-01  -1.000000000000000E+05
 -3.093473028076855E-01  -4.828998671078548E-01  -9.509973658110087E-02  -1.000000000000000E+05
 -3.110646773716526E-01  -4.933122733655978E-01  -8.347445684431777E-02  -1.000000000000000E+05
 -3.118644412686841E-01  -5.027187838243501E-01  -7.092883421624205E-02  -1.000000000000000E+05
 -3.117378321181629E-01  -5.110163387870872E-01  -5.760032116372701E-02  -1.000000000000000E+05
 -3.106862370764373E-01  -5.181140285052622E-01  -4.363494766494690E-02  -1.000000000000000E+05
 -3.087211776388441E-01  -5.239340892050356E-01  -2.918572127439643E-02  -1.000000000000000E+05
 -3.058641834077973E-01  -5.284127550834550E-01  -1.441095074010595E-02  -1.000000000000000E+05
 -3.021465562099563E-01  -5.315009569399348E-01   5.274884601323301E-04  -1.000000000000000E+05
 -2.976090271468644E-01  -5.331648597886884E-01   1.546592766037009E-02  -1.000000000000000E+05
 -2.923013103364758E-01  -5.333862335619103E-01   3.024069819466110E-02  -1.000000000000000E+05
 -2.862815582348762E-01  -5.321626528422155E-01   4.468992458521138E-02  -1.000000000000000E+05
 -2.796157245058047E-01  -5.295075234360201E-01   5.865529808399158E-02  -1.000000000000000E+05
 -2.723768414185128E-01  -5.254499354967197E-01   7.198381113650659E-02  -1.000000000000000E+05
 -2.646442196909383E-01  -5.200343448068822E-01   8.452943376458232E-02  -1.000000000000000E+05
 -2.565025795448835E-01  -5.133200857113905E-01   9.615471350136530E-02  -1.000000000000000E+05
 -2.480411224935366E-01  -5.053807210379443E-01   1.067322813493134E-01  -1.000000000000000E+05
 -2.393525540310259E-01  -4.963032361273244E-01   1.161462472615857E-01  -1.000000000000000E+05
 -2.305320679316258E-01  -4.861870858037975E-01   1.242934698576487E-01  -1.000000000000000E+05
 -2.216763032868475E-01  -4.751431047272486E-01   1.310846864618237E-01  -1.000000000000000E+05
 -2.128822857073270E-01  -4.632922930654534E-01   1.364454910838421E-01  -1.000000000000000E+05
 -2.042463642899316E-01  -4.507644907909217E-01   1.403171496264446E-01  -1.000000000000000E+05
 -1.958631559968935E-01  -4.376969551269834E-01   1.426572433884417E-01  -1.000000000000000E+05
 -1.878245090125698E-01  -4.242328567289306E-01   1.434401338128809E-01   0.000000000000000E+00 9 RotatedCurve3 
 -2.774780603194373E-01   5.984052046798501E-02   1.375467698902856E-01  -1.000000000000000E+05
 -2.617987908392313E-01   5.951270762046921E-02   1.367932742155922E-01  -1.000000000000000E+05
 -2.462913067364326E-01   5.853286161512468E-02   1.345410426478027E-01  -1.000000000000000E+05
 -2.311255112520203E-01   5.691171784983182E-02   1.308147511072840E-01  -1.000000000000000E+05
 -2.164675640149691E-01   5.466703791492939E-02   1.256552256239303E-01  -1.000000000000000E+05
 -2.024780605625813E-01   5.182341499351367E-02   1.191189950386374E-01  -1.000000000000000E+05
 -1.893102728221719E-01   4.841200441337796E-02   1.112776716614921E-01  -1.000000000000000E+05
 -1.771084698317623E-01   4.447018230272184E-02   1.022171666723168E-01  -1.000000000000000E+05
 -1.660063370983066E-01   4.004113608946897E-02   9.203674885980508E-02  -1.000000000000000E+05
 -1.561255119113033E-01   3.517339133076924E-02   8.084795701190083E-02  -1.000000000000000E+05
 -1.475742506591965E-01   2.992028005684001E-02   6.877337787349451E-02  -1.000000000000000E+05
 -1.404462427497312E-01   2.433935645408269E-02   5.594530306039461E-02  -1.000000000000000E+05
 -1.348195841291950E-01   1.849176628937250E-02   4.250427964470090E-02  -1.000000000000000E+05
 -1.307559216468879E-01   1.244157698424077E-02   2.859757029167056E-02  -1.000000000000000E+05
 -1.282997776393431E-01   6.255075678798154E-03   1.437753981914148E-02  -1.000000000000000E+05
 -1.274780621342875E-01   4.297595562657113E-08  -1.414329675655178E-08  -1.000000000000000E+05
 -1.282997780187500E-01  -6.254989677044634E-03  -1.437756810573492E-02  -1.000000000000000E+05
 -1.307559224015452E-01  -1.244149083350669E-02  -2.859759857826392E-02  -1.000000000000000E+05
 -1.348195852508340E-01  -1.849167989215178E-02  -4.250430793129436E-02  -1.000000000000000E+05
 -1.404462442260634E-01  -2.433926971556984E-02  -5.594533134698804E-02  -1.000000000000000E+05
 -1.475742524740466E-01  -2.992019288596875E-02  -6.877340616008787E-02  -1.000000000000000E+05
 -1.561255140447871E-01  -3.517330364121032E-02  -8.084798529849432E-02  -1.000000000000000E+05
 -1.660063395270499E-01  -4.004104780057596E-02  -9.203677714639855E-02  -1.000000000000000E+05
 -1.771084725291551E-01  -4.447009334041484E-02  -1.022171949589101E-01  -1.000000000000000E+05
 -1.893102757586609E-01  -4.841191471095508E-02  -1.112776999480855E-01  -1.000000000000000E+05
 -2.024780637059938E-01  -5.182332449238184E-02  -1.191190233252309E-01  -1.000000000000000E+05
 -2.164675673308654E-01  -5.466694656524643E-02  -1.256552539105238E-01  -1.000000000000000E+05
 -2.311255147040702E-01  -5.691162561105237E-02  -1.308147793938775E-01  -1.000000000000000E+05
 -2.462913102868149E-01  -5.853276845644455E-02  -1.345410709343963E-01  -1.000000000000000E+05
 -2.617987944490474E-01  -5.951261352116288E-02  -1.367933025021857E-01  -1.000000000000000E+05
 -2.774780639491373E-01  -5.984042541763255E-02  -1.375467981768791E-01  -1.000000000000000E+05
 -2.931573334293434E-01  -5.951261257011681E-02  -1.367933025021857E-01  -1.000000000000000E+05
 -3.086648175321425E-01  -5.853276656477229E-02  -1.345410709343962E-01  -1.000000000000000E+05
 -3.238306130165544E-01  -5.691162279947943E-02  -1.308147793938775E-01  -1.000000000000000E+05
 -3.384885602536053E-01  -5.466694286457704E-02  -1.256552539105238E-01  -1.000000000000000E+05
 -3.524780637059935E-01  -5.182331994316127E-02  -1.191190233252309E-01  -1.000000000000000E+05
 -3.656458514464027E-01  -4.841190936302554E-02  -1.112776999480856E-01  -1.000000000000000E+05
 -3.778476544368125E-01  -4.447008725236944E-02  -1.022171949589102E-01  -1.000000000000000E+05
 -3.889497871702681E-01  -4.004104103911656E-02  -9.203677714639870E-02  -1.000000000000000E+05
 -3.988306123572714E-01  -3.517329628041683E-02  -8.084798529849430E-02  -1.000000000000000E+05
 -4.073818736093780E-01  -2.992018500648762E-02  -6.877340616008801E-02  -1.000000000000000E+05
 -4.145098815188434E-01  -2.433926140373032E-02  -5.594533134698812E-02  -1.000000000000000E+05
 -4.201365401393798E-01  -1.849167123902008E-02  -4.250430793129446E-02  -1.000000000000000E+05
 -4.242002026216867E-01  -1.244148193388838E-02  -2.859759857826413E-02  -1.000000000000000E+05
 -4.266563466292318E-01  -6.254980628445841E-03  -1.437756810573519E-02  -1.000000000000000E+05
 -4.274780621342873E-01   5.207439677958041E-08  -1.414329673823296E-08  -1.000000000000000E+05
 -4.266563462498248E-01   6.255084727396984E-03   1.437753981914130E-02  -1.000000000000000E+05
 -4.242002018670297E-01   1.244158588385915E-02   2.859757029167055E-02  -1.000000000000000E+05
 -4.201365390177407E-01   1.849177494250415E-02   4.250427964470079E-02  -1.000000000000000E+05
 -4.145098800425115E-01   2.433936476592227E-02   5.594530306039455E-02  -1.000000000000000E+05
 -4.073818717945281E-01   2.992028793632116E-02   6.877337787349440E-02  -1.000000000000000E+05
 -3.988306102237874E-01   3.517339869156270E-02   8.084795701190074E-02  -1.000000000000000E+05
 -3.889497847415249E-01   4.004114285092839E-02   9.203674885980516E-02  -1.000000000000000E+05
 -3.778476517394198E-01   4.447018839076725E-02   1.022171666723166E-01  -1.000000000000000E+05
 -3.656458485099138E-01   4.841200976130747E-02   1.112776716614920E-01  -1.000000000000000E+05
 -3.524780605625814E-01   5.182341954273421E-02   1.191189950386374E-01  -1.000000000000000E+05
 -3.384885569377095E-01   5.466704161559881E-02   1.256552256239303E-01  -1.000000000000000E+05
 -3.238306095645046E-01   5.691172066140473E-02   1.308147511072840E-01  -1.000000000000000E+05
 -3.086648139817601E-01   5.853286350679696E-02   1.345410426478028E-01  -1.000000000000000E+05
 -2.931573298195275E-01   5.951270857151530E-02   1.367932742155922E-01  -1.000000000000000E+05
 -2.774780603194373E-01   5.984052046798501E-02   1.375467698902856E-01   0.000000000000000E+00 10 RotatedCurve4 
 -2.667994436305295E-01   3.787701721604218E-01   1.423851949894700E-01  -1.000000000000000E+05
 -2.587607976062819E-01   3.653060731891564E-01   1.416023045651355E-01  -1.000000000000000E+05
 -2.503775902444673E-01   3.522385369277553E-01   1.392622108034516E-01  -1.000000000000000E+05
 -2.417416697192404E-01   3.397107340380549E-01   1.353905522613672E-01  -1.000000000000000E+05
 -2.329476529830585E-01   3.278599217501276E-01   1.300297476400662E-01  -1.000000000000000E+05
 -2.240918891235497E-01   3.168159400433414E-01   1.232385310367999E-01  -1.000000000000000E+05
 -2.152714037427461E-01   3.066997890923769E-01   1.150913084418271E-01  -1.000000000000000E+05
 -2.065828359242851E-01   2.976223035639941E-01   1.056773425308146E-01  -1.000000000000000E+05
 -1.981213794353854E-01   2.896829382892282E-01   9.509977468428205E-02  -1.000000000000000E+05
 -1.899797397640134E-01   2.829686786154484E-01   8.347449494905471E-02  -1.000000000000000E+05
 -1.822471184181558E-01   2.775530873766889E-01   7.092887232265772E-02  -1.000000000000000E+05
 -1.750082356154329E-01   2.734954989238479E-01   5.760035927192627E-02  -1.000000000000000E+05
 -1.683424020706654E-01   2.708403690451198E-01   4.363498577501496E-02  -1.000000000000000E+05
 -1.623226500510846E-01   2.696167878990769E-01   2.918575938639802E-02  -1.000000000000000E+05
 -1.570149332195314E-01   2.698381612968065E-01   1.441098885408438E-02  -1.000000000000000E+05
 -1.524774040323235E-01   2.715020638250373E-01  -5.274503441546150E-04  -1.000000000000000E+05
 -1.487597766087750E-01   2.745902654194763E-01  -1.546588954239352E-02  -1.000000000000000E+05
 -1.459027820529016E-01   2.790689310972073E-01  -3.024066007470719E-02  -1.000000000000000E+05
 -1.439377221949218E-01   2.848889916598435E-01  -4.468988646332411E-02  -1.000000000000000E+05
 -1.428861266418555E-01   2.919866813059352E-01  -5.865525996023545E-02  -1.000000000000000E+05
 -1.427595168946421E-01   3.002842362624322E-01  -7.198377301096678E-02  -1.000000000000000E+05
 -1.435592801161668E-01   3.096907467808570E-01  -8.452939563736390E-02  -1.000000000000000E+05
 -1.452766539332142E-01   3.201031531635302E-01  -9.615467537259119E-02  -1.000000000000000E+05
 -1.478928224388601E-01   3.314073749071867E-01  -1.067322432191238E-01  -1.000000000000000E+05
 -1.513791223434888E-01   3.434795605928439E-01  -1.161462091301364E-01  -1.000000000000000E+05
 -1.556973570157899E-01   3.561874448278613E-01  -1.242934317251091E-01  -1.000000000000000E+05
 -1.608002149730448E-01   3.693917973732646E-01  -1.310846483283754E-01  -1.000000000000000E+05
 -1.666317882356322E-01   3.829479485793780E-01  -1.364454529496764E-01  -1.000000000000000E+05
 -1.731281848665523E-01   3.967073744167807E-01  -1.403171114917608E-01  -1.000000000000000E+05
 -1.802182289848581E-01   4.105193237366524E-01  -1.426572052534448E-01  -1.000000000000000E+05
 -1.878242405835020E-01   4.242324699319085E-01  -1.434400956777791E-01  -1.000000000000000E+05
 -1.958628866077498E-01   4.376965689031740E-01  -1.426572052534447E-01  -1.000000000000000E+05
 -2.042460939695647E-01   4.507641051645758E-01  -1.403171114917608E-01  -1.000000000000000E+05
 -2.128820144947913E-01   4.632919080542754E-01  -1.364454529496765E-01  -1.000000000000000E+05
 -2.216760312309731E-01   4.751427203422029E-01  -1.310846483283754E-01  -1.000000000000000E+05
 -2.305317950904823E-01   4.861867020489893E-01  -1.242934317251091E-01  -1.000000000000000E+05
 -2.393522804712857E-01   4.963028529999537E-01  -1.161462091301365E-01  -1.000000000000000E+05
 -2.480408482897469E-01   5.053803385283366E-01  -1.067322432191238E-01  -1.000000000000000E+05
 -2.565023047786462E-01   5.133197038031025E-01  -9.615467537259130E-02  -1.000000000000000E+05
 -2.646439444500185E-01   5.200339634768826E-01  -8.452939563736389E-02  -1.000000000000000E+05
 -2.723765657958760E-01   5.254495547156416E-01  -7.198377301096698E-02  -1.000000000000000E+05
 -2.796154485985988E-01   5.295071431684822E-01  -5.865525996023555E-02  -1.000000000000000E+05
 -2.862812821433664E-01   5.321622730472108E-01  -4.468988646332420E-02  -1.000000000000000E+05
 -2.923010341629472E-01   5.333858541932540E-01  -3.024066007470739E-02  -1.000000000000000E+05
 -2.976087509945003E-01   5.331644807955244E-01  -1.546588954239383E-02  -1.000000000000000E+05
 -3.021462801817082E-01   5.315005782672934E-01  -5.274503441546015E-04  -1.000000000000000E+05
 -3.058639076052569E-01   5.284123766728545E-01   1.441098885408416E-02  -1.000000000000000E+05
 -3.087209021611305E-01   5.239337109951238E-01   2.918575938639803E-02  -1.000000000000000E+05
 -3.106859620191100E-01   5.181136504324871E-01   4.363498577501487E-02  -1.000000000000000E+05
 -3.117375575721764E-01   5.110159607863954E-01   5.760035927192625E-02  -1.000000000000000E+05
 -3.118641673193898E-01   5.027184058298982E-01   7.092887232265763E-02  -1.000000000000000E+05
 -3.110644040978648E-01   4.933118953114736E-01   8.347449494905461E-02  -1.000000000000000E+05
 -3.093470302808177E-01   4.828994889288009E-01   9.509977468428203E-02  -1.000000000000000E+05
 -3.067308617751717E-01   4.715952671851440E-01   1.056773425308145E-01  -1.000000000000000E+05
 -3.032445618705431E-01   4.595230814994871E-01   1.150913084418272E-01  -1.000000000000000E+05
 -2.989263271982421E-01   4.468151972644697E-01   1.232385310367999E-01  -1.000000000000000E+05
 -2.938234692409870E-01   4.336108447190662E-01   1.300297476400661E-01  -1.000000000000000E+05
 -2.879918959783995E-01   4.200546935129526E-01   1.353905522613671E-01  -1.000000000000000E+05
 -2.814954993474797E-01   4.062952676755502E-01   1.392622108034516E-01  -1.000000000000000E+05
 -2.744054552291739E-01   3.924833183556786E-01   1.416023045651356E-01  -1.000000000000000E+05
 -2.667994436305295E-01   3.787701721604218E-01   1.423851949894700E-01   0.000000000000000E+00 11 RotatedCurve5 
  1.894429337600390E-01   2.028435855936703E-01   1.392092059741773E-01  -1.000000000000000E+05
  1.813161225174023E-01   1.894308298505590E-01   1.384557931856653E-01  -1.000000000000000E+05
  1.727103090140579E-01   1.764931619285693E-01   1.362038093683021E-01  -1.000000000000000E+05
  1.637197803436304E-01   1.641723296248344E-01   1.324779277280487E-01  -1.000000000000000E+05
  1.544430386196224E-01   1.526033225563756E-01   1.273189698038466E-01  -1.000000000000000E+05
  1.449817217656449E-01   1.419128931856040E-01   1.207834582182945E-01  -1.000000000000000E+05
  1.354394899490579E-01   1.322181680938223E-01   1.129429974039676E-01  -1.000000000000000E+05
  1.259208898584846E-01   1.236253647178879E-01   1.038834890902695E-01  -1.000000000000000E+05
  1.165302092684121E-01   1.162286276097470E-01   9.370419114610899E-02  -1.000000000000000E+05
  1.073703344405116E-01   1.101089969690235E-01   8.251663008991761E-02  -1.000000000000000E+05
  9.854162288022468E-02   1.053335207496317E-01   7.044337918177450E-02  -1.000000000000000E+05
  9.014080379893233E-02   1.019545200683640E-01   5.761671548511930E-02  -1.000000000000000E+05
  8.225991832847399E-02   1.000090159637864E-01   4.417717061156472E-02  -1.000000000000000E+05
  7.498531109924499E-02   9.951832378599072E-02   3.027199102715092E-02  -1.000000000000000E+05
  6.839668423035825E-02   1.004878196611614E-01   1.605352478925063E-02  -1.000000000000000E+05
  6.256622409654791E-02   1.029068815896095E-01   1.677552389371601E-03  -1.000000000000000E+05
  5.755781043914274E-02   1.067490058226261E-01  -1.269842001050735E-02  -1.000000000000000E+05
  5.342631648625078E-02   1.119720972430978E-01  -2.691688624840761E-02  -1.000000000000000E+05
  5.021700775019067E-02   1.185189305684202E-01  -4.082206583282143E-02  -1.000000000000000E+05
  4.796504608906587E-02   1.263177773226675E-01  -5.426161070637599E-02  -1.000000000000000E+05
  4.669510446608872E-02   1.352831917087871E-01  -6.708827440303120E-02  -1.000000000000000E+05
  4.642109662743311E-02   1.453169467706308E-01  -7.916152531117442E-02  -1.000000000000000E+05
  4.714602466031915E-02   1.563091105880431E-01  -9.034908636736577E-02  -1.000000000000000E+05
  4.886194610151754E-02   1.681392507139818E-01  -1.005283843115261E-01  -1.000000000000000E+05
  5.155006095663874E-02   1.806777536576114E-01  -1.095878926252243E-01  -1.000000000000000E+05
  5.518091767680614E-02   1.937872449568314E-01  -1.174283534395512E-01  -1.000000000000000E+05
  5.971473583598774E-02   2.073240942816297E-01  -1.239638650251034E-01  -1.000000000000000E+05
  6.510184197366925E-02   2.211399890780358E-01  -1.291228229493055E-01  -1.000000000000000E+05
  7.128321382768170E-02   2.350835595114990E-01  -1.328487045895589E-01  -1.000000000000000E+05
  7.819112699445728E-02   2.490020369064697E-01  -1.351006884069221E-01  -1.000000000000000E+05
  8.574989693176700E-02   2.627429275119811E-01  -1.358541011954340E-01  -1.000000000000000E+05
  9.387670817440373E-02   2.761556832550924E-01  -1.351006884069220E-01  -1.000000000000000E+05
  1.024825216777481E-01   2.890933511770825E-01  -1.328487045895590E-01  -1.000000000000000E+05
  1.114730503481755E-01   3.014141834808168E-01  -1.291228229493056E-01  -1.000000000000000E+05
  1.207497920721836E-01   3.129831905492759E-01  -1.239638650251033E-01  -1.000000000000000E+05
  1.302111089261611E-01   3.236736199200475E-01  -1.174283534395512E-01  -1.000000000000000E+05
  1.397533407427480E-01   3.333683450118292E-01  -1.095878926252244E-01  -1.000000000000000E+05
  1.492719408333215E-01   3.419611483877638E-01  -1.005283843115262E-01  -1.000000000000000E+05
  1.586626214233939E-01   3.493578854959045E-01  -9.034908636736591E-02  -1.000000000000000E+05
  1.678224962512944E-01   3.554775161366280E-01  -7.916152531117446E-02  -1.000000000000000E+05
  1.766512078115813E-01   3.602529923560198E-01  -6.708827440303132E-02  -1.000000000000000E+05
  1.850520268928737E-01   3.636319930372873E-01  -5.426161070637611E-02  -1.000000000000000E+05
  1.929329123633321E-01   3.655774971418652E-01  -4.082206583282157E-02  -1.000000000000000E+05
  2.002075195925611E-01   3.660681893196608E-01  -2.691688624840771E-02  -1.000000000000000E+05
  2.067961464614478E-01   3.650986934444902E-01  -1.269842001050767E-02  -1.000000000000000E+05
  2.126266065952581E-01   3.626796315160419E-01   1.677552389371593E-03  -1.000000000000000E+05
  2.176350202526633E-01   3.588375072830255E-01   1.605352478925048E-02  -1.000000000000000E+05
  2.217665142055553E-01   3.536144158625537E-01   3.027199102715092E-02  -1.000000000000000E+05
  2.249758229416152E-01   3.470675825372314E-01   4.417717061156465E-02  -1.000000000000000E+05
  2.272277846027402E-01   3.392687357829840E-01   5.761671548511925E-02  -1.000000000000000E+05
  2.284977262257173E-01   3.303033213968644E-01   7.044337918177440E-02  -1.000000000000000E+05
  2.287717340643729E-01   3.202695663350206E-01   8.251663008991762E-02  -1.000000000000000E+05
  2.280468060314870E-01   3.092774025176084E-01   9.370419114610901E-02  -1.000000000000000E+05
  2.263308845902886E-01   2.974472623916698E-01   1.038834890902694E-01  -1.000000000000000E+05
  2.236427697351673E-01   2.849087594480400E-01   1.129429974039675E-01  -1.000000000000000E+05
  2.200119130150000E-01   2.717992681488203E-01   1.207834582182945E-01  -1.000000000000000E+05
  2.154780948558183E-01   2.582624188240220E-01   1.273189698038465E-01  -1.000000000000000E+05
  2.100909887181369E-01   2.444465240276157E-01   1.324779277280487E-01  -1.000000000000000E+05
  2.039096168641244E-01   2.305029535941527E-01   1.362038093683022E-01  -1.000000000000000E+05
  1.970017036973489E-01   2.165844761991818E-01   1.384557931856653E-01  -1.000000000000000E+05
  1.894429337600390E-01   2.028435855936703E-01   1.392092059741773E-01   0.000000000000000E+00 12 RotatedCurve6 
end 
