s
0.01020408163265306, 0.07142857142857142, 0.1530612244897959, 0.21428571428571425, 0.2959183673469387, 0.3571428571428571, 0.43877551020408156, 0.5, 0.5612244897959183, 0.6428571428571428, 0.7040816326530611, 0.7857142857142856, 0.846938775510204, 0.9285714285714285, 0.9897959183673469
iteration, j dot B Redl, j dot B vmec
0, -267632.2656241683, -464733.1933233451, -579715.8980649564, -649847.1315275461, -744025.5534137143, -822537.1721031837, -942409.8254032867, -1041064.706177948, -1139632.5908687087, -1246930.151715258, -1281630.774646754, -1208843.7265560592, -1014915.2705682209, -504525.0766293156, -27843.605081024376, -261607.71738273045, -385924.505143222, -530151.9094609818, -625825.0075237743, -743803.5320207952, -829975.969369052, -948911.7753333462, -1046210.6884172612, -1150043.7528533707, -1261981.6772711475, -1292572.1345352386, -1212373.0959251353, -1027117.2224866134, -563164.0157303356, -29353.433965398755
1, -267632.2656241683, -464733.1933233451, -579715.8980649564, -649847.1315275461, -744025.5534137143, -822537.1721031837, -942409.8254032867, -1041064.706177948, -1139632.5908687087, -1246930.151715258, -1281630.774646754, -1208843.7265560592, -1014915.2705682209, -504525.0766293156, -27843.605081024376, -261607.71738273045, -385924.505143222, -530151.9094609818, -625825.0075237743, -743803.5320207952, -829975.969369052, -948911.7753333462, -1046210.6884172612, -1150043.7528533707, -1261981.6772711475, -1292572.1345352386, -1212373.0959251353, -1027117.2224866134, -563164.0157303356, -29353.433965398755
2, -267632.2656241683, -464733.1933233451, -579715.8980649564, -649847.1315275461, -744025.5534137143, -822537.1721031837, -942409.8254032867, -1041064.706177948, -1139632.5908687087, -1246930.151715258, -1281630.774646754, -1208843.7265560592, -1014915.2705682209, -504525.0766293156, -27843.605081024376, -261607.71738273045, -385924.505143222, -530151.9094609818, -625825.0075237743, -743803.5320207952, -829975.969369052, -948911.7753333462, -1046210.6884172612, -1150043.7528533707, -1261981.6772711475, -1292572.1345352386, -1212373.0959251353, -1027117.2224866134, -563164.0157303356, -29353.433965398755
3, -267632.2688538487, -464733.1998108175, -579715.906489618, -649847.1413671869, -744025.565054056, -822537.1858673133, -942409.8399845505, -1041064.7269027964, -1139632.5632898305, -1246930.0557745784, -1281630.6959754732, -1208843.6674850036, -1014915.230536602, -504525.0634566934, -27843.604905944187, -261607.7147677263, -385924.5044525242, -530151.9060589614, -625825.0080434717, -743803.4975337591, -829975.986050779, -948911.3244740575, -1046210.8075531089, -1150054.8149963985, -1261981.8995967875, -1292571.6326343978, -1212373.0948558117, -1027117.1663270781, -563164.0037345781, -29353.3985128559
4, -267632.2731041647, -464733.1994613451, -579715.9027525095, -649847.1350543265, -744025.5553256995, -822537.1727626187, -942409.8243491399, -1041064.7037728624, -1139632.5871321904, -1246930.1463488336, -1281630.7684453255, -1208843.7203974864, -1014915.265883893, -504525.0759153398, -27843.60542494398, -261607.71833106637, -385924.5065376118, -530151.9118864548, -625825.010790919, -743803.5364212464, -829975.9745880354, -948911.7818591403, -1046210.6956170318, -1150043.7610933445, -1261981.6864595334, -1292572.144006574, -1212373.1049731106, -1027117.2300532662, -563164.0199141217, -29353.433151063626
5, -267632.2677069506, -464733.19037485117, -579715.8926622696, -649847.1251289141, -744025.5461075411, -822537.1644151547, -942409.8175801383, -1041064.6986740122, -1139632.5841612716, -1246930.1469824023, -1281630.7722893315, -1208843.7287174878, -1014915.276741164, -504525.08566163015, -27843.6064724854, -261607.7181253914, -385924.5058936096, -530151.9108957014, -625825.0095240783, -743803.534796682, -829975.9728053621, -948911.7793712625, -1046210.6932338877, -1150043.7580719339, -1261981.6832869924, -1292572.1406511308, -1212373.1017602994, -1027117.2273996035, -563164.0184017548, -29353.433151764446
6, -267632.26026847446, -464733.1810629736, -579715.8832070348, -649847.1145013876, -744025.5330588828, -822537.1487684987, -942409.7976483628, -1041064.674947131, -1139632.5563690644, -1246930.1140448037, -1281630.7362623967, -1208843.6908396282, -1014915.240532887, -504525.0605734673, -27843.603918674395, -261607.71797208727, -385924.5059057768, -530151.909447259, -625825.0065441217, -743803.5295362532, -829975.966520062, -948911.771201964, -1046210.6830349882, -1150043.7467121338, -1261981.6707356237, -1292572.1278356696, -1212373.090124261, -1027117.2182341899, -563164.0137611938, -29353.435567113993
7, -267632.2483294863, -464733.26263459516, -579716.0121468192, -649847.2757447446, -744025.7353544808, -822537.3824790458, -942410.0726739306, -1041064.9785319865, -1139632.8821401729, -1246930.448399145, -1281631.0512359936, -1208843.930250009, -1014915.3820431777, -504525.054831134, -27843.59284094632, -261607.8374184217, -385924.6781255886, -530152.1420045071, -625825.2776443801, -743803.8454418228, -829976.3124091395, -948912.1568488188, -1046211.0997772212, -1150044.1942969183, -1261982.1452241505, -1292572.600310122, -1212373.5160182696, -1027117.5680021255, -563164.1982082023, -29353.441916378753
8, -267632.25512279116, -464733.1635740434, -579715.8392763899, -649847.055275625, -744025.4504632424, -822537.0457491586, -942409.658724761, -1041064.5016726702, -1139632.3427304267, -1246929.8408476082, -1281630.423821451, -1208843.3593955326, -1014914.9479565325, -504524.9287884724, -27843.602370470067, -261607.4264697525, -385924.0793048568, -530151.3371300924, -625824.3426621078, -743802.7556182648, -829975.1122842091, -948910.8079280849, -1046209.6314998788, -1150042.597432619, -1261980.4180422996, -1292570.8481830969, -1212371.8904003776, -1027116.200065904, -563163.4521521726, -29353.401747212847
9, -267632.26524325943, -464733.1928460343, -579715.8976680911, -649847.1312732641, -744025.5534696756, -822537.1724456695, -942409.8261283103, -1041064.7070955911, -1139632.5918180197, -1246930.1523077532, -1281630.7745990544, -1208843.7253547306, -1014915.2687549893, -504525.0755301602, -27843.605151430565, -261607.71717236124, -385924.50517318567, -530151.9094010713, -625825.0073282582, -743803.5315709492, -829975.9693115738, -948911.7753390959, -1046210.688325931, -1150043.7525178904, -1261981.676987199, -1292572.134468084, -1212373.0959395268, -1027117.2219061054, -563164.0155582511, -29353.432071982446
10, -294492.5375119685, -512886.8367330673, -640174.4815940745, -717542.7292939612, -820783.474833456, -906323.9293612654, -1036240.2401002622, -1142700.5181240505, -1248721.714107388, -1363630.7683012625, -1400177.3068743974, -1320423.6704163374, -1110281.7770479403, -556241.7299018262, -31436.94719898449, -293759.0248762924, -509927.3366993535, -636681.1906616165, -713495.9168041269, -817349.7766291652, -901391.4776116973, -1030859.0178484563, -1137601.5521646836, -1244012.428861251, -1359359.4115112405, -1396125.602964534, -1316953.457899366, -1109039.2378463626, -559792.9073979865, -31129.932037943712
11, -277758.55726141494, -485856.5296547433, -606523.5832877288, -679758.0778365587, -777491.9051364816, -858466.797766559, -981399.6983974323, -1082013.3330102798, -1182012.4424939076, -1289740.1354273837, -1322922.801999425, -1244509.4271132518, -1042980.2829076552, -517588.5149669885, -28552.931276272073, -279037.15670420084, -471408.42396471486, -594839.8581860787, -668964.9111474751, -767218.2797888909, -846972.3890609236, -968076.1145795789, -1068945.6511251589, -1167907.7470264977, -1275904.6978818877, -1308345.191610277, -1230686.0206307736, -1031361.9813199799, -519288.26627191145, -24749.330705553875
12, -271172.7327588136, -473884.0086497994, -591661.4199894664, -662816.0121744142, -757667.6383643462, -836325.0184788851, -955941.2117867607, -1053998.0623069713, -1151544.0602396633, -1256720.4039799634, -1289270.827212323, -1213201.5686702724, -1017049.8868826648, -505132.9795639371, -27968.942966891635, -270482.53836569266, -405074.1367369011, -543102.2810193652, -635959.5160069506, -746777.3079713138, -831835.6400172007, -949773.1843496249, -1046718.1976852306, -1148695.343663921, -1258000.306921944, -1288303.0190379487, -1208291.5548217718, -1021442.3873003061, -549378.8344111064, -24122.513660987344
13, -268960.4262233387, -468203.14313005575, -583584.2055031398, -653504.0415874775, -747024.7335063281, -824793.3000451552, -943311.2803648101, -1040614.9813900634, -1137519.61152087, -1242166.9544055318, -1274753.1391356667, -1199668.6405375197, -1005320.0756081783, -498241.8634580462, -27400.558719097622, -262233.75791910116, -387086.2339084307, -531166.1568126883, -626708.1441364886, -744326.769674195, -830396.1935665011, -949038.8358941904, -1045952.7781412977, -1149510.3254550344, -1260839.7986499968, -1291006.2140057345, -1210460.4886318254, -1025182.2582706674, -561550.9311519406, -29067.43614747199
14, -268015.5120884242, -465738.9193989831, -580832.5595085854, -650929.186441374, -744973.4842739919, -823323.1849499687, -942887.1093578185, -1041219.2014277936, -1139372.3908790844, -1245972.9252516842, -1280082.057589276, -1206582.1660620316, -1012424.7266908948, -502779.42757537565, -27710.076816107638, -261801.5258586558, -386247.6211154417, -530521.5949373095, -626212.3754252534, -744187.455633998, -830375.4744605832, -949300.974170612, -1046559.7427740893, -1150370.2953354588, -1262216.9700063262, -1292713.752095428, -1212389.1984802803, -1027050.0301788789, -563027.6662998348, -29321.666113044805
15, -267726.98739831505, -464986.11890495097, -580002.2331908785, -650136.049900525, -744297.4370469783, -822780.3407795975, -942592.1336709785, -1041179.8261475074, -1139659.4498257465, -1246805.9495072756, -1281377.4207206024, -1208433.1419470597, -1014452.2667850686, -504207.39203886705, -27822.15951598878, -261696.01086391023, -386053.5291706832, -530312.8556260958, -626005.9253626238, -744002.8386444577, -830189.0743585486, -949141.0460564949, -1046450.2101184449, -1150290.6308301697, -1262225.5262652594, -1292801.1545021778, -1212560.6078981261, -1027256.9119096441, -563219.9452757629, -29352.776120810566
16, -267651.9776794462, -464798.0949630446, -579791.9250487392, -649930.0907627717, -744111.1103684548, -822617.8858939148, -942475.7308040651, -1041112.9567873048, -1139658.5190732023, -1246921.0040948961, -1281596.3495876486, -1208787.4866436862, -1014863.4086769838, -504514.3215563105, -27847.193436539335, -261635.45720038275, -385958.106706128, -530193.5600915122, -625873.0368637916, -743857.1985742323, -830032.0726209737, -948973.3356186731, -1046278.5750520658, -1150112.7952555225, -1262051.964962459, -1292640.9329911326, -1212431.486655479, -1027162.4210277136, -563185.0131334965, -29354.10784107205
17, -267636.6310064532, -464756.1375284748, -579747.838641746, -649887.7593874097, -744075.5708003945, -822591.2935840829, -942466.4171817414, -1041121.0131692571, -1139687.3473222572, -1246982.2909239049, -1281682.8459431883, -1208899.5275257872, -1014976.6490450572, -504581.2473382725, -27850.62838740139, -261616.86959801888, -385931.8363002417, -530160.2212718469, -625835.1046748332, -743814.6599845607, -829986.1218618904, -948923.1108273026, -1046225.3303264318, -1150057.176681455, -1261995.7100254116, -1292586.6252513172, -1212385.3730800059, -1027126.587633409, -563168.6591591655, -29353.876588793166
18, -267633.58880392904, -464749.0928733814, -579740.0753005722, -649880.097117221, -744068.5638284754, -822585.1195027169, -942461.7606748075, -1041118.0796987994, -1139686.751176496, -1246986.0871078866, -1281690.8145527309, -1208913.121099912, -1014992.7572797663, -504593.1659055478, -27851.52196803307, -261613.58698208875, -385926.3630707286, -530153.1493226993, -625827.1666598764, -743805.7277433265, -829976.2805519159, -948912.3428585718, -1046214.1145929593, -1150045.1934195329, -1261983.4788148548, -1292574.8924207801, -1212375.2694377424, -1027118.6403088154, -563164.9721083001, -29353.8066290993
