s
0.01020408163265306, 0.07142857142857142, 0.1530612244897959, 0.21428571428571425, 0.2959183673469387, 0.3571428571428571, 0.43877551020408156, 0.5, 0.5612244897959183, 0.6428571428571428, 0.7040816326530611, 0.7857142857142856, 0.846938775510204, 0.9285714285714285, 0.9897959183673469
iteration, j dot B Redl, j dot B vmec
0, -245079.7616535249, -429612.75289895246, -533203.0468152072, -594895.227003559, -676503.4438010013, -743902.5387661606, -846454.5708562589, -930238.7768039602, -1012908.6820267823, -1099478.9484021938, -1121631.0959094032, -1042909.9358690509, -860945.0052003639, -410083.3060296249, -20568.652135945686, -139515.64808384128, -338076.7839597881, -452911.6882516892, -528404.3044078068, -651105.2553264939, -723114.0629753442, -787708.5711812142, -840348.807259927, -875563.7317045256, -890705.0449437316, -869623.8181217912, -766805.94049263, -615125.1528248652, -316372.4918805647, -43449.11910000784
1, -245079.7616535249, -429612.75289895246, -533203.0468152072, -594895.227003559, -676503.4438010013, -743902.5387661606, -846454.5708562589, -930238.7768039602, -1012908.6820267823, -1099478.9484021938, -1121631.0959094032, -1042909.9358690509, -860945.0052003639, -410083.3060296249, -20568.652135945686, -139515.64808384128, -338076.7839597881, -452911.6882516892, -528404.3044078068, -651105.2553264939, -723114.0629753442, -787708.5711812142, -840348.807259927, -875563.7317045256, -890705.0449437316, -869623.8181217912, -766805.94049263, -615125.1528248652, -316372.4918805647, -43449.11910000784
2, -245079.76166215935, -429612.7529131082, -533203.046817114, -594895.227000888, -676503.4437985374, -743902.5387625294, -846454.5708575228, -930238.7768030858, -1012908.682030773, -1099478.9484026944, -1121631.0959064574, -1042909.9358692744, -860945.0052010355, -410083.30602816097, -20568.652135894197, -139515.64873313362, -338076.7838958673, -452911.68812878104, -528404.3044430928, -651105.2555963817, -723114.0628283679, -787708.5712264965, -840348.8073828445, -875563.7312359634, -890705.0447544922, -869623.8184742074, -766805.9407200924, -615125.1526571229, -316372.4918274086, -43449.11865146124
3, -245079.76165797707, -429612.7529106747, -533203.0468166212, -594895.2270031401, -676503.4438017425, -743902.5387644335, -846454.5708596181, -930238.7768069908, -1012908.6820257982, -1099478.9483889407, -1121631.0958966452, -1042909.9358626562, -860945.0051936454, -410083.3060287579, -20568.65213603768, -139515.64851323512, -338076.78393038304, -452911.688248212, -528404.3044771798, -651105.2554282724, -723114.0627285922, -787708.5712065012, -840348.8073918967, -875563.7333882356, -890705.044848807, -869623.8186214179, -766805.9404780332, -615125.1530167807, -316372.4917284724, -43449.118703441745
4, -245079.76183132804, -429612.75317516166, -533203.0471597887, -594895.2273892604, -676503.4442335346, -743902.5392338302, -846454.5713804609, -930238.7773805443, -1012908.6826615892, -1099478.9491060623, -1121631.0966399065, -1042909.9365937611, -860945.0058404685, -410083.30639693304, -20568.652162501487, -139515.64859955432, -338076.7839889331, -452911.6883740701, -528404.3044916582, -651105.2556080252, -723114.0630900897, -787708.5713522595, -840348.807910672, -875563.7315242337, -890705.0449525191, -869623.8188396076, -766805.9406778278, -615125.1532682871, -316372.4919035378, -43449.11936501424
5, -245079.76109422307, -429612.7518218749, -533203.0454959684, -594895.2255377438, -676503.4421340413, -743902.5369264648, -846454.5687662181, -930238.7745120509, -1012908.6795462909, -1099478.9457353163, -1121631.0932188337, -1042909.9334443599, -860945.0032729342, -410083.30520464154, -20568.652105665766, -139515.64706821082, -338076.7820962124, -452911.68586408807, -528404.3014366905, -651105.2517431997, -723114.0591181917, -787708.5671570298, -840348.8026326364, -875563.7265692153, -890705.0401021304, -869623.813622458, -766805.9362949264, -615125.149421891, -316372.4903096914, -43449.11826051749
6, -245079.76169850587, -429612.75296138413, -533203.046886265, -594895.2270841653, -676503.4438956074, -743902.5388771927, -846454.5709927492, -930238.7769619359, -1012908.6822080665, -1099478.9486135826, -1121631.096136561, -1042909.9361101699, -860945.0054322813, -410083.30617295, -20568.652147554454, -139515.64889045354, -338076.78380044963, -452911.68798184313, -528404.3044789333, -651105.2553135967, -723114.0624059315, -787708.5710477273, -840348.8072308524, -875563.7310873814, -890705.0443615712, -869623.8183479126, -766805.9403200264, -615125.1527298074, -316372.4916039681, -43449.11860891791
7, -245079.76166404464, -429612.7529160055, -533203.0468116372, -594895.2269966078, -676503.443795253, -743902.5387570754, -846454.5708488391, -930238.7767951981, -1012908.6820245474, -1099478.9483977156, -1121631.095896618, -1042909.9358662989, -860945.0051980463, -410083.3060255337, -20568.65213600715, -139515.64863873294, -338076.78392812866, -452911.6881519237, -528404.3044825449, -651105.2555897909, -723114.0628708861, -787708.5710665791, -840348.8073434962, -875563.7311898564, -890705.0447853494, -869623.8186481189, -766805.9404699553, -615125.1528699057, -316372.49173681263, -43449.11820515842
8, -245079.76166072465, -429612.752909663, -533203.0468134603, -594895.2269953853, -676503.4437974642, -743902.5387638076, -846454.5708573933, -930238.7768043685, -1012908.682031473, -1099478.9484078106, -1121631.0959155648, -1042909.9358814649, -860945.0052123178, -410083.3060358736, -20568.652136952773, -139515.64887353103, -338076.78391176043, -452911.6881461126, -528404.304462349, -651105.2557605885, -723114.0624131418, -787708.5710848018, -840348.8076820888, -875563.7313526621, -890705.045156817, -869623.8184752549, -766805.940758891, -615125.1528001853, -316372.4919364176, -43449.11940048897
9, -245079.76178455382, -429612.7530981604, -533203.0470432697, -594895.2272511641, -676503.44407829, -743902.5390689501, -846454.5712032808, -930238.7771848538, -1012908.6824493431, -1099478.9488678712, -1121631.0963945794, -1042909.9363553055, -860945.0056444302, -410083.3062927858, -20568.652155879725, -139515.64835261862, -338076.7839565316, -452911.6883016334, -528404.3045262721, -651105.255654861, -723114.0629374612, -787708.5712716321, -840348.8073353935, -875563.7317424205, -890705.0449422121, -869623.8186425342, -766805.9408593607, -615125.152757912, -316372.49161699065, -43449.11844096966
10, -245079.76108918086, -429612.7517547145, -533203.045373319, -594895.2253885997, -676503.4419530903, -743902.53672276, -846454.5685249589, -930238.7742416771, -1012908.6792439353, -1099478.9454141255, -1121631.0928974461, -1042909.9331675844, -860945.0030714214, -410083.30515225034, -20568.652110084957, -139515.64803425048, -338076.7822235182, -452911.68587660266, -528404.301737044, -651105.252329535, -723114.0589670133, -787708.566715988, -840348.8034265336, -875563.7268739158, -890705.0401861296, -869623.8140693036, -766805.9368086223, -615125.1497019092, -316372.49011440546, -43449.11861689935
11, -245079.76169133728, -429612.7529423022, -533203.0468720986, -594895.2270801857, -676503.4439085476, -743902.5389027519, -846454.5710326629, -930238.7770148979, -1012908.6822823443, -1099478.9487155913, -1121631.0962641723, -1042909.9362629135, -860945.0055887433, -410083.3062841983, -20568.652157003293, -139515.64851480513, -338076.783830766, -452911.6880167991, -528404.3042691096, -651105.2551939641, -723114.0627083501, -787708.5708340908, -840348.807222318, -875563.7308367066, -890705.0446348924, -869623.8183455319, -766805.9406023083, -615125.1528554396, -316372.49192829285, -43449.1176169616
12, -245079.76169592075, -429612.75296204956, -533203.0468552033, -594895.2270350147, -676503.443827469, -743902.538794671, -846454.570877649, -930238.7768181644, -1012908.6820333351, -1099478.948398839, -1121631.0958974534, -1042909.9358507943, -860945.0051858475, -410083.30601658445, -20568.652135935947, -139515.64924917146, -338076.783873744, -452911.6881000197, -528404.3045558326, -651105.2555580224, -723114.062507471, -787708.570819498, -840348.807520186, -875563.7314984052, -890705.044458362, -869623.8185614769, -766805.9409824326, -615125.1528107721, -316372.49203868146, -43449.11865088038
13, -245079.76164442932, -429612.7528928387, -533203.0468141843, -594895.2270050268, -676503.443803268, -743902.5387653057, -846454.5708576522, -930238.7768075494, -1012908.6820329492, -1099478.9484077313, -1121631.095914182, -1042909.9358734423, -860945.0052039218, -410083.30603750393, -20568.652136569843, -139515.64789861412, -338076.7839793131, -452911.68825056613, -528404.3042585936, -651105.2554278871, -723114.0628828197, -787708.5713465953, -840348.8074412136, -875563.7315413269, -890705.0453363514, -869623.8181859613, -766805.9405819736, -615125.1528588842, -316372.49191143847, -43449.11911769571
14, -245079.7616461403, -429612.7529030316, -533203.0468363198, -594895.2270395575, -676503.4438493927, -743902.5388182783, -846454.5709199994, -930238.7768780766, -1012908.6821142038, -1099478.948504037, -1121631.0960084137, -1042909.9359615161, -860945.0052750413, -410083.3060639587, -20568.652138373847, -139515.64808096027, -338076.7847152719, -452911.6893142762, -528404.305307845, -651105.2566409231, -723114.0644617295, -787708.5727429445, -840348.8088634313, -875563.7336831959, -890705.0465276234, -869623.8201001576, -766805.9421294264, -615125.1541477628, -316372.4922173756, -43449.11912208754
15, -273664.9024461397, -472154.22162969504, -588086.4120483396, -658874.2842294918, -753776.0896809301, -831484.2828901729, -950181.7554390195, -1046200.0741279855, -1142385.4012565338, -1249517.211746214, -1284027.6519389104, -1212083.9062290601, -1020305.0250314823, -512120.2553731351, -29107.975151362152, -205524.2356180839, -464538.0731242826, -590636.8568139891, -608277.9752977525, -729468.3894961154, -893623.3457329307, -950168.094064882, -1344542.5759919863, -1069090.743110403, -1151676.0940759494, -1202778.8055978515, -1105655.9130989565, -783858.5951505003, -447354.928370842, -102242.45391546868
16, -254428.9000011407, -442875.1295977818, -550582.0067784935, -616153.5788731837, -704071.7179443571, -776593.9373839288, -886801.4206877813, -976757.4385656684, -1066247.2085008821, -1162921.331635716, -1191694.494573794, -1117631.4995930484, -932638.393110893, -456893.471711506, -24442.692583759574, -165738.46950147772, -420218.1523041897, -566374.0944065173, -580868.3590505507, -688080.3673945919, -790190.407954156, -885807.3566234892, -1021880.8194137799, -995103.8637197725, -1005083.0711124706, -1050457.7717602805, -956119.2791267714, -708851.7760681476, -410439.8717245378, -87586.0914871267
17, -246939.1449491182, -433263.79869882803, -538967.1144165689, -602911.2876915807, -688297.0114003946, -758888.2322072552, -866086.8792909622, -953643.5001644474, -1040240.2681465398, -1131879.2035777706, -1156949.347612137, -1079328.3119431706, -894342.6390634242, -429930.28673577635, -22000.597652982295, -151644.16725580563, -377813.4778529136, -506301.5532028289, -551201.4217168371, -655488.2839096725, -731577.0086976803, -808684.8588399455, -868830.0130874233, -902341.6319594977, -910904.3258851827, -906898.7430232323, -792445.9652998726, -636021.3840405622, -335750.7243269625, -50988.171230438405
18, -243852.90617033612, -428102.85461226676, -532456.7492003752, -595196.6019114628, -678591.1686618101, -747579.821048167, -852543.9473981862, -938349.3540149259, -1023152.7533963684, -1112516.8747328036, -1136402.4143275411, -1058752.981223133, -875813.1884418263, -419206.74130629713, -21249.558814321193, -141167.5181683642, -341360.29659559974, -456315.58348549233, -529935.4570052777, -650682.4615471689, -722973.6986405277, -789091.3554310121, -842128.6151067688, -876924.4131307158, -891467.058606334, -871518.1883362646, -767198.8619582098, -615643.2965401463, -317581.5006406781, -46625.165645836445
19, -244196.17514244423, -427726.8563003791, -531092.0690047096, -592843.1370402337, -674676.8098465947, -742318.0202068905, -845266.0343588607, -929404.2023147324, -1012471.6643215688, -1099623.5406477745, -1122214.0624058058, -1043987.1719654915, -862210.5406980473, -411060.2289557615, -20658.57059528101, -139353.76484202442, -337763.5617814364, -452465.92244853126, -527847.3914664048, -650464.7707590733, -722434.8042526448, -787155.533894455, -839810.1455818774, -874948.6019791921, -890108.3076794205, -869122.2357678929, -766253.077934963, -614727.1261032755, -316227.58924515336, -44870.135459542034
20, -244973.09330253722, -429319.39114912285, -532856.8781193362, -594540.8722340876, -676159.0085333914, -743574.910215243, -846159.3906478055, -929975.7555488258, -1012684.2075056041, -1099316.6326108824, -1121522.8019523271, -1042878.4218161968, -860967.3120958097, -410144.52587684547, -20578.92799772498, -139324.67592141847, -338002.561741023, -452819.26195912104, -528251.8907051394, -650933.210117741, -723009.106247763, -787624.8636488003, -840163.3278445405, -875455.7030012141, -890599.0363943909, -869482.8292005557, -766684.4776668907, -615046.8315523991, -316336.1118660826, -43735.615479062115
21, -245068.38685671255, -429559.61140168074, -533135.7748876761, -594823.5704976867, -676429.5144420768, -743828.3758655929, -846381.4881230774, -930167.6997861192, -1012841.0734595384, -1099419.228731462, -1121580.5050396046, -1042877.0804165984, -860929.735235266, -410091.2607580452, -20571.345904652735, -139509.47767605158, -338063.7594534616, -452894.3140648507, -528386.7651673158, -651087.7934025908, -723095.4759177916, -787694.4016499356, -840333.8745106716, -875548.3388260273, -890693.3868312901, -869613.3306007711, -766796.6936952707, -615118.9269439186, -316369.97665600287, -43509.34363162862
22, -245077.29935248493, -429602.14120638015, -533189.3858077461, -594880.2994854003, -676487.20976377, -743885.3702061038, -846436.1759127441, -930219.4123053481, -1012888.4404341386, -1099458.0044469764, -1121610.3512351413, -1042891.5083423001, -860930.9098670825, -410079.07836442394, -20568.93528210571, -139515.9664514718, -338074.3129167741, -452908.3534971355, -528401.5689339628, -651102.8341502409, -723110.91814647, -787706.4361807491, -840347.4654914372, -875561.8087512424, -890704.1065849897, -869623.4640464494, -766805.6048360801, -615125.0354592311, -316372.43966435984, -43460.25882113471
23, -245079.3276223868, -429610.50955326617, -533200.1069870263, -594891.9449702249, -676499.7545690287, -743898.529903453, -846450.0945000581, -930233.9071110811, -1012903.4017630371, -1099473.1719899068, -1121625.1073730192, -1042904.2281848725, -860940.295306141, -410081.4295462435, -20568.66224077125, -139515.19978081857, -338076.25997464405, -452911.01413274236, -528403.603145888, -651104.6041502065, -723113.5273261046, -787708.2919660069, -840348.4053185448, -875563.4994558049, -890705.0050646821, -869623.7657968721, -766805.9074492296, -615125.2103098971, -316372.4981583041, -43451.37733942769
24, -245079.66236529598, -429612.22193576314, -533202.3436004778, -594894.4362243232, -676502.5466927454, -743901.5565281131, -846453.4615198744, -930237.5586032965, -1012907.3482955088, -1099477.4699887822, -1121629.5474209483, -1042908.4376619095, -860943.7507811806, -410082.7840456994, -20568.650645831916, -139515.56923529878, -338076.6543547765, -452911.5201002428, -528404.1396844964, -651105.1049283447, -723113.9263461545, -787708.496303297, -840348.7216244626, -875563.6717451607, -890705.0347593148, -869623.8134393317, -766805.938221045, -615125.1691729845, -316372.49328189983, -43449.64902756039
25, -245079.73782818485, -429612.62257681263, -533202.873101203, -594895.0311041713, -676503.2210691369, -743902.2945174535, -846454.2942203946, -930238.4722756268, -1012908.347810244, -1099478.5767600061, -1121630.7057113315, -1042909.5570041862, -860944.6868790891, -410083.17222130694, -20568.651517587772, -139515.63965961454, -338076.7509857557, -452911.64491492155, -528404.2656136994, -651105.2208686991, -723114.0258702474, -787708.5492483214, -840348.7895180691, -875563.7138579865, -890705.0401362755, -869623.818967524, -766805.9410380868, -615125.1564080132, -316372.4919595182, -43449.24946251996
26, -245079.73780600328, -429612.6225485033, -533202.8730975685, -594895.0311075697, -676503.2210722463, -743902.2945140046, -846454.2942217957, -930238.4722747419, -1012908.3478123568, -1099478.5767573419, -1121630.7057082483, -1042909.557002971, -860944.686874396, -410083.172219487, -20568.651517780643, -139515.63931617307, -338076.75099958637, -452911.6449397614, -528404.2654332464, -651105.2207523125, -723114.0261529163, -787708.5496160258, -840348.7900739561, -875563.7139063491, -890705.0410013478, -869623.8190087602, -766805.9410194679, -615125.1567503301, -316372.4918055396, -43449.249312447
27, -245079.73783252737, -429612.6225857081, -533202.8731011483, -594895.0311012538, -676503.2210695832, -743902.2945210766, -846454.2942231803, -930238.4722746911, -1012908.3478044397, -1099478.5767468964, -1121630.7056999756, -1042909.5569986439, -860944.6868722505, -410083.1722204985, -20568.65151764791, -139515.64135162046, -338076.7509128777, -452911.6447079515, -528404.26592883, -651105.2213027043, -723114.0254580906, -787708.5485766527, -840348.7901509409, -875563.7153117346, -890705.0405400775, -869623.8192490331, -766805.9410093669, -615125.1563685938, -316372.4917544914, -43449.24893157542
28, -245079.7380070828, -429612.6228517146, -533202.8734474018, -594895.0314880592, -676503.2214993248, -743902.294987311, -846454.2947468503, -930238.4728573923, -1012908.3484455225, -1099478.5774603616, -1121630.7064462735, -1042909.5577237817, -860944.6875197396, -410083.17259201984, -20568.65154399509, -139515.6400454873, -338076.75106221135, -452911.6450439514, -528404.2657754538, -651105.2209992568, -723114.026196105, -787708.54892125, -840348.7904115021, -875563.714284373, -890705.0407169864, -869623.8188785546, -766805.9412375418, -615125.1566488643, -316372.4918297423, -43449.24994322372
29, -245079.73725286173, -429612.62147864775, -533202.8717774847, -594895.0296408948, -676503.2194067065, -743902.2926792683, -846454.2921313121, -930238.4699851903, -1012908.3453241416, -1099478.5740893893, -1121630.7030259722, -1042909.5545750109, -860944.6849516034, -410083.1714012586, -20568.65148747362, -139515.63824206986, -338076.7491460626, -452911.64247660886, -528404.2625389672, -651105.2171291808, -723114.0220299469, -787708.5451267657, -840348.7849166217, -875563.7094542537, -890705.0356765499, -869623.8137984326, -766805.936716645, -615125.1531771295, -316372.4898616345, -43449.24857662229
30, -245079.73785488363, -429612.62260875833, -533202.8731613166, -594895.0311921655, -676503.2211764308, -743902.2946319138, -846454.2943518008, -930238.4724274256, -1012908.3479867874, -1099478.576969001, -1121630.7059414822, -1042909.5572504145, -860944.6871034066, -410083.17236619693, -20568.651529340423, -139515.6406944476, -338076.75085591804, -452911.64464666747, -528404.2656736736, -651105.2209156356, -723114.025523248, -787708.5484005364, -840348.7899487983, -875563.7137256917, -890705.0401225399, -869623.8187466096, -766805.9408254812, -615125.1565497528, -316372.49195350404, -43449.248049691865
31, -245079.73781154034, -429612.62255315087, -533202.8730949375, -594895.0311000022, -676503.2210660978, -743902.2945122417, -846454.2942123895, -930238.4722742871, -1012908.3478037337, -1099478.5767504375, -1121630.705702782, -1042909.5569998804, -860944.6868702956, -410083.17222011223, -20568.65151774146, -139515.63930158396, -338076.75098218466, -452911.6449589257, -528404.2654036414, -651105.2207584457, -723114.0263868851, -787708.5491295299, -840348.7901012196, -875563.7141395629, -890705.0411281497, -869623.8188992355, -766805.9412734075, -615125.157055065, -316372.4920237115, -43449.248510809026
32, -245079.73781535414, -429612.6225620402, -533202.8730971075, -594895.0311049072, -676503.2210705914, -743902.294517465, -846454.2942244112, -930238.4722771547, -1012908.3478148482, -1099478.576765244, -1121630.7057204552, -1042909.5570160155, -860944.6868883711, -410083.17223274277, -20568.6515181624, -139515.640828229, -338076.7509300866, -452911.644745685, -528404.2657639278, -651105.2209832445, -723114.025603771, -787708.5489585883, -840348.7902955791, -875563.7137717246, -890705.0405737539, -869623.8192422346, -766805.9408255467, -615125.1566476602, -316372.49218761106, -43449.249348400735
33, -245079.7379403598, -429612.62274363264, -533202.8733225509, -594895.0313546541, -676503.2213531744, -743902.2948251755, -846454.2945692929, -930238.4726569715, -1012908.3482284509, -1099478.5772227414, -1121630.7061984807, -1042909.5574943058, -860944.6873156466, -410083.1724856824, -20568.65153770837, -139515.6399892723, -338076.75102842203, -452911.64488652383, -528404.2656837632, -651105.2208763241, -723114.025940567, -787708.5493618363, -840348.7901733667, -875563.7137833106, -890705.0405602657, -869623.8192144185, -766805.9411651193, -615125.1568754513, -316372.49227293336, -43449.25001670142
34, -245079.73725935948, -429612.6214245474, -533202.8716613813, -594895.0294889109, -676503.2192206539, -743902.292475378, -846454.2918895918, -930238.4697143561, -1012908.3450307542, -1099478.5737705436, -1121630.7027036925, -1042909.5542987623, -860944.6847478095, -410083.1713456692, -20568.651491438613, -139515.6392773754, -338076.7492459758, -452911.6425298866, -528404.2629741459, -651105.2176211777, -723114.0221462499, -787708.5450053682, -840348.7857927231, -875563.7093154975, -890705.0358608415, -869623.8145521886, -766805.9373688396, -615125.1533228938, -316372.4903638597, -43449.24831054592
35, -245079.73784573533, -429612.6225959551, -533202.8731550112, -594895.0311796456, -676503.2211810697, -743902.2946531401, -846454.2944033796, -930238.4724903416, -1012908.3480670786, -1099478.5770734143, -1121630.7060655968, -1042909.5573992936, -860944.6872651741, -410083.17247616424, -20568.651539035625, -139515.63957581582, -338076.7509054066, -452911.644743278, -528404.2653289922, -651105.220728863, -723114.0256493699, -787708.5489559616, -840348.7897731431, -875563.7140894937, -890705.0400951687, -869623.8190974527, -766805.9409106785, -615125.1562422386, -316372.4918448096, -43449.247650906866
36, -245079.7378456225, -429612.62260427035, -533202.8731383453, -594895.031145568, -676503.2211058361, -743902.2945440015, -846454.2942421288, -930238.4722905387, -1012908.3478191702, -1099478.5767566843, -1121630.7057033596, -1042909.5569897889, -860944.6868588572, -410083.17221293366, -20568.651517593607, -139515.6398268909, -338076.75098784437, -452911.6448654873, -528404.2657548599, -651105.220840641, -723114.0257720235, -787708.5491907325, -840348.7898702541, -875563.7138928939, -890705.0404510133, -869623.8187092907, -766805.9407446315, -615125.1564321228, -316372.49197735765, -43449.24986769407
37, -245079.73781654186, -429612.6225597697, -533202.8731004352, -594895.0311105382, -676503.2210733234, -743902.2945146356, -846454.294221324, -930238.4722760067, -1012908.3478140889, -1099478.5767658162, -1121630.7057153578, -1042909.5570138519, -860944.6868831555, -410083.1722273835, -20568.651518302333, -139515.63945498533, -338076.7510245505, -452911.6449635394, -528404.26562291, -651105.2208162289, -723114.0259139505, -787708.5492239048, -840348.7898162088, -875563.71373388, -890705.0405145545, -869623.8192842788, -766805.9407696645, -615125.15662497, -316372.49228592624, -43449.248387550826
38, -245079.73781498056, -429612.6225684287, -533202.8731192721, -594895.031139038, -676503.2211170786, -743902.2945705256, -846454.2942869532, -930238.4723510544, -1012908.347901872, -1099478.5768559978, -1121630.7058087392, -1042909.5570994354, -860944.6869436855, -410083.17225849174, -20568.651519930107, -139515.63982159103, -338076.7516997224, -452911.6458576999, -528404.2667294199, -651105.222246827, -723114.0275571989, -787708.5507749781, -840348.7917715815, -875563.7154183497, -890705.0424327521, -869623.8207463722, -766805.9427414495, -615125.1583787729, -316372.49246285664, -43449.25033670697
