s
0.01020408163265306, 0.2551020408163265, 0.5, 0.7448979591836734, 0.9897959183673469
iteration, j dot B Redl, j dot B vmec
0, -207772.29055820985, -459904.16202953435, -696734.3977075433, -889521.5330819476, -25574.46043825902, -32676.847599917295, -541196.4251552467, -702828.5655317513, -521990.73206320876, -29153.037604144665
1, -207772.29055820985, -459904.16202953435, -696734.3977075433, -889521.5330819476, -25574.46043825902, -32676.847599917295, -541196.4251552467, -702828.5655317513, -521990.73206320876, -29153.037604144665
2, -207772.29055820985, -459904.16202953435, -696734.3977075433, -889521.5330819476, -25574.46043825902, -32676.847599917295, -541196.4251552467, -702828.5655317513, -521990.73206320876, -29153.037604144665
3, -207772.36963514582, -459904.96897964156, -696736.1280138919, -889524.2508321627, -25574.597378212726, -32676.84603819709, -541196.4028093395, -702828.6983873568, -521990.9103639361, -29153.054949899364
4, -219805.10214332046, -492534.14303389704, -745459.1671723406, -942593.7050584182, -27339.562754238723, -196539.28442921705, -473251.8137750071, -723325.5712979529, -872059.1351136811, -21846.177214775264
5, -219805.10214332046, -492534.14303389704, -745459.1671723406, -942593.7050584182, -27339.562754238723, -196539.28442921705, -473251.8137750071, -723325.5712979529, -872059.1351136811, -21846.177214775264
6, -219805.12033233212, -492534.61124502786, -745460.2300770507, -942595.4586370268, -27339.662550078145, -196539.2158058199, -473251.7086488621, -723325.5122401695, -872059.1497806218, -21846.18621866312
7, -206901.38657839535, -461714.9403069281, -700615.6489844508, -885070.9400910012, -24121.83434892208, -212933.16096564263, -440069.53531795286, -647360.6581844704, -841480.6349326061, -16692.28535510658
8, -206901.38657839535, -461714.9403069281, -700615.6489844508, -885070.9400910012, -24121.83434892208, -212933.16096564263, -440069.53531795286, -647360.6581844704, -841480.6349326061, -16692.28535510658
9, -206901.4307806501, -461715.4663252684, -700616.7685940288, -885072.7147906317, -24121.92321067932, -212933.10176855273, -440069.45485654543, -647360.6133493674, -841480.6410806677, -16692.274547650653
10, -217831.5579003832, -486844.80418625276, -735371.325854172, -926109.8019876542, -25845.044543425756, -190694.05969550295, -455819.6191603895, -717632.6423033455, -883760.2848389982, -18806.552903489006
11, -217831.5579003832, -486844.80418625276, -735371.325854172, -926109.8019876542, -25845.044543425756, -190694.05969550295, -455819.6191603895, -717632.6423033455, -883760.2848389982, -18806.552903489006
12, -217831.59282036556, -486845.2374573329, -735372.2626976594, -926111.313968997, -25845.12588363475, -190694.0033037893, -455819.51648103737, -717632.5488258976, -883760.2224088275, -18806.547201278823
13, -203672.65855457896, -454210.3834100338, -688509.4676381205, -866985.3543476663, -22566.81306977287, -208056.18910741014, -428828.8953313394, -636240.2069707941, -818347.749876687, -15010.47890468227
14, -210192.80181945267, -469260.4982678636, -710658.4341014986, -895083.0324583048, -23968.5236906427, -210330.60383734576, -444201.53691208886, -664197.9687444996, -848990.4122875417, -16569.443149946368
15, -210192.80181945267, -469260.4982678636, -710658.4341014986, -895083.0324583048, -23968.5236906427, -210330.60383734576, -444201.53691208886, -664197.9687444996, -848990.4122875417, -16569.443149946368
16, -210192.83192981983, -469260.8607622476, -710659.2037614349, -895084.2537968124, -23968.585031035, -210330.5489331906, -444201.4456444484, -664197.8761695832, -848990.3324818265, -16569.438646111987
17, -216281.863378042, -483409.9889704137, -729880.2664358743, -917284.1551022833, -24860.145429624543, -191659.12714242275, -449789.70183153223, -707760.7301425444, -872588.5450843908, -17569.29076726525
18, -216281.863378042, -483409.9889704137, -729880.2664358743, -917284.1551022833, -24860.145429624543, -191659.12714242275, -449789.70183153223, -707760.7301425444, -872588.5450843908, -17569.29076726525
19, -216281.88754988, -483410.28345958114, -729880.8960886508, -917285.1647896266, -24860.198452432127, -191659.08040555267, -449789.60817632405, -707760.621861636, -872588.4407270914, -17569.284734773217
20, -208223.21847061397, -465238.77058612974, -704313.1023061511, -884989.6147252257, -22907.95807597998, -207113.4179427107, -437459.3657056718, -658082.0235841451, -841411.1333240251, -16542.243154457246
21, -214629.12466971134, -479730.5043293759, -724830.6211872902, -910746.3668167669, -24383.206824402456, -199782.49093669592, -449637.8041464752, -694469.8066749789, -868321.7374019149, -17942.730978944048
22, -214629.12466971134, -479730.5043293759, -724830.6211872902, -910746.3668167669, -24383.206824402456, -199782.49093669592, -449637.8041464752, -694469.8066749789, -868321.7374019149, -17942.730978944048
23, -214629.14504136547, -479730.7587848776, -724831.1643664296, -910747.2356124895, -24383.251832032456, -199782.44619452077, -449637.71642194595, -694469.7029925071, -868321.6327704437, -17942.730865120073
24, -214400.32928046025, -479788.8771587879, -724643.7066655693, -909653.7012710467, -24099.50291147478, -195093.14465136552, -441078.7569966128, -699286.3983788666, -863074.3446477919, -16352.938213529735
25, -214400.32928046025, -479788.8771587879, -724643.7066655693, -909653.7012710467, -24099.50291147478, -195093.14465136552, -441078.7569966128, -699286.3983788666, -863074.3446477919, -16352.938213529735
26, -214400.34251893478, -479789.049633518, -724644.0742744864, -909654.2891749911, -24099.53331006432, -195093.11106429718, -441078.6887295118, -699286.3104705304, -863074.2524982863, -16352.937311817775
27, -215684.33750060544, -482988.28760049585, -729219.4235512615, -914760.8035774244, -24166.391666099553, -193257.04454786057, -446646.24710967037, -703059.1529453635, -867632.9557836914, -16523.009143361414
28, -215684.33750060544, -482988.28760049585, -729219.4235512615, -914760.8035774244, -24166.391666099553, -193257.04454786057, -446646.24710967037, -703059.1529453635, -867632.9557836914, -16523.009143361414
29, -215684.3447063925, -482988.39152592944, -729219.6459255277, -914761.1605981265, -24166.410380715395, -193257.02195085402, -446646.1987001631, -703059.089470139, -867632.8857871947, -16523.006986488967
30, -213683.499700171, -479260.44269528054, -723957.7915129869, -907514.94915832, -23549.447557965457, -195585.94626511668, -438734.94386564713, -697713.6221747465, -860147.5972978031, -15961.718336930906
31, -213683.499700171, -479260.44269528054, -723957.7915129869, -907514.94915832, -23549.447557965457, -195585.94626511668, -438734.94386564713, -697713.6221747465, -860147.5972978031, -15961.718336930906
32, -213683.50024092078, -479260.4507373899, -723957.8087044506, -907514.9766959357, -23549.44898362636, -195585.94425134177, -438734.93957058864, -697713.6162818534, -860147.5907072847, -15961.718525503791
33, -215778.54522769, -484247.84426909976, -731231.5352467543, -916167.3485295295, -23818.06919585076, -194987.5677527282, -447726.94874563883, -704183.3759987633, -870375.8438124501, -16430.218033934536
34, -215778.54522769, -484247.84426909976, -731231.5352467543, -916167.3485295295, -23818.06919585076, -194987.5677527282, -447726.94874563883, -704183.3759987633, -870375.8438124501, -16430.218033934536
35, -215778.5482779293, -484247.8944172808, -731231.6428743078, -916167.5217439954, -23818.07835315781, -194987.55362346975, -447726.9179748101, -704183.3333138122, -870375.7951110462, -16430.217055676272
36, -214299.57555437178, -481548.6320320291, -727445.7468657816, -910984.8673761245, -23387.868950162465, -197095.14444512696, -440787.6110825489, -700206.0791868988, -864420.5972399072, -15965.699204851757
37, -214299.57555437178, -481548.6320320291, -727445.7468657816, -910984.8673761245, -23387.868950162465, -197095.14444512696, -440787.6110825489, -700206.0791868988, -864420.5972399072, -15965.699204851757
38, -214299.58219707472, -481548.7404476787, -727445.9791767276, -910985.2404632614, -23387.88848436124, -197095.11123002044, -440787.54019101645, -700205.9784790162, -864420.4799707268, -15965.696841235971
39, -216127.74501459376, -485681.07618428156, -733441.430765169, -918296.5999056397, -23679.917705833497, -196174.78688863124, -448565.00394256413, -705589.1194869768, -872890.4793471651, -16399.645277540345
40, -216127.74501459376, -485681.07618428156, -733441.430765169, -918296.5999056397, -23679.917705833497, -196174.78688863124, -448565.00394256413, -705589.1194869768, -872890.4793471651, -16399.645277540345
41, -216127.75281227182, -485681.2065115242, -733441.7111792897, -918297.0519884839, -23679.941775543834, -196174.74523737567, -448564.91255038057, -705588.9905016999, -872890.327885018, -16399.643964751973
