s
0.01020408163265306, 0.07142857142857142, 0.1530612244897959, 0.21428571428571425, 0.2959183673469387, 0.3571428571428571, 0.43877551020408156, 0.5, 0.5612244897959183, 0.6428571428571428, 0.7040816326530611, 0.7857142857142856, 0.846938775510204, 0.9285714285714285, 0.9897959183673469
iteration, j dot B Redl, j dot B vmec
0, -243360.5596325757, -427356.1535436553, -531063.6609319914, -593014.9747146975, -674986.0065151919, -742603.2634528328, -845331.8177949871, -929133.9725910707, -1011692.7063893803, -1097896.6098619038, -1119620.8416952912, -1040252.8042109986, -857975.163206293, -407715.80201936816, -20326.31212920417, -157896.32545093945, -361441.65833467775, -468483.06523010775, -537678.1284677541, -657749.4265440607, -730674.4714769578, -799562.9198207026, -859247.1860337326, -903489.0028227532, -931280.169533759, -918807.4169192244, -819538.6758356261, -659351.2535886584, -335746.883296309, -41770.25932679879
1, -243360.5596325757, -427356.1535436553, -531063.6609319914, -593014.9747146975, -674986.0065151919, -742603.2634528328, -845331.8177949871, -929133.9725910707, -1011692.7063893803, -1097896.6098619038, -1119620.8416952912, -1040252.8042109986, -857975.163206293, -407715.80201936816, -20326.31212920417, -157896.32545093945, -361441.65833467775, -468483.06523010775, -537678.1284677541, -657749.4265440607, -730674.4714769578, -799562.9198207026, -859247.1860337326, -903489.0028227532, -931280.169533759, -918807.4169192244, -819538.6758356261, -659351.2535886584, -335746.883296309, -41770.25932679879
2, -243360.54856631625, -427356.14277412766, -531063.6551612066, -593014.9705157916, -674986.0034936643, -742603.2609255315, -845331.815712249, -929133.9707675847, -1011692.7048089062, -1097896.6086193542, -1119620.840704757, -1040252.8035836351, -857975.1627956944, -407715.8018597578, -20326.31212317563, -157896.9921625118, -361441.6700531804, -468483.07018654904, -537678.1284814969, -657749.4263967067, -730674.4710395986, -799562.9191047152, -859247.1855636059, -903489.001721158, -931280.168365649, -918807.4164928055, -819538.6746152185, -659351.2531683139, -335746.8828018896, -41770.259190533725
3, -243360.55585024154, -427356.14735451736, -531063.6525182003, -593014.9651395692, -674985.9953054488, -742603.2528110008, -845331.805548221, -929133.998142322, -1011692.7662065881, -1097896.6607981396, -1119620.8863128596, -1040252.8367485709, -857975.1848226076, -407715.8085024916, -20326.312190650366, -157896.32062167706, -361441.6583998724, -468483.0584778541, -537678.1333343127, -657749.335199827, -730674.5200856007, -799561.6185800082, -859238.6507197816, -903487.7095737584, -931280.2366284806, -918807.3409904116, -819538.6968543411, -659351.2608576997, -335746.89206784405, -41770.25546110332
4, -243358.2042724428, -427354.0740751163, -531060.9299733947, -593011.8012624697, -674982.2754611576, -742599.0984753892, -845326.9939975161, -929128.5656753903, -1011686.6284948771, -1097889.4654936995, -1119612.7807704017, -1040243.5987215162, -857965.625903734, -407708.7210972306, -20325.651698929934, -157895.56464086688, -361439.6940489574, -468480.5622389198, -537675.3369391141, -657746.0860870344, -730670.7648106783, -799558.945832352, -859243.0496343373, -903484.6592548455, -931275.7877940203, -918803.1856738022, -819534.9674363727, -659348.3059623509, -335745.40611144877, -41770.083188122146
5, -243360.55890641682, -427356.1535681718, -531063.6617723466, -593014.9760645453, -674986.0084790539, -742603.2658582452, -845331.8207555991, -929133.9759116775, -1011692.7099141289, -1097896.613271157, -1119620.8445469355, -1040252.8053840789, -857975.1624255207, -407715.79905513115, -20326.31159618707, -157896.3250865568, -361441.65830656915, -468483.06522648816, -537678.1283838757, -657749.4263540986, -730674.4716099184, -799562.9199241159, -859247.1862075577, -903489.002687125, -931280.1698486634, -918807.4173055812, -819538.6754788755, -659351.2536355722, -335746.8832993158, -41770.25922844964
6, -243360.55866576143, -427356.15299034404, -531063.6598631481, -593014.9733165841, -674986.0048228754, -742603.2616557599, -845331.8160249032, -929133.9710232082, -1011692.7053369901, -1097896.6099271243, -1119620.8427531957, -1040252.8067034474, -857975.166219978, -407715.80456151295, -20326.312428473364, -157896.3269438295, -361441.6582581272, -468483.0650324525, -537678.1288188808, -657749.427031229, -730674.4711074954, -799562.9189991168, -859247.1866736918, -903489.0023729772, -931280.1691722529, -918807.4174995028, -819538.6752448764, -659351.2533738744, -335746.8833566953, -41770.25920410149
7, -243361.22119658717, -427356.4843476119, -531064.1682859588, -593015.6093797055, -674986.7878396973, -742604.1392350288, -845332.7696291083, -929134.930019666, -1011693.5848557667, -1097897.3120321436, -1119621.4252817102, -1040253.2804085456, -857975.743797171, -407716.40515506145, -20326.368437356734, -157896.38448641342, -361442.27015266713, -468483.85702561407, -537678.9503855219, -657750.4054599315, -730675.6518398072, -799564.1906849352, -859248.3960358131, -903490.387054085, -931281.5694027941, -918808.729769131, -819539.8573280956, -659352.2112207378, -335747.3707950862, -41770.294152118186
8, -243360.56769788376, -427356.1395547638, -531063.6391033373, -593014.9498427717, -674985.9785112789, -742603.2329903721, -845331.7833557448, -929133.9344168992, -1011692.663373239, -1097896.5597177178, -1119620.787389133, -1040252.7490220891, -857975.1156154412, -407715.7787481543, -20326.311049851858, -157896.3155535724, -361441.64950768405, -468483.0554731392, -537678.1161264144, -657749.4123062703, -730674.4592230063, -799562.9066417344, -859247.1683595523, -903488.986876287, -931280.1516324895, -918807.3968242859, -819538.6560052342, -659351.2373429786, -335746.8739557667, -41770.25699340403
9, -243360.5587507661, -427356.1535794063, -531063.6607080827, -593014.9742120934, -674986.0058106333, -742603.262775882, -845331.8173904958, -929133.9726097519, -1011692.707137786, -1097896.611836853, -1119620.844388979, -1040252.8071582109, -857975.1650031962, -407715.8014000174, -20326.311926487186, -157896.32721788087, -361441.6581767071, -468483.06495413464, -537678.1288864255, -657749.4270087074, -730674.4708523292, -799562.9191539856, -859247.1869710096, -903489.0022425532, -931280.1688070431, -918807.4170893378, -819538.6754787271, -659351.2536256703, -335746.88337360596, -41770.25971819355
10, -243360.55779425372, -427356.15263826854, -531063.6584247864, -593014.971055862, -674986.001817351, -742603.2583568558, -845331.8125789288, -929133.9676260011, -1011692.7022106661, -1097896.607242904, -1119620.8401007596, -1040252.8033746656, -857975.1614299787, -407715.7990104469, -20326.311759004027, -157896.32852331418, -361441.6578531308, -468483.06458708434, -537678.1291288174, -657749.4273644722, -730674.4707074448, -799562.91852045, -859247.1876114121, -903489.0014236002, -931280.168887918, -918807.4171320584, -819538.6752061985, -659351.2529827212, -335746.8830924808, -41770.25987314719
11, -243360.57499889415, -427356.17999044596, -531063.6884932538, -593015.0014364893, -674986.0303119947, -742603.2837877745, -845331.8320384388, -929133.981057982, -1011692.7074509485, -1097896.6001840706, -1119620.8255250864, -1040252.7832729401, -857975.1450719632, -407715.7924241663, -20326.311127969842, -157896.31313402887, -361441.6594687123, -468483.0672519012, -537678.1261587319, -657749.4233625259, -730674.4750401675, -799562.923772768, -859247.1819911777, -903489.0060579599, -931280.1718981225, -918807.4153972145, -819538.6744671755, -659351.2544610694, -335746.88369308994, -41770.2591143579
12, -243360.55381762705, -427356.1528497529, -531063.6578078468, -593014.9698291672, -674986.0004098034, -742603.2575453352, -845331.8137250098, -929133.971353995, -1011692.7099345488, -1097896.621305969, -1119620.8579482627, -1040252.8221034366, -857975.1746943013, -407715.8007888071, -20326.31153078605, -157896.33491312654, -361441.65761239966, -468483.06372832536, -537678.1303235465, -657749.4290886805, -730674.4690855321, -799562.9167830695, -859247.1895939816, -903489.0001982702, -931280.1676324841, -918807.4187957668, -819538.6761633252, -659351.2527156149, -335746.8829939392, -41770.25885546968
13, -243360.5606096366, -427356.1538611896, -531063.660542533, -593014.9738861934, -674986.0051404268, -742603.2616870351, -845331.8155409407, -929133.9700207901, -1011692.7036254923, -1097896.6071619238, -1119620.8394426054, -1040252.8033984615, -857975.1641079183, -407715.80481698934, -20326.312609802135, -157896.32550098357, -361441.65831653366, -468483.06527123455, -537678.1285788367, -657749.4265242714, -730674.4715568804, -799562.919687567, -859247.1861718834, -903489.0022937143, -931280.1695963715, -918807.4169200257, -819538.6754527958, -659351.2533387248, -335746.8831364404, -41770.25883571557
14, -243360.55962476393, -427356.15342416114, -531063.6606370219, -593014.9743108101, -674986.0059879355, -742603.2628428945, -845331.8170972975, -929133.9718544779, -1011692.7056465166, -1097896.6092438435, -1119620.8413308137, -1040252.8045416581, -857975.1643033256, -407715.80372930353, -20326.31236209585, -157896.3254107652, -361441.6583642036, -468483.06525999546, -537678.1284231275, -657749.4264381386, -730674.4714766017, -799562.9196494673, -859247.1864358074, -903489.002703609, -931280.1694839629, -918807.4174441848, -819538.6754403198, -659351.2536741843, -335746.8831170284, -41770.25853171671
15, -243360.9608247579, -427356.12529609347, -531063.7233617514, -593015.1123993979, -674986.2281661555, -742603.529921435, -845332.0793869154, -929134.1658620922, -1011692.738208446, -1097896.351278922, -1119620.3883031188, -1040252.1915641603, -857974.7080112564, -407715.7349958047, -20326.314024010662, -157896.40802776354, -361442.17981910513, -468483.7466159037, -537678.8551644671, -657750.3033897273, -730675.5094620682, -799564.0455317431, -859248.2972086715, -903490.2495976392, -931281.448817084, -918808.6447099404, -819539.7921669952, -659352.1541970151, -335747.3470033445, -41770.29540967475
16, -243360.49866541178, -427356.1896128851, -531063.6590358004, -593014.9279856756, -674985.9226167501, -742603.165117555, -845331.7284168829, -929133.9214835642, -1011692.7349856216, -1097896.7914914861, -1119621.1451646176, -1040253.2345562887, -857975.5829470679, -407716.0295851795, -20326.325097061108, -157896.4683372433, -361441.65973278676, -468483.05630559206, -537678.1647452718, -657749.4735820473, -730674.4524383874, -799562.8980814036, -859247.2510244645, -903488.9919399273, -931280.1705126598, -918807.456954429, -819538.7056962327, -659351.2680203505, -335746.8913028132, -41770.26427767276
17, -243360.55835299764, -427356.15335235576, -531063.660302035, -593014.9737837214, -674986.0054143356, -742603.2624328618, -845331.8171507573, -929133.9724732223, -1011692.7071692384, -1097896.6121976385, -1119620.8450667867, -1040252.8083643212, -857975.1665669101, -407715.8030923966, -20326.31213126911, -157896.32765549453, -361441.65815956064, -468483.0648965349, -537678.1289759495, -657749.4271301902, -730674.4709804341, -799562.9187106468, -859247.1871815003, -903489.0021885046, -931280.1689159914, -918807.4174055663, -819538.6756657342, -659351.2533510652, -335746.8833002329, -41770.258459321885
18, -243360.55593882815, -427356.15180655895, -531063.657060944, -593014.9693961131, -674986.0000058316, -742603.2566737018, -845331.8114249506, -929133.9672424743, -1011692.703109721, -1097896.6105735688, -1119620.8455274878, -1040252.8114882087, -857975.1702618841, -407715.80531401595, -20326.31230638663, -157896.33047063317, -361441.6577569798, -468483.06426482694, -537678.1293720717, -657749.4277071827, -730674.469915776, -799562.9177558722, -859247.1880021559, -903489.0011308696, -931280.1680112771, -918807.4175869751, -819538.6756981966, -659351.2530753573, -335746.88291109796, -41770.25891998606
19, -243360.53039604728, -427356.1112596012, -531063.626627384, -593014.9497083189, -674985.9933551713, -742603.2578967038, -845331.8202758214, -929133.9789028874, -1011692.7135129046, -1097896.613011147, -1119620.8386300646, -1040252.7899420243, -857975.1437634901, -407715.78714487405, -20326.311029112374, -157896.31876998756, -361441.6605206082, -468483.0672722417, -537678.127115102, -657749.4237830341, -730674.4724719303, -799562.9207859158, -859247.1820873915, -903489.0028387489, -931280.1699952008, -918807.4151391332, -819538.6745555011, -659351.2539637819, -335746.88351256895, -41770.25985736903
20, -243360.5518183253, -427356.15226419724, -531063.6567523117, -593014.9684932412, -674985.9988936193, -742603.2558453844, -845331.811391686, -929133.9681389906, -1011692.7057398262, -1097896.6161312603, -1119620.8528603036, -1040252.8204360823, -857975.1777052023, -407715.8085762356, -20326.312447252727, -157896.33780874536, -361441.65740527195, -468483.06336979, -537678.1309858392, -657749.4297255718, -730674.4683017221, -799562.9159590539, -859247.1912104342, -903488.9994072091, -931280.1669541016, -918807.4189411602, -819538.6763357541, -659351.2528036971, -335746.8830886371, -41770.25947073186
21, -259497.16228602006, -449312.49841725605, -560863.4696698734, -628735.2981876452, -719401.384765436, -794583.7320678906, -908887.9317447725, -1002564.6588232568, -1095765.3928292962, -1196298.2840271704, -1227395.7629594377, -1154709.835914377, -967563.796770186, -480159.8696406672, -26601.670200771467, -244241.48858196495, -434730.12777272676, -545895.1098333842, -614321.4042884738, -710150.3416900536, -785727.622159028, -895990.3245124632, -987016.7474956956, -1075402.5032164583, -1170022.6437291235, -1199026.0385660017, -1125988.4847056908, -943672.3112941443, -472647.42621727963, -29618.269421569552
22, -241281.1624736071, -426241.33816574316, -533328.7050212561, -598622.9542033128, -685811.6951831657, -757901.6286177391, -867007.6360040994, -955813.7441846889, -1043453.2855200467, -1135996.0840389011, -1161520.1233502238, -1084451.7946620984, -899770.040065085, -434507.10482036514, -22481.11522666798, -215381.26657959938, -417133.08864727436, -511777.5182507098, -587794.024767533, -679300.5242675461, -754607.9069287808, -852487.9501320787, -940093.4815587625, -1008395.3163848538, -1092166.4766402845, -1102888.311716194, -1023262.0846991938, -846298.2390959221, -408161.7920632834, -29982.702191112206
23, -238104.57139568083, -420563.6883819117, -525136.8340694914, -588243.8674337273, -671834.2411688218, -740600.4071120556, -844545.7937912918, -928927.4061967501, -1011756.7391179343, -1097717.1784828063, -1118803.9115490457, -1038258.7242569317, -855302.0239364861, -405612.10142626736, -20163.88302711419, -175110.09769453562, -379612.31058470276, -476128.33358134574, -551189.8404648378, -660323.3191684871, -734245.0421215349, -810289.3584427044, -879355.2227821333, -924618.7409899005, -970701.9107778585, -960544.3524400298, -867721.8896960642, -703653.0596789143, -347147.82962172467, -36733.71874685086
24, -240493.00969894763, -423366.0133386122, -527622.248889724, -590283.3578860473, -673175.6137523175, -741372.780586584, -844621.3744226642, -928563.0601931908, -1011011.8901775152, -1096609.0976443223, -1117553.4424097831, -1036980.6312539041, -854150.452218624, -404924.56651447737, -20122.73196638636, -161927.0216961362, -365806.1786012726, -470158.35619309836, -540859.0549442052, -658473.9155892729, -731644.0967454985, -802006.1614850446, -863775.1707277456, -907910.5083795795, -939732.9841625768, -927553.5257759965, -829727.8199817196, -668777.2420923366, -337980.4484497425, -40596.35115286977
25, -241896.40335187266, -425082.7816953437, -529108.1210964825, -591486.0725690727, -673999.5952367409, -741947.4043565298, -844972.7990275117, -928864.1792435744, -1011378.4738398694, -1097283.7626372497, -1118619.1933847112, -1038659.9668956362, -856133.1372468262, -406429.766794601, -20242.767754671564, -158649.56012199022, -362276.9365835668, -468856.8546392455, -538317.6955135956, -657969.4809804792, -730908.8015358867, -800003.9560678275, -860021.9031989038, -904190.1583869773, -932616.5725780632, -920170.4284880548, -821135.746722147, -660835.02623948, -336077.1398734002, -41572.546673292934
26, -242826.75001175597, -426503.76986530074, -530309.7141058899, -592401.5688423585, -674535.6953881361, -742237.7502394683, -845019.6196598446, -928811.1942797037, -1011312.7283384127, -1097366.9756902133, -1118938.9621644963, -1039382.8456207844, -857074.7168624778, -407151.2636277506, -20292.70129360854, -157971.488544869, -361528.9246213387, -468527.98423873994, -537748.9968838015, -657775.0549490567, -730694.907279673, -799588.7834688034, -859290.3960524031, -903511.3516623412, -931345.6683000923, -918864.5864155736, -819617.9150512853, -659431.2015351922, -335746.1429379245, -41746.76851988578
27, -243225.20550637954, -427157.10491845047, -530874.8452798687, -592848.0496584238, -674840.2055272461, -742462.2890198552, -845180.3458081323, -928960.6553796596, -1011485.8467229963, -1097628.6880327384, -1119301.6778101148, -1039882.0766777339, -857609.8887293105, -407491.64743998565, -20312.335657382755, -157900.46997497627, -361423.34539807704, -468451.2187411665, -537646.8119588245, -657702.4959778222, -730616.2036053254, -799497.055113957, -859180.4056655231, -903409.4997912099, -931200.9801589139, -918728.2225518465, -819469.1408887722, -659296.5758934577, -335713.6580223772, -41763.58871752586
28, -243338.05776638625, -427323.9882074816, -531029.9897310568, -592982.2227195445, -674952.0966997275, -742565.8430836279, -845285.5103117599, -929077.3659033321, -1011622.6862099214, -1097804.8156706684, -1119512.1576070283, -1040127.9380471462, -857852.5902925578, -407640.0405963548, -20321.453555631673, -157889.88952300837, -361425.2698303868, -468460.94773289625, -537653.260902058, -657717.5153074239, -730638.4318698223, -799522.819790248, -859203.7855812359, -903442.1888761534, -931232.0567158494, -918759.2270638511, -819495.9889996053, -659317.09515864, -335728.70807317726, -41767.575498774786
29, -243338.0467818615, -427323.9774467911, -531029.9839952765, -592982.218577161, -674952.093751844, -742565.8406303972, -845285.5082858311, -929077.3641108581, -1011622.6846118404, -1097804.8143248213, -1119512.1564551601, -1040127.9372124581, -857852.5897248471, -407640.04039631016, -20321.453551147228, -157890.55607709623, -361425.2815993998, -468460.9527330006, -537653.2607192989, -657717.515203502, -730638.4311212046, -799522.8191715583, -859203.7848628078, -903442.1886767364, -931232.0556302554, -918759.2266182454, -819495.9882907085, -659317.0942248232, -335728.7075038147, -41767.57441611915
30, -243338.0546324694, -427323.98208538484, -531029.9816067419, -592982.2136165275, -674952.0860951116, -742565.8330435276, -845285.4985349933, -929077.3917038931, -1011622.7458797487, -1097804.8657680354, -1119512.200919359, -1040127.9689310567, -857852.6106059368, -407640.0467672454, -20321.45362844096, -157889.88352366452, -361425.2700284158, -468460.9411402576, -537653.2655600113, -657717.4237382307, -730638.4806468466, -799521.5191151546, -859195.2499344414, -903440.8966818934, -931232.1236865381, -918759.1506282743, -819496.0106966315, -659317.1029049561, -335728.7168503755, -41767.57051701309
31, -243335.82007803576, -427321.90579004586, -531027.3112874354, -592979.1527368142, -674948.5223962723, -742561.8523294871, -845280.8403258784, -929072.0544602483, -1011616.5939314923, -1097797.4628176906, -1119503.7471328387, -1040118.2589516554, -857842.6288432187, -407632.7780280647, -20320.786172983157, -157889.02761063434, -361423.311102578, -468458.4605079595, -537650.4541868924, -657714.1535613101, -730634.749672356, -799518.8718399084, -859199.6135637257, -903437.8644348187, -931227.6890878825, -918754.9851018541, -819492.2784276108, -659314.150944073, -335727.2336372169, -41767.391947228716
32, -243338.0568450222, -427323.98821117374, -531029.9904879982, -592982.2239318185, -674952.0984893098, -742565.8453141716, -845285.5131354206, -929077.3691548334, -1011622.6897843094, -1097804.8193405087, -1119512.1608586984, -1040127.9397179864, -857852.5899084592, -407640.03773080686, -20321.45302002021, -157889.8895561267, -361425.2698077691, -468460.947723181, -537653.2607919844, -657717.5155035851, -730638.4317044814, -799522.8196110931, -859203.7854423437, -903442.1893888899, -931232.0564645675, -918759.2269587277, -819495.9894816318, -659317.0953339473, -335728.707992181, -41767.57677058924
33, -243338.05766531822, -427323.987750886, -531029.9890491404, -592982.2219398338, -674952.0958064103, -742565.8420828201, -845285.509169845, -929077.3646827743, -1011622.68498116, -1097804.8146312376, -1119512.1569433443, -1040127.9383460146, -857852.5915871008, -407640.0427228174, -20321.453869157085, -157889.88950966892, -361425.2698735179, -468460.9477507268, -537653.2608829082, -657717.5154270434, -730638.4318075276, -799522.8198919303, -859203.7854857262, -903442.1895606766, -931232.0565557863, -918759.2268415148, -819495.9892888273, -659317.0953553333, -335728.70799593034, -41767.574930198054
34, -243337.9076292353, -427324.1183194432, -531030.1173657294, -592982.3627176315, -674952.280460344, -742566.0918557602, -845285.9337369084, -929078.0089335474, -1011623.6445832629, -1097806.2726045828, -1119513.9581060794, -1040130.0183794498, -857854.5098593159, -407641.04244369484, -20321.511535887326, -157890.35441259714, -361425.85991895036, -468461.67777323845, -537654.1499911597, -657718.5863240075, -730639.5085438619, -799523.9779084813, -859205.1438098883, -903443.4900362991, -931233.3950234286, -918760.5930149459, -819497.1858117785, -659318.0404471449, -335729.18758839264, -41767.65666442938
35, -243338.0624002866, -427323.9739044657, -531029.966406483, -592982.1953906023, -674952.0655102833, -742565.8094408697, -845285.4733718305, -929077.3263464901, -1011622.6439034414, -1097804.7699471372, -1119512.1102133153, -1040127.8916544337, -857852.549630881, -407640.01901686145, -20321.45241828572, -157889.88614321413, -361425.26055081794, -468460.936987576, -537653.249692657, -657717.5028150384, -730638.4178772817, -799522.8049185547, -859203.7700226377, -903442.1722209963, -931232.0377628016, -918759.2078521522, -819495.9699274778, -659317.0788128258, -335728.69854529604, -41767.57409343726
36, -243338.05792756405, -427323.9883471783, -531029.9899829088, -592982.2229880444, -674952.0969901708, -742565.8434013929, -845285.5106935139, -929077.3663590527, -1011622.6867534292, -1097804.816299787, -1119512.1581899535, -1040127.9383107272, -857852.5899804231, -407640.0394713942, -20321.453370997013, -157889.88943335618, -361425.26985132345, -468460.94774788764, -537653.2607746783, -657717.5154467808, -730638.4319648268, -799522.8198200818, -859203.7855001813, -903442.1894225712, -931232.0566673571, -918759.2272040021, -819495.9889751207, -659317.0956187136, -335728.7078955956, -41767.57443425542
37, -243338.07941778834, -427323.996237585, -531029.9898119229, -592982.224043231, -674952.1028456895, -742565.8542148819, -845285.527590439, -929077.3855413601, -1011622.7057343874, -1097804.8297542413, -1119512.1656367707, -1040127.9295025979, -857852.5703496151, -407640.02403334837, -20321.452467565687, -157889.857467831, -361425.27225762245, -468460.95342813694, -537653.2537005055, -657717.5052888494, -730638.4412289044, -799522.8308629143, -859203.775183207, -903442.1968346505, -931232.063657001, -918759.2225807448, -819495.985783536, -659317.0953346123, -335728.70814826386, -41767.574674210045
38, -243338.06691185612, -427324.01404618344, -531030.0145451168, -592982.2449752727, -674952.1147467225, -742565.8576984229, -845285.5200884148, -929077.3719465052, -1011622.6886483605, -1097804.8140971367, -1119512.1540492305, -1040127.9331001015, -857852.584739711, -407640.03406570933, -20321.452450472832, -157889.8889225793, -361425.2701067589, -468460.94796937867, -537653.2608301322, -657717.5152908755, -730638.4322211845, -799522.8200570261, -859203.7852360437, -903442.1896322761, -931232.0567530228, -918759.2268626294, -819495.9889808204, -659317.0954217177, -335728.7082125004, -41767.57552564467
39, -243338.0789040054, -427323.9967376303, -531029.9907104757, -592982.2253209024, -674952.1046797319, -742565.8566267155, -845285.531268376, -929077.3906649669, -1011622.7127314308, -1097804.839309871, -1119512.1764320505, -1040127.9392368731, -857852.5765142866, -407640.0240809216, -20321.452299848126, -157889.85735707165, -361425.27251557756, -468460.9536161745, -537653.2537253038, -657717.5052666889, -730638.4413764223, -799522.8310877242, -859203.7754293183, -903442.1970963879, -931232.0644133084, -918759.222956828, -819495.9860244248, -659317.0959283832, -335728.70860915206, -41767.57608132064
40, -243338.05885616562, -427323.9885335583, -531029.9893887731, -592982.2219699973, -674952.0954344126, -742565.8414260854, -845285.5081411888, -929077.3633825994, -1011622.6834242211, -1097804.8128280237, -1119512.1551333235, -1040127.9369492475, -857852.590971111, -407640.0433324193, -20321.454037057963, -157889.8895167208, -361425.2698845573, -468460.94772690284, -537653.2608339288, -657717.5154564113, -730638.4317470094, -799522.8194865847, -859203.7856987927, -903442.189059253, -931232.0564608161, -918759.2269089958, -819495.9891987647, -659317.0952849225, -335728.7080051603, -41767.575201544074
41, -243338.05772946827, -427323.98807641584, -531029.9894201905, -592982.2222956439, -674952.0961522367, -742565.8424534773, -845285.5095983691, -929077.3651560204, -1011622.6854749843, -1097804.8150865766, -1119512.1572956038, -1040127.938443772, -857852.5914462879, -407640.04232233984, -20321.453788224557, -157889.88964971577, -361425.2698817799, -468460.9477459374, -537653.2608794017, -657717.5153308492, -730638.4316125584, -799522.8198597477, -859203.7855060467, -903442.1893650125, -931232.0563865455, -918759.2267251578, -819495.9889950306, -659317.0953929999, -335728.70803386875, -41767.57542515301
42, -243337.70734509896, -427323.7366692472, -531029.6947509667, -592981.9360370993, -674951.8471899616, -742565.6376772099, -845285.3995688327, -929077.3641221478, -1011622.8377728665, -1097805.2066415437, -1119512.7085298747, -1040128.598575064, -857853.147517739, -407640.2180746163, -20321.450747756713, -157890.2059938835, -361425.78200701607, -468461.59380670456, -537654.0240050573, -657718.440533292, -730639.4110709074, -799523.8841486089, -859204.9827364844, -903443.3951456506, -931233.3037326001, -918760.4826556934, -819497.1058704035, -659317.9922057043, -335729.16878999054, -41767.648378493825
43, -243338.05438321558, -427324.00749074935, -531030.0206647322, -592982.2591465373, -674952.138929848, -742565.8890369084, -845285.5605242245, -929077.418599694, -1011622.7407813735, -1097804.8716495784, -1119512.2137321075, -1040127.9920023362, -857852.6398254381, -407640.07269877597, -20321.45639614271, -157889.89611056642, -361425.28040213854, -468460.95973835647, -537653.273982772, -657717.5301840776, -730638.4467382033, -799522.8354307904, -859203.8033222505, -903442.2083200699, -931232.0772649942, -918759.2495909616, -819496.01157089, -659317.1152711863, -335728.719639326, -41767.57660229663
44, -243338.0577475938, -427323.9881333504, -531029.9896609411, -592982.2227009552, -674952.0967826683, -742565.8432470841, -845285.5106019545, -929077.3663067335, -1011622.6867463159, -1097804.816390765, -1119512.1584403983, -1040127.9389539664, -857852.5910842852, -407640.0410273753, -20321.45357735464, -157889.8893411026, -361425.26985071035, -468460.9477442644, -537653.260721075, -657717.5152995351, -730638.4318155498, -799522.8198009566, -859203.7857252664, -903442.189587477, -931232.0565799093, -918759.2271998773, -819495.9891013054, -659317.0953961208, -335728.70798292436, -41767.57573862791
45, -243338.07856678174, -427323.99550213874, -531029.988889144, -592982.2231022313, -674952.10196683, -742565.8534597738, -845285.5271671725, -929077.3855644306, -1011622.7064417816, -1097804.83180434, -1119512.169054938, -1040127.9350529369, -857852.5771446656, -407640.02983817755, -20321.453030624183, -157889.85753679377, -361425.2722977025, -468460.9534722873, -537653.2536096757, -657717.5051913803, -730638.441243355, -799522.8306102384, -859203.7754698247, -903442.1964732219, -931232.064011539, -918759.2226325275, -819495.9857533979, -659317.0953824059, -335728.70823817345, -41767.57640797813
46, -243338.02385197429, -427323.9454982054, -531029.9534007414, -592982.1943980644, -674952.0792539085, -742565.8332585118, -845285.5094571011, -929077.370410945, -1011622.6943805416, -1097804.8249385003, -1119512.1640566988, -1040127.935865632, -857852.58038503, -407640.0280933894, -20321.452381761825, -157889.8918199853, -361425.2713483149, -468460.9483862388, -537653.2612754464, -657717.5150727787, -730638.4304190264, -799522.817919585, -859203.7841549902, -903442.1879061824, -931232.0554789545, -918759.2265542025, -819495.988913698, -659317.0955266794, -335728.7080257689, -41767.57479632964
47, -243338.07844257692, -427323.99627980724, -531029.9903414464, -592982.225131687, -674952.1046427091, -742565.8563996671, -845285.5300971644, -929077.3881156957, -1011622.7082697822, -1097804.8321790975, -1119512.1682405905, -1040127.9335965985, -857852.576367358, -407640.03106349625, -20321.453235601264, -157889.85716677198, -361425.27249746973, -468460.95363686053, -537653.253807178, -657717.5052927409, -730638.4413938199, -799522.8307754212, -859203.7752493145, -903442.1968809018, -931232.0640164467, -918759.2231152536, -819495.9860086021, -659317.0957825739, -335728.7085100593, -41767.57686589123
48, -243277.5481943179, -427233.06245115615, -530947.1217137707, -592911.9049735612, -674894.2891195465, -742512.1613381605, -845229.3423455291, -929012.6723260591, -1011543.6729356496, -1097698.1755948793, -1119381.118548004, -1039970.0038353899, -857693.3599427805, -407540.10834007186, -20315.116974693363, -157890.49300154112, -361423.21258524543, -468454.83746884495, -537647.4390706709, -657706.4985835551, -730625.5153464983, -799507.873326832, -859187.4487468422, -903422.9179494908, -931213.5213379102, -918739.6977640557, -819479.7380133602, -659304.9282448066, -335720.0728592146, -41765.16805195884
49, -243277.53722235165, -427233.0516962346, -530947.1159873008, -592911.9008381773, -674894.2861819812, -742512.1588941138, -845229.3403337484, -929012.670545875, -1011543.6713460527, -1097698.1742416003, -1119381.1173945095, -1039970.0029822979, -857693.3593593043, -407540.1081359707, -20315.116970302908, -157891.15961604344, -361423.22434264154, -468454.8424768343, -537647.4389752016, -657706.4982303322, -730625.5144972033, -799507.8727438202, -859187.4477690036, -903422.917692727, -931213.5209490927, -918739.6965692618, -819479.7375877645, -659304.927398088, -335720.0727965234, -41765.166812886644
50, -243277.54512863688, -427233.05635849346, -530947.1136431713, -592911.8959362563, -674894.2786078097, -742512.151400398, -845229.3306575052, -929012.6981848704, -1011543.7326247878, -1097698.2256320168, -1119381.161754613, -1039970.0345634641, -857693.3801359946, -407540.1144840645, -20315.117047354666, -157890.4871435684, -361423.2127383997, -468454.83086291497, -537647.4436811854, -657706.4069817966, -730625.5640101297, -799506.5722969403, -859178.9131811162, -903421.625075325, -931213.5888266221, -918739.6211749138, -819479.7596382729, -659304.935469538, -335720.0814610932, -41765.16308943787
51, -243275.3044884311, -427230.97806050454, -530944.4386082462, -592908.8279913972, -674890.7049790823, -742508.1591403461, -845224.6612650579, -929007.3523325799, -1011537.5770941749, -1097690.827438714, -1119372.7186542808, -1039960.3405322214, -857683.4117047824, -407532.84937034606, -20314.44976025437, -157889.6136717969, -361421.25534925674, -468452.3529983732, -537644.6288035121, -657703.1317761648, -730621.8380746731, -799503.9313689044, -859183.271106892, -903418.5982092066, -931209.1578181207, -918735.4532703956, -819476.0262825906, -659301.9844500048, -335718.59887568606, -41764.98588659812
52, -243277.54726056245, -427233.0624560053, -530947.1224649225, -592911.9061691739, -674894.2908833148, -742512.1635400607, -845229.3451480743, -929012.6755687749, -1011543.676525786, -1097698.1793082398, -1119381.121876821, -1039970.0055932354, -857693.3596368361, -407540.10550095205, -20315.11643988719, -157890.4929490628, -361423.2125764772, -468454.8375140417, -537647.4390682902, -657706.4985857441, -730625.5152157638, -799507.8731863529, -859187.448392306, -903422.9182245438, -931213.5216822036, -918739.6973471122, -819479.7383342221, -659304.9283241271, -335720.0730246124, -41765.169241763055
53, -243277.54816742922, -427233.06201940344, -530947.1210902332, -592911.9042829884, -674894.2883497837, -742512.1604803018, -845229.3413408294, -929012.6712133214, -1011543.6717581941, -1097698.1745007657, -1119381.1177569241, -1039970.0039287421, -857693.3610682096, -407540.11042838235, -20315.1172887034, -157890.49313545396, -361423.21262895834, -468454.8375099937, -537647.4391601215, -657706.4986151592, -730625.5151180669, -799507.873278781, -859187.4486824197, -903422.9179688034, -931213.5211493016, -918739.6971492033, -819479.7383104869, -659304.9278629455, -335720.0729125716, -41765.16741177593
54, -243277.64392618724, -427233.23392094823, -530947.3817217045, -592912.2401968352, -674894.7351559759, -742512.7029632626, -845230.0397401474, -929013.5101497405, -1011544.6694451057, -1097699.396497057, -1119382.4815106953, -1039971.4556852574, -857694.6981359958, -407540.88112026756, -20315.167503154233, -157890.74939217162, -361423.8147123317, -468455.59895215207, -537648.2930618692, -657707.521491436, -730626.6487836887, -799509.0937180772, -859188.7264710272, -903424.2683777964, -931214.8967903008, -918741.0331820063, -819480.9234573725, -659305.8808476292, -335720.5568143122, -41765.22451385535
55, -243277.55250928045, -427233.0481142628, -530947.0982092877, -592911.8773092257, -674894.2574145016, -742512.1270771396, -845229.3047956396, -929012.6322933519, -1011543.630425886, -1097698.1301307343, -1119381.0717633415, -1039969.9583538685, -857693.320055856, -407540.0869614359, -20315.1158405713, -157890.48875831754, -361423.2033771953, -468454.8268746258, -537647.4277927642, -657706.4858473795, -730625.5013730514, -799507.858701305, -859187.4328063657, -903422.9009607362, -931213.5027893394, -918739.6779499082, -819479.7191337113, -659304.9115015853, -335720.0633250156, -41765.16629590304
56, -243277.54843380017, -427233.0626186591, -530947.1220369102, -592911.9053515103, -674894.2895683376, -742512.1618376612, -845229.3429059756, -929012.6729282215, -1011543.6735581672, -1097698.176174668, -1119381.119001853, -1039970.0038754931, -857693.3594490967, -407540.10717875755, -20315.116790251024, -157890.4931613022, -361423.212593346, -468454.83756790566, -537647.4391987222, -657706.4985506966, -730625.5152047408, -799507.87349207, -859187.4487553664, -903422.9181018819, -931213.5212460791, -918739.6974451015, -819479.7381647425, -659304.9282176514, -335720.0728628197, -41765.168258982085
57, -243277.54840512696, -427233.0618010418, -530947.120183213, -592911.9028784449, -674894.286452361, -742512.1582962158, -845229.3387799986, -929012.668307495, -1011543.6684123513, -1097698.1703334092, -1119381.1127725178, -1039969.9976197046, -857693.3539012655, -407540.1042610909, -20315.116631008394, -157890.49308391288, -361423.2123655595, -468454.83735602925, -537647.4390191842, -657706.4987062424, -730625.5152281083, -799507.8731347392, -859187.4481570942, -903422.9172950131, -931213.5210284741, -918739.6971616363, -819479.7378529669, -659304.9277847072, -335720.0725136712, -41765.167974033495
58, -243277.55667223487, -427233.0880792489, -530947.1461211697, -592911.9266195889, -674894.3063186543, -742512.1749818462, -845229.3512156734, -929012.6777248883, -1011543.6752334449, -1097698.1747148253, -1119381.1162939065, -1039970.0007057856, -857693.3559181305, -407540.1022327596, -20315.115878434455, -157890.490947064, -361423.2129778895, -468454.8379142501, -537647.4386684303, -657706.4980093334, -730625.5160252303, -799507.8743576471, -859187.447500708, -903422.9185973578, -931213.5219750534, -918739.6970714654, -819479.7381464345, -659304.9282579867, -335720.0729239102, -41765.167439721234
59, -243277.5481896809, -427233.06239145104, -530947.121279102, -592911.9044649636, -674894.2887285982, -742512.1612287418, -845229.342965691, -929012.6738154535, -1011543.6755388292, -1097698.1795979054, -1119381.1229562259, -1039970.0064558813, -857693.3593173383, -407540.104115942, -20315.116466156847, -157890.49385529716, -361423.21253637044, -468454.8373443401, -537647.4392859327, -657706.4988812548, -730625.5149441836, -799507.8729649468, -859187.4489273077, -903422.917832996, -931213.5210270479, -918739.6975293295, -819479.7382980611, -659304.9280726032, -335720.0729001711, -41765.166772988545
60, -243277.54928878692, -427233.06277388136, -530947.1213806496, -592911.9042361414, -674894.2878743205, -742512.1597057215, -845229.3402040787, -929012.6698288806, -1011543.6701697683, -1097698.1727472544, -1119381.1160619068, -1039970.0026996008, -857693.3605860743, -407540.11106247833, -20315.117455875454, -157890.49300037557, -361423.2126172702, -468454.8375555592, -537647.4390740662, -657706.4986504471, -730625.5153056291, -799507.8733714316, -859187.4483755075, -903422.917892412, -931213.521516479, -918739.6972594126, -819479.7384955555, -659304.9281970481, -335720.0727011181, -41765.16732699567
61, -243277.54814667927, -427233.0623090503, -530947.1213940545, -592911.9045428982, -674894.288566521, -742512.1607041201, -845229.3416313241, -929012.6715789556, -1011543.6722026035, -1097698.1750102842, -1119381.1182487544, -1039970.0042421066, -857693.3611174495, -407540.11008392554, -20315.11720833332, -157890.49307539233, -361423.21264578117, -468454.83753338846, -537647.4391448244, -657706.4984685745, -730625.5152601278, -799507.8733413601, -859187.4489207363, -903422.9180317036, -931213.5214612526, -918739.6974943893, -819479.7380642085, -659304.9279465411, -335720.07276856806, -41765.168749326986
62, -243277.39254366944, -427232.866531397, -530946.9331721584, -592911.7426580113, -674894.1784659387, -742512.0995537952, -845229.3591988125, -929012.7583990959, -1011543.8354429192, -1097698.4393495913, -1119381.4410483404, -1039970.3433048815, -857693.6351356825, -407540.1905737562, -20315.112250738744, -157890.75298272975, -361423.72677944205, -468455.4918626032, -537648.1943602498, -657707.4135998106, -730626.5061838328, -799508.9506188628, -859188.6257409572, -903424.1319176565, -931214.7754101054, -918740.9475049985, -819480.8551628768, -659305.8270983475, -335720.5349784526, -41765.22586746147
63, -243277.54335830332, -427233.0813439439, -530947.1516641974, -592911.9398456959, -674894.3291294519, -742512.2047236343, -845229.3900902274, -929012.7231505119, -1011543.7268137983, -1097698.2328575072, -1119381.1773920194, -1039970.0617633394, -857693.412778143, -407540.1412300655, -20315.11981846112, -157890.49573349903, -361423.22342261573, -468454.85006885644, -537647.4513990523, -657706.512320848, -730625.5313114501, -799507.8907998826, -859187.4653293819, -903422.9377488017, -931213.5432832902, -918739.71946415, -819479.7603604663, -659304.948145659, -335720.08447261207, -41765.17019493095
64, -243277.5482771298, -427233.062412339, -530947.1217189449, -592911.9050688241, -674894.2893644396, -742512.1616879778, -845229.3428173991, -929012.6728698232, -1011543.6735356463, -1097698.1762424363, -1119381.1192094758, -1039970.0044678019, -857693.3604976344, -407540.10870514764, -20315.116994019678, -157890.49323008652, -361423.212567186, -468454.83746418974, -537647.4391650893, -657706.49869781, -730625.5152674943, -799507.8735122125, -859187.4486716883, -903422.9176478838, -931213.5210579372, -918739.6976429218, -819479.7380769606, -659304.9284033941, -335720.07277564786, -41765.16800507594
65, -243277.54764111032, -427233.0610925653, -530947.1193155299, -592911.9020280405, -674894.2857001347, -742512.1576955565, -845229.3385085083, -929012.668447983, -1011543.6691591633, -1097698.172320426, -1119381.11603957, -1039970.0029347725, -857693.360496955, -407540.110008922, -20315.117193116792, -157890.4933028062, -361423.2123950915, -468454.83731102635, -537647.4390550739, -657706.4985769175, -730625.5149769784, -799507.8731375665, -859187.4484876745, -903422.91750046, -931213.5209391465, -918739.6973226392, -819479.7379206943, -659304.9280793872, -335720.07268674695, -41765.16775456255
66, -243277.51384880368, -427233.01967760915, -530947.0851549683, -592911.8762378875, -674894.2710409221, -742512.1507627121, -845229.3407707005, -929012.6763134708, -1011543.6809798069, -1097698.185388143, -1119381.1260179877, -1039970.0031026546, -857693.3512975476, -407540.0962526965, -20315.115815277033, -157890.49403485932, -361423.21419961425, -468454.8383633792, -537647.4391502073, -657706.4978573802, -730625.514173071, -799507.8717352649, -859187.44679057, -903422.9166425548, -931213.5205579894, -918739.6968046016, -819479.737989859, -659304.9283615953, -335720.0725779368, -41765.16709669846
67, -243277.5478407929, -427233.0619476198, -530947.1210288375, -592911.904479369, -674894.2889754015, -742512.1613110352, -845229.3420803843, -929012.6714844494, -1011543.6711685015, -1097698.1723686738, -1119381.1145388414, -1039970.0004554545, -857693.3588433982, -407540.1109649028, -20315.117386621143, -157890.49420501088, -361423.2124740933, -468454.8373045728, -537647.4393202757, -657706.4989450228, -730625.514687096, -799507.8728760899, -859187.4490568374, -903422.9174025946, -931213.5210339519, -918739.6976027708, -819479.7382989704, -659304.9281077753, -335720.0725363726, -41765.16743021813
68, -243165.73047839644, -427070.0708158313, -530799.6774367462, -592788.4998078251, -674795.3625216983, -742422.3186366436, -845137.4128960972, -928907.4720145898, -1011414.7435414351, -1097522.5641565789, -1119163.92595549, -1039706.3392778048, -857426.898532482, -407373.21618016984, -20304.406332323335, -157901.6700566775, -361428.1526959075, -468453.68968939275, -537651.2735170604, -657702.2567598807, -730616.2062424788, -799495.6548344219, -859176.7318406554, -903403.2895422763, -931196.0361783492, -918720.0701164465, -819463.755999981, -659293.1883724058, -335707.7702471006, -41759.66066976001
69, -243253.35373744962, -427200.7410102524, -530916.5569446807, -592884.6849842739, -674869.7663288466, -742487.6339931991, -845201.8125068392, -928980.5238832032, -1011504.6976704275, -1097647.1608240595, -1119319.7229945597, -1039896.484762048, -857618.0835139969, -407490.3800130382, -20311.592377547022, -157895.45194247033, -361424.3399662932, -468454.8499893438, -537649.2941981058, -657707.1013070411, -730623.8814607149, -799505.5896415833, -859186.7185397109, -903419.18502012, -931210.1192936643, -918736.4368319527, -819476.8390900551, -659302.8717929933, -335717.9946414168, -41763.77869335453
70, -243265.68448732793, -427223.13146272564, -530936.8468436517, -592901.9667014917, -674884.8923331134, -742502.6172728337, -845218.977879718, -929001.4122198529, -1011531.6858173672, -1097685.4303670356, -1119368.1436638774, -1039958.0891150034, -857683.4501516465, -407534.5468990862, -20314.790619397056, -157901.12777730686, -361423.03668158414, -468453.7759525192, -537649.7306529704, -657709.012485034, -730623.221737503, -799505.4413524619, -859190.1868430777, -903420.8750879485, -931212.0793923989, -918740.4264421155, -819479.5286829653, -659305.0302377897, -335720.16359704954, -41765.36344884451
71, -243265.6724336019, -427223.1194696206, -530936.8405017777, -592901.9626635071, -674884.8897629958, -742502.61507326, -845218.9761898969, -929001.4109515424, -1011531.6848072871, -1097685.4292212762, -1119368.1421408658, -1039958.0870909239, -857683.4482720717, -407534.5460891116, -20314.79060794301, -157901.79036433104, -361423.048823757, -468453.78157195175, -537649.7295917926, -657709.0108529445, -730623.2225087251, -799505.4423838843, -859190.1841000549, -903420.8762556901, -931212.0802955604, -918740.4245765546, -819479.527420479, -659305.0304921151, -335720.1637714459, -41765.3644525393
72, -243265.6850823341, -427223.1310775556, -530936.8343451746, -592901.9479701961, -674884.8759718507, -742502.6080132764, -845218.9730783008, -929001.4473579003, -1011531.7537538146, -1097685.4806772275, -1119368.1781512203, -1039958.1031578907, -857683.455654983, -407534.5504550222, -20314.790959423837, -157901.37622693524, -361423.057795769, -468453.719060762, -537649.7864089289, -657708.9789069964, -730623.2427168816, -799504.0943448555, -859181.6492484488, -903419.6328362948, -931212.1697100353, -918740.3571402992, -819479.5075552355, -659305.0852596828, -335720.14332969376, -41765.32572929675
73, -243263.36116164713, -427221.0305153215, -530934.1412739782, -592898.8596433662, -674881.2686038519, -742498.5663466374, -845214.2491630405, -928996.0606721593, -1011525.5818853362, -1097678.1083400366, -1119359.7949744933, -1039948.5060325718, -857673.5966316999, -407527.36049883225, -20314.129133884628, -157900.6651935008, -361421.09334810067, -468451.21720606595, -537646.9802814518, -657705.7241356088, -730619.5091484543, -799501.4495351693, -859185.9622426678, -903416.6318224801, -931207.7605593579, -918736.1779378527, -819475.7364654035, -659302.1666022746, -335718.66271294066, -41765.130222637104
74, -243265.69257894866, -427223.13995881693, -530936.8525694062, -592901.968063263, -674884.8917520039, -742502.6174242152, -845218.9781091522, -929001.4118048619, -1011531.6855769474, -1097685.433534333, -1119368.150201928, -1039958.0978825098, -857683.4551366427, -407534.54407758394, -20314.790019735632, -157901.0719916821, -361423.03888594935, -468453.78112168657, -537649.7262220792, -657709.0090121962, -730623.222762602, -799505.4368432619, -859190.1966528266, -903420.8639758641, -931212.0687344292, -918740.4357330655, -819479.5442844194, -659305.0203129649, -335720.15635626524, -41765.36750692496
75, -243265.679415959, -427223.12793926074, -530936.8371167444, -592901.9570733861, -674884.8890297422, -742502.6199037057, -845218.9865916842, -929001.4239626811, -1011531.6964239995, -1097685.429651503, -1119368.1304584735, -1039958.0649295164, -857683.4305768393, -407534.5455707738, -20314.791103491494, -157901.4382864759, -361423.0556673344, -468453.7204129482, -537649.7856947609, -657709.0735300091, -730623.1949886814, -799505.401476894, -859190.1719262314, -903420.9393959931, -931212.1162233928, -918740.4223973393, -819479.469658746, -659305.0886090251, -335720.1423974666, -41765.32789035611
76, -243271.96819025173, -427226.1422130491, -530940.6388659636, -592906.3413467127, -674889.4594765536, -742507.3332237856, -845223.9875133313, -929006.4949624008, -1011536.1906561743, -1097688.0780627264, -1119368.632959548, -1039954.6618556991, -857677.4607745016, -407529.34650013485, -20314.35336126437, -157893.19534975113, -361424.19600642927, -468455.7540393174, -537649.0010162614, -657707.9260437455, -730626.5688952375, -799509.2032338704, -859188.716402967, -903424.3505113448, -931214.9387386468, -918740.6381441834, -819480.1014548948, -659306.3437904782, -335720.8282359941, -41765.15289484888
77, -243265.99953278966, -427223.21234868484, -530936.9406953148, -592902.08298004, -674885.0214640823, -742502.7590664901, -845219.1176822933, -929001.5217896181, -1011531.7363893507, -1097685.365045237, -1119367.9601238056, -1039957.7074403106, -857682.9338992101, -407534.1231238486, -20314.75789739689, -157899.81864087237, -361423.1133689482, -468453.89842178544, -537649.5568374294, -657708.8128914882, -730623.3931485736, -799505.5378811533, -859190.0764056843, -903420.8967213182, -931212.0093081174, -918740.4810283263, -819479.6530223795, -659304.9035723077, -335719.99958841025, -41765.402851329454
78, -243265.6786305524, -427223.1272381515, -530936.8374157513, -592901.9582243373, -674884.8906303964, -742502.6215369127, -845218.9885257336, -929001.4262384446, -1011531.6988517498, -1097685.4315472937, -1119368.1313189855, -1039958.0636260737, -857683.4275598037, -407534.5416541258, -20314.79060132244, -157901.43341731804, -361423.05613792443, -468453.7212111791, -537649.7845544153, -657709.07207693, -730623.1964295948, -799505.4031385969, -859190.1697743625, -903420.94156329, -931212.1176647447, -918740.4211127738, -819479.4688964925, -659305.088623101, -335720.1423601449, -41765.32880698691
79, -243265.40798878955, -427223.0522278895, -530936.743947644, -592901.8416806399, -674884.758555346, -742502.4713161406, -845218.82107251, -929001.2696701802, -1011531.5799792674, -1097685.4136940872, -1119368.2247245328, -1039958.3360048501, -857683.8034770759, -407534.8392108352, -20314.813004772874, -157902.00042529826, -361423.0058880417, -468453.64256694954, -537649.8468337065, -657709.1803446034, -730623.1042188786, -799505.3162663027, -859190.1896531979, -903420.8953010766, -931212.0985766567, -918740.448261202, -819479.4382205397, -659305.1332526399, -335720.1657673479, -41765.296549883235
80, -243266.2787732196, -427223.3773613649, -530937.1051945236, -592902.2322157879, -674885.1501955551, -742502.8853340723, -845219.2339234662, -929001.6160077852, -1011531.7955290321, -1097685.3679216527, -1119367.9104311452, -1039957.5718899192, -857682.7408697354, -407533.9497137745, -20314.741103751927, -157899.0451298683, -361423.15741168713, -468454.0079705047, -537649.4451012088, -657708.7300765958, -730623.5598175321, -799505.6564979529, -859190.022180416, -903420.934276563, -931212.0831579729, -918740.4781658703, -819479.7698374343, -659304.8428388104, -335719.97129011364, -41765.393972999525
81, -243265.62753695037, -427223.10221926286, -530936.8109946515, -592901.931531488, -674884.8663553953, -742502.5974218482, -845218.9707719443, -929001.421867694, -1011531.7117255102, -1097685.4708619283, -1119368.1885546297, -1039958.1371045429, -857683.500656692, -407534.58692134067, -20314.79403887129, -157901.7852758561, -361423.0206524608, -468453.67458030087, -537649.807871954, -657709.12781424, -730623.1602788822, -799505.3780682365, -859190.1203197204, -903420.9453688125, -931212.1326546102, -918740.4223657562, -819479.4245415055, -659305.1420232798, -335720.1693059073, -41765.28766024503
82, -243265.68404093874, -427223.13002413075, -530936.8456418404, -592901.9661088134, -674884.8916209668, -742502.6159948662, -845218.9762049294, -929001.4104549508, -1011531.683879634, -1097685.4278096654, -1119368.1406497806, -1039958.0863089007, -857683.448951386, -407534.5487526233, -20314.791090386443, -157901.12205367343, -361423.0372671466, -468453.77697118337, -537649.7293533597, -657709.0105973284, -730623.223796307, -799505.4439947037, -859190.1839326035, -903420.8774505696, -931212.0813331376, -918740.424623193, -819479.5275586497, -659305.0307252544, -335720.1640297204, -41765.36710761968
83, -243265.6847758289, -427223.1316896499, -530936.8467055869, -592901.966236834, -674884.8916584821, -742502.6165545308, -845218.9770564736, -929001.4113021083, -1011531.6848934912, -1097685.429721558, -1119368.1434847207, -1039958.0898989794, -857683.4517341941, -407534.54883834, -20314.790854444054, -157901.12924778933, -361423.0366040066, -468453.7756969711, -537649.7310513604, -657709.0128419823, -730623.221109287, -799505.4407902604, -859190.1872159503, -903420.8745037036, -931212.0789257552, -918740.4267313465, -819479.5289335647, -659305.0304277694, -335720.1637768938, -41765.364417848425
84, -243271.70627802232, -427225.78926345264, -530940.1895941205, -592905.833670201, -674888.8906663284, -742506.719292644, -845223.2966556624, -929005.7339653022, -1011535.3483701444, -1097687.117319482, -1119367.5907992632, -1039953.562649553, -857676.4154509355, -407528.6727368473, -20314.29882032307, -157893.53636126302, -361424.1249249235, -468455.5877536353, -537648.9610086327, -657707.8857739784, -730626.4027456704, -799509.0281344617, -859188.595131949, -903424.2821820595, -931214.8569401634, -918740.5429772473, -819479.9731660411, -659306.3546703119, -335720.7798055486, -41765.10547303901
85, -243265.59111301135, -427223.12807401794, -530936.8355962235, -592901.9546463002, -674884.8970842927, -742502.6390801375, -845219.0216058461, -929001.4751069846, -1011531.7582347105, -1097685.4946332758, -1119368.1918616502, -1039958.1195778683, -857683.4868652413, -407534.5914022427, -20314.795148585385, -157901.88692407944, -361423.00937062205, -468453.69180805335, -537649.8191399231, -657709.1408140347, -730623.1892851582, -799505.4241160585, -859190.0932405567, -903420.977087725, -931212.1781118797, -918740.407125976, -819479.402400185, -659305.1730034164, -335720.21946206485, -41765.268890827916
86, -243265.67507490615, -427223.12650912977, -530936.8331309118, -592901.9514598863, -674884.8867094964, -742502.6207071012, -845218.9914202351, -929001.4313084643, -1011531.7037873924, -1097685.4324792305, -1119368.1272680624, -1039958.0552192351, -857683.420825178, -407534.5422477537, -20314.79114562078, -157901.5399726046, -361423.0499729598, -468453.7018886726, -537649.7917905948, -657709.0925210364, -730623.1865711289, -799505.3895276985, -859190.140900589, -903420.9481211323, -931212.1212643626, -918740.4248807627, -819479.450229562, -659305.1110961748, -335720.1370504658, -41765.30474436277
87, -243265.39278882038, -427223.0464529695, -530936.7283842455, -592901.8284084288, -674884.7536885085, -742502.4773309628, -845218.834746945, -929001.2905455809, -1011531.5988320773, -1097685.4153670196, -1119368.2074496737, -1039958.2997225053, -857683.7708566312, -407534.83431086387, -20314.813674505123, -157902.42844172835, -361422.9603937128, -468453.62187120854, -537649.9054256693, -657709.1970480079, -730623.1026576656, -799505.3289566803, -859190.1698787916, -903420.9171582763, -931212.1923616073, -918740.3539643271, -819479.3407993044, -659305.1638200653, -335720.2601717155, -41765.30682920694
88, -243266.21848394698, -427223.2965366645, -530937.0300435037, -592902.1715693625, -674885.1160811097, -742502.8685101965, -845219.238756452, -929001.6323630624, -1011531.8171629126, -1097685.3820275888, -1119367.9119127695, -1039957.5546084237, -857682.7195290474, -407533.9423822836, -20314.74211753629, -157899.36686379675, -361423.14247166103, -468453.975524768, -537649.5162211986, -657708.7526196424, -730623.502035264, -799505.5908802854, -859190.0537325114, -903420.9077449741, -931212.0454162131, -918740.4979059128, -819479.7396265719, -659304.8671998689, -335720.0091930921, -41765.40551252025
89, -243265.47243703497, -427223.0721177626, -530936.760640897, -592901.8583471961, -674884.7775697412, -742502.4971992916, -845218.8534869851, -929001.3036060806, -1011531.6101517326, -1097685.4327586011, -1119368.2286533508, -1039958.3079599779, -857683.7498843692, -407534.7928289079, -20314.80962082731, -157902.1616234281, -361422.9785721069, -468453.6368092819, -537649.8615035084, -657709.2007810079, -730623.0943953631, -799505.3160561665, -859190.1778367867, -903420.8785138227, -931212.099937787, -918740.4276748147, -819479.4070945918, -659305.136350903, -335720.2002926934, -41765.27545287616
