s
0.01020408163265306, 0.07142857142857142, 0.1530612244897959, 0.21428571428571425, 0.2959183673469387, 0.3571428571428571, 0.43877551020408156, 0.5, 0.5612244897959183, 0.6428571428571428, 0.7040816326530611, 0.7857142857142856, 0.846938775510204, 0.9285714285714285, 0.9897959183673469
iteration, j dot B Redl, j dot B vmec
0, -245079.73783630837, -429612.62258486846, -533202.8731006716, -594895.0311018841, -676503.2210686326, -743902.2945179085, -846454.2942210253, -930238.4722729616, -1012908.3478066802, -1099478.57676231, -1121630.7057093412, -1042909.557002359, -860944.6868743483, -410083.1722212817, -20568.651517840815, -139515.64110066806, -338076.75087584485, -452911.6446645986, -528404.2658609579, -651105.2213232784, -723114.0256112204, -787708.5487720578, -840348.7905540406, -875563.7133579453, -890705.0403119306, -869623.81922326, -766805.9414020412, -615125.1563882878, -316372.49219388276, -43449.250259186665
1, -245079.73783630837, -429612.62258486846, -533202.8731006716, -594895.0311018841, -676503.2210686326, -743902.2945179085, -846454.2942210253, -930238.4722729616, -1012908.3478066802, -1099478.57676231, -1121630.7057093412, -1042909.557002359, -860944.6868743483, -410083.1722212817, -20568.651517840815, -139515.64110066806, -338076.75087584485, -452911.6446645986, -528404.2658609579, -651105.2213232784, -723114.0256112204, -787708.5487720578, -840348.7905540406, -875563.7133579453, -890705.0403119306, -869623.81922326, -766805.9414020412, -615125.1563882878, -316372.49219388276, -43449.250259186665
2, -245079.73781347479, -429612.6225561472, -533202.8730979217, -594895.0311055294, -676503.2210742283, -743902.294516983, -846454.2942179113, -930238.4722777982, -1012908.3478113543, -1099478.576760835, -1121630.7057093342, -1042909.5570039749, -860944.6868797962, -410083.17222046223, -20568.65151760949, -139515.63986918388, -338076.75098076864, -452911.6448534778, -528404.2655197179, -651105.2209219879, -723114.0260859698, -787708.5485997014, -840348.7899887372, -875563.7139242301, -890705.0405088862, -869623.8187788767, -766805.941316513, -615125.1563970356, -316372.4918827793, -43449.248817408894
3, -245079.7378183436, -429612.62256244174, -533202.8730989406, -594895.0311089973, -676503.2210727828, -743902.2945166156, -846454.29422216, -930238.4722792676, -1012908.3478096245, -1099478.576745811, -1121630.7057037738, -1042909.5570008537, -860944.6868721871, -410083.17222056433, -20568.651517657236, -139515.63983687208, -338076.750981225, -452911.64490249095, -528404.2656547407, -651105.2207632363, -723114.0256928571, -787708.5489091701, -840348.7898980153, -875563.7150781775, -890705.0407293392, -869623.8186353993, -766805.9410694645, -615125.1566940596, -316372.4923026412, -43449.25043601677
4, -245079.73800092103, -429612.6228489848, -533202.8734483737, -594895.0314848062, -676503.221497478, -743902.2949852897, -846454.2947489333, -930238.4728582433, -1012908.3484472838, -1099478.5774559013, -1121630.7064390709, -1042909.5577242516, -860944.687514785, -410083.1725925156, -20568.65154412986, -139515.6391445847, -338076.751108633, -452911.64508819015, -528404.2656222086, -651105.2208938628, -723114.0264277145, -787708.5493121785, -840348.7897921426, -875563.7142509934, -890705.0410951392, -869623.8192840952, -766805.9412049631, -615125.1567988002, -316372.4921570324, -43449.24909615535
5, -245079.73784512683, -429612.6225760602, -533202.8730953316, -594895.031094632, -676503.2210631917, -743902.2945092383, -846454.2942156016, -930238.472268881, -1012908.347808985, -1099478.5767640958, -1121630.705730979, -1042909.5570486917, -860944.6869334824, -410083.1722713625, -20568.65152368998, -139515.64059708355, -338076.75090108113, -452911.64467520674, -528404.2656682369, -651105.2211064679, -723114.0257704702, -787708.5488234529, -840348.7901172556, -875563.713394793, -890705.0404606358, -869623.8188419632, -766805.9412388355, -615125.1566544499, -316372.4922155337, -43449.24877091885
6, -245079.73782544248, -429612.62257299846, -533202.8730986773, -594895.0311026323, -676503.2210684897, -743902.2945149597, -846454.294220122, -930238.4722739471, -1012908.3478082803, -1099478.5767575342, -1121630.705716361, -1042909.5570094769, -860944.6868809483, -410083.17222750373, -20568.651518240837, -139515.63993790647, -338076.75096686353, -452911.6448792766, -528404.2656865933, -651105.2209358353, -723114.0257826528, -787708.5491536148, -840348.7898064585, -875563.7138875886, -890705.0405357588, -869623.8186502411, -766805.9409862971, -615125.1564218339, -316372.49192007276, -43449.25127258235
7, -245079.73781287868, -429612.6225573272, -533202.8730985656, -594895.0311053047, -676503.2210743811, -743902.2945202052, -846454.2942216753, -930238.4722733238, -1012908.3478091594, -1099478.5767614064, -1121630.7057121568, -1042909.5570024559, -860944.6868774386, -410083.1722224498, -20568.651517831542, -139515.6406818067, -338076.7508909005, -452911.6447438713, -528404.2657246406, -651105.2210364904, -723114.0256469551, -787708.5489702072, -840348.7903659153, -875563.7136157673, -890705.0403403861, -869623.8189640242, -766805.9412526363, -615125.1564882894, -316372.4920054158, -43449.248409702035
8, -245079.7378083953, -429612.6225498212, -533202.87308856, -594895.0310985427, -676503.2210643559, -743902.2945069941, -846454.2942095392, -930238.4722632609, -1012908.3477976761, -1099478.5767463422, -1121630.7056969518, -1042909.556986622, -860944.6868597153, -410083.17221065995, -20568.651517253515, -139515.6398178982, -338076.75096645165, -452911.6449036034, -528404.2656098868, -651105.220786348, -723114.025855901, -787708.5491378126, -840348.78981586, -875563.7135231904, -890705.0405579566, -869623.8190823112, -766805.9411890076, -615125.1566268057, -316372.49215942656, -43449.2489613219
9, -245079.7378209238, -429612.6225667485, -533202.8730983385, -594895.0311019269, -676503.2210668011, -743902.2945147261, -846454.2942250483, -930238.4722803179, -1012908.3478170075, -1099478.576772689, -1121630.7057236233, -1042909.5570137018, -860944.6868875485, -410083.17223056837, -20568.65151862851, -139515.63992768753, -338076.75099524594, -452911.6448848239, -528404.2656815369, -651105.2207611351, -723114.0260018528, -787708.5492185729, -840348.7900366011, -875563.713951756, -890705.040476793, -869623.8188086741, -766805.9408690002, -615125.1566007182, -316372.49196202686, -43449.250347047346
10, -245079.73781957757, -429612.622566424, -533202.873101565, -594895.031101156, -676503.2210679348, -743902.2945185055, -846454.2942231752, -930238.4722763959, -1012908.3478077156, -1099478.5767574918, -1121630.705712988, -1042909.5570004387, -860944.6868741631, -410083.1722211529, -20568.651518009545, -139515.63941505368, -338076.75101421593, -452911.64491321985, -528404.2655732519, -651105.2207959968, -723114.0261426737, -787708.5493890344, -840348.7896713818, -875563.7143669142, -890705.0407739785, -869623.8190458405, -766805.941146523, -615125.1567464411, -316372.49210428394, -43449.2484967614
11, -245079.73782030444, -429612.62256986334, -533202.873101423, -594895.0311056612, -676503.2210724523, -743902.2945162109, -846454.2942216162, -930238.4722764993, -1012908.3478125839, -1099478.5767609207, -1121630.7057070478, -1042909.5570032184, -860944.6868731761, -410083.17222268274, -20568.65151753652, -139515.6395897992, -338076.75098957616, -452911.64493336406, -528404.2655634743, -651105.2208051542, -723114.0259188291, -787708.5492109571, -840348.7896856779, -875563.7139915146, -890705.0406135607, -869623.8191668456, -766805.9408686453, -615125.1564812565, -316372.4921090734, -43449.24874919006
12, -245079.73784181368, -429612.6225974815, -533202.8731082145, -594895.0310977803, -676503.2210656723, -743902.2945200505, -846454.2942234087, -930238.4722715317, -1012908.3478056643, -1099478.5767597249, -1121630.705709032, -1042909.557004156, -860944.6868782362, -410083.1722237745, -20568.651517313985, -139515.6415756325, -338076.7508637236, -452911.6446616043, -528404.266028632, -651105.2213654959, -723114.0254925153, -787708.5486187189, -840348.790405884, -875563.7136123779, -890705.0401729365, -869623.8192726426, -766805.9412635262, -615125.1567245936, -316372.49198406306, -43449.250182985736
13, -245079.73781564395, -429612.62256028043, -533202.8730978167, -594895.0311069768, -676503.2210746915, -743902.2945192738, -846454.2942232465, -930238.4722769517, -1012908.3478098601, -1099478.5767624222, -1121630.7057080246, -1042909.5570047374, -860944.6868742025, -410083.17221967276, -20568.65151785843, -139515.63989743395, -338076.75096693716, -452911.64484406955, -528404.2656059931, -651105.220914305, -723114.0259192178, -787708.5491200106, -840348.7902097102, -875563.714047762, -890705.0405773628, -869623.819032632, -766805.9409110068, -615125.156507765, -316372.49202679953, -43449.249333369065
14, -245079.73784696416, -429612.6225963196, -533202.873155545, -594895.0311819757, -676503.2211817458, -743902.2946527833, -846454.2944017136, -930238.4724942623, -1012908.3480705365, -1099478.5770764356, -1121630.7060671358, -1042909.5574041975, -860944.6872697663, -410083.172477673, -20568.6515387239, -139515.6399677142, -338076.7508688901, -452911.6446979007, -528404.2654784167, -651105.220725753, -723114.0256099082, -787708.5488076815, -840348.7898353348, -875563.7132732442, -890705.040209064, -869623.8188573001, -766805.9404967955, -615125.1565419405, -316372.49210807006, -43449.24944194287
15, -245079.73780961882, -429612.62255201174, -533202.8730972863, -594895.0311094322, -676503.2210733413, -743902.2945184587, -846454.2942196837, -930238.4722772723, -1012908.3478093521, -1099478.5767581025, -1121630.7057065682, -1042909.5570079335, -860944.686877924, -410083.17221981194, -20568.651517831448, -139515.63911958862, -338076.75102895184, -452911.64500036, -528404.2655511552, -651105.2207199808, -723114.0262927746, -787708.5492340128, -840348.7900934746, -875563.7142823335, -890705.0406703202, -869623.8189434871, -766805.9408050276, -615125.1564922603, -316372.49189254007, -43449.249305980724
16, -245079.7378294798, -429612.6225803076, -533202.8731051008, -594895.0311017211, -676503.2210694647, -743902.2945187322, -846454.2942239202, -930238.4722782101, -1012908.3478106391, -1099478.5767545968, -1121630.7057075799, -1042909.557007302, -860944.6868749592, -410083.172222035, -20568.65151754373, -139515.64045939868, -338076.7509483723, -452911.64484635816, -528404.2658194787, -651105.2211406907, -723114.0257661076, -787708.548754212, -840348.7903785772, -875563.7137619543, -890705.0407206934, -869623.8190870916, -766805.9410424737, -615125.1566207074, -316372.49188810453, -43449.24913328599
17, -245079.7378221868, -429612.6225714083, -533202.8730994501, -594895.0311018609, -676503.2210663458, -743902.2945149476, -846454.2942216287, -930238.4722742785, -1012908.3478098111, -1099478.576757015, -1121630.7057114353, -1042909.557005559, -860944.686874458, -410083.17221996747, -20568.651518065657, -139515.6396571731, -338076.75097304914, -452911.6449052034, -528404.2655606495, -651105.2207939845, -723114.0258525071, -787708.5492413798, -840348.7898754511, -875563.7139608453, -890705.0405487524, -869623.819063084, -766805.9409159981, -615125.1566971407, -316372.4918982906, -43449.248741705305
18, -245079.73783022433, -429612.62257861294, -533202.8731009634, -594895.031105589, -676503.2210675194, -743902.2945159529, -846454.2942212975, -930238.4722704838, -1012908.3478074182, -1099478.5767584674, -1121630.7057104842, -1042909.557007582, -860944.6868783418, -410083.1722213601, -20568.651517287886, -139515.64067591014, -338076.75090210146, -452911.64471032005, -528404.2658088289, -651105.2211023275, -723114.0256145028, -787708.5487064976, -840348.790302799, -875563.713713159, -890705.0404631355, -869623.8192692272, -766805.9411714068, -615125.1566657609, -316372.49193568586, -43449.25018915813
19, -245079.73781029246, -429612.62256384036, -533202.8731216597, -594895.0311369536, -676503.2211166731, -743902.2945692524, -846454.2942886484, -930238.4723553277, -1012908.3479015683, -1099478.5768595214, -1121630.7058078656, -1042909.5570954926, -860944.6869500363, -410083.1722588553, -20568.65151999943, -139515.63954623247, -338076.7517715267, -452911.6459316885, -528404.2665572424, -651105.2220734463, -723114.027362992, -787708.5509630346, -840348.7916053867, -875563.7153949962, -890705.041944636, -869623.8208562332, -766805.9426864067, -615125.1578259311, -316372.4925075348, -43449.24816583848
20, -270673.9971492897, -466297.606326383, -581337.7774717058, -651467.6104347466, -744653.826018689, -822540.5079132471, -941694.3756144263, -1038134.704857929, -1135193.5625293483, -1243164.5343094529, -1278884.2877241848, -1207968.807758085, -1016737.350302751, -510726.4392134984, -29137.334321736, -182993.03216090365, -477652.4103654863, -573149.0684065747, -672808.099224831, -802219.8584054438, -774747.6323213099, -944215.8327028117, -1190344.9226049613, -947379.9294781182, -987202.8025696912, -970544.9526435579, -1098686.0529939176, -783239.4926688833, -413758.6795522832, -96613.89295493522
21, -251016.28567669954, -437888.1565997885, -546103.4541557733, -612616.560277045, -700921.7578929061, -774058.1495948064, -885770.1526121872, -976986.1241403482, -1068142.2472862813, -1167036.4303975604, -1197324.5786544322, -1124954.514830828, -940170.7856322225, -462376.71820864244, -24989.405312264633, -160645.74850420456, -444102.360494951, -529320.3326634419, -571343.8021267693, -754857.5022496869, -765397.8210266192, -859901.0357584473, -960053.7591997726, -873582.6395218996, -925959.4153383883, -917988.1027889104, -854762.7900539574, -670851.9445526601, -370495.71003241517, -69928.13144385206
22, -246387.16472944187, -434125.3617638585, -542497.9339178958, -608657.0806691095, -696669.9687502922, -769322.8361582032, -879712.9457247016, -969933.5487086487, -1059391.9065752635, -1154773.6135509352, -1182167.4811698317, -1105960.460646937, -919361.3521530367, -445574.06950103625, -23221.64620035763, -151678.34830140235, -389825.59102604375, -478920.37841558526, -541139.4343818256, -672156.9143328108, -737887.5488754906, -799519.6451036982, -858537.7080870594, -872438.2068192493, -896695.8837794458, -875639.9531064758, -774875.5364963987, -616361.6415198965, -326478.9300549113, -54073.29218852521
23, -243769.03209531133, -429251.01482454455, -535509.1590356998, -599662.7943632328, -684764.7668781413, -754938.1677399732, -861395.5719053398, -948241.0799929051, -1033960.7717535692, -1124187.155045722, -1148283.4900992229, -1069962.2553401438, -885427.0017711543, -424394.1337764482, -21585.926045341857, -140448.7380987004, -341327.7030739397, -453730.1720127538, -528551.4964699199, -651294.7991246039, -723093.1859648168, -787339.5525633293, -839939.0762032307, -874065.1930283987, -889458.2718325541, -868529.9113643583, -765890.3854611488, -614071.8707785541, -316137.37749645807, -47172.34646676933
24, -243941.2056263647, -427757.13967370376, -531940.9000651462, -594318.5883078078, -676873.1229142587, -744966.8807151574, -848403.0971922285, -932816.1594309505, -1016063.280976959, -1103270.6292950667, -1125744.523388387, -1047126.0609429571, -864842.30203942, -412518.0161950364, -20763.43533768323, -139361.6295922071, -337724.33885495696, -452298.1808505218, -527681.519046685, -650206.1979268509, -722083.6790626203, -786549.790355339, -839128.6774207955, -874174.4807286168, -889301.5755298211, -868252.1910851066, -765604.8353782141, -614160.7066303315, -315887.74364558683, -45297.22887685262
25, -244828.77467004082, -429156.5410373793, -532841.7702787841, -594635.7646059478, -676369.1316259536, -743848.0599209915, -846488.001572966, -930326.075441222, -1013039.7661307773, -1099651.6540863367, -1121821.9600029537, -1043109.078425457, -861137.4813288318, -410225.2027101479, -20584.873453231194, -139485.62297776475, -337998.9905456223, -452803.50019664736, -528288.8539686044, -650962.439309153, -722955.3236990498, -787536.842447667, -840175.3307186259, -875375.8720555565, -890521.7917671856, -869450.7018715207, -766656.2153750692, -615010.2380137707, -316317.8893454797, -43888.489838807815
26, -245027.3784626559, -429510.9857808826, -533117.851524815, -594827.6387912142, -676455.9953418741, -743866.4524983816, -846428.7850825953, -930217.3450027852, -1012888.7910534819, -1099456.2813325545, -1121602.8778854697, -1042871.9202606999, -860902.8922160355, -410055.2622130931, -20567.79243560342, -139512.54127679433, -338066.90304440085, -452897.01923238096, -528389.7138226702, -651087.5173015904, -723094.6777181643, -787688.466826584, -840330.09939979, -875543.4536710354, -890686.8765075251, -869607.8586647385, -766792.613247416, -615115.7806408103, -316368.6909520985, -43560.474709726164
27, -245068.13159799736, -429589.2357959193, -533181.9847849262, -594877.0826047029, -676488.4007025529, -743888.9254942957, -846441.6600427914, -930225.4988637099, -1012894.2600181627, -1099461.5543678743, -1121610.3772205499, -1042884.0064702316, -860916.8030678488, -410062.76067495963, -20567.266181844006, -139515.21814246455, -338074.97063931916, -452908.7719831639, -528401.4991867051, -651101.8674552189, -723110.3897651045, -787704.8720918155, -840345.5688361207, -875560.2387005152, -890702.1630955752, -869621.4683852472, -766804.0580677965, -615123.9503100237, -316372.1337189319, -43476.38631765279
28, -245068.13160376658, -429589.235808962, -533181.9847873779, -594877.0825999596, -676488.4006971442, -743888.9254929229, -846441.6600438961, -930225.4988595782, -1012894.2600180381, -1099461.5543679786, -1121610.3772196348, -1042884.0064741442, -860916.8030702863, -410062.760671491, -20567.266181883286, -139515.21904436985, -338074.9705773408, -452908.7718070333, -528401.4992272482, -651101.8676621544, -723110.389497742, -787704.8717378865, -840345.5686046391, -875560.2386869718, -890702.1628971174, -869621.4682895794, -766804.0577547489, -615123.9501362083, -316372.13380768965, -43476.38528181608
29, -245068.1315909223, -429589.2357965241, -533181.9847869508, -594877.0826033613, -676488.4007021328, -743888.9254942434, -846441.6600467897, -930225.4988664071, -1012894.2600184312, -1099461.5543595308, -1121610.377210943, -1042884.0064639458, -860916.803072102, -410062.76067429525, -20567.266181813095, -139515.21789420198, -338074.97063490364, -452908.77201734, -528401.4990866916, -651101.867487568, -723110.3899629097, -787704.8721035653, -840345.5686986675, -875560.2406410069, -890702.1629557598, -869621.4683292028, -766804.058034388, -615123.9499397012, -316372.13373304944, -43476.38647303763
30, -245068.1317924255, -429589.23610474344, -533181.9851346464, -594877.0829796335, -676488.4011267362, -743888.9259631736, -846441.6605718904, -930225.4994392784, -1012894.2606439542, -1099461.5550673252, -1121610.3779482713, -1042884.007193103, -860916.8037159153, -410062.76104872196, -20567.266208038487, -139515.21976299965, -338074.97058032244, -452908.7718166512, -528401.4994951603, -651101.8680241958, -723110.389356396, -787704.872018478, -840345.5693963686, -875560.2389192118, -890702.1629296343, -869621.4692745488, -766804.0582728349, -615123.9503570508, -316372.1335273263, -43476.38656763139
31, -245068.13161508716, -429589.235801314, -533181.9847804642, -594877.0825959652, -676488.4006929832, -743888.9254852197, -846441.6600372028, -930225.4988531438, -1012894.2600163284, -1099461.5543794609, -1121610.3772454376, -1042884.0065125875, -860916.8031263445, -410062.76072976436, -20567.266187875204, -139515.21821890894, -338074.9705707329, -452908.77188288246, -528401.4991687388, -651101.8674347649, -723110.389729484, -787704.8723112051, -840345.568609346, -875560.2391776381, -890702.1627110142, -869621.4683066703, -766804.0579765334, -615123.9499044563, -316372.13405732985, -43476.385811615284
32, -245068.13159057207, -429589.2357913995, -533181.9847846741, -594877.0826069937, -676488.4007032241, -743888.9254916627, -846441.6600416242, -930225.4988618742, -1012894.2600202352, -1099461.5543676317, -1121610.3772266412, -1042884.0064705962, -860916.8030723081, -410062.7606817288, -20567.266181925243, -139515.2179843895, -338074.9706336958, -452908.77200121846, -528401.4990706411, -651101.867439828, -723110.389786331, -787704.8722628114, -840345.5685753042, -875560.2389214938, -890702.1631268924, -869621.4685370644, -766804.0580626692, -615123.9501437168, -316372.13352757785, -43476.385708974434
33, -245068.1315966513, -429589.2358025014, -533181.9847872086, -594877.0826033967, -676488.4006988414, -743888.9254947042, -846441.6600447001, -930225.4988668524, -1012894.2600212633, -1099461.5543708266, -1121610.3772183324, -1042884.0064702079, -860916.803069373, -410062.7606769838, -20567.266181697072, -139515.21759145943, -338074.9706663108, -452908.77203420456, -528401.4990348568, -651101.8672807793, -723110.3898910431, -787704.8724530784, -840345.5684211463, -875560.2391098079, -890702.1632164535, -869621.468533181, -766804.0578189398, -615123.9501858515, -316372.13370955584, -43476.386881717466
34, -245068.13160120178, -429589.23580579326, -533181.9847771989, -594877.082589491, -676488.4006830669, -743888.9254823802, -846441.6600343885, -930225.4988525994, -1012894.2600027284, -1099461.5543499622, -1121610.3772047507, -1042884.0064550707, -860916.8030545744, -410062.7606632784, -20567.26618119722, -139515.21874777158, -338074.970577959, -452908.7718894756, -528401.4991940577, -651101.8675633179, -723110.3895614159, -787704.8717668201, -840345.5690277392, -875560.2394676801, -890702.1632469737, -869621.4686812498, -766804.0577155116, -615123.9500695646, -316372.13397850713, -43476.38678773524
35, -245068.13161020033, -429589.23581741727, -533181.9847835869, -594877.0825960557, -676488.4006968861, -743888.9254935174, -846441.6600472191, -930225.4988636915, -1012894.2600203473, -1099461.554374692, -1121610.3772286908, -1042884.0064831703, -860916.8030857171, -410062.76068512816, -20567.26618265914, -139515.2193954141, -338074.970543794, -452908.77177166456, -528401.499336464, -651101.8678978997, -723110.3892701094, -787704.8719319766, -840345.5691187833, -875560.238852675, -890702.1626778239, -869621.468460859, -766804.0580719047, -615123.9500220682, -316372.13357944525, -43476.38493622356
36, -245068.13160177207, -429589.2358083422, -533181.9847848734, -594877.0825994019, -676488.4007007804, -743888.9254931533, -846441.6600434651, -930225.4988621084, -1012894.2600210672, -1099461.5543697984, -1121610.3772260407, -1042884.006476095, -860916.8030752175, -410062.76067392965, -20567.266181802737, -139515.21883717828, -338074.9705661555, -452908.77182741056, -528401.4992506413, -651101.8677101664, -723110.3892964948, -787704.8723079546, -840345.5688066635, -875560.2386486912, -890702.1625695884, -869621.4683569745, -766804.0579562904, -615123.9503404525, -316372.133410781, -43476.38628891466
37, -245068.13159737288, -429589.2358034182, -533181.9847848864, -594877.0825988813, -676488.4006989206, -743888.9254906706, -846441.6600420302, -930225.498862144, -1012894.2600170461, -1099461.5543658077, -1121610.3772220502, -1042884.0064690259, -860916.8030733473, -410062.7606755315, -20567.26618202957, -139515.21786284202, -338074.9706697444, -452908.7719502144, -528401.4989868669, -651101.8676004707, -723110.389734188, -787704.8723185986, -840345.5684235526, -875560.2394384821, -890702.163353565, -869621.4683076072, -766804.0577054492, -615123.9500063236, -316372.13377130224, -43476.38696790157
38, -245068.13161689654, -429589.2358291873, -533181.9847905964, -594877.0825986916, -676488.4006949173, -743888.9254948756, -846441.6600463104, -930225.4988592475, -1012894.2600123198, -1099461.5543644922, -1121610.377218702, -1042884.0064706767, -860916.8030756532, -410062.7606784832, -20567.266181633007, -139515.21979364014, -338074.970489235, -452908.7716872762, -528401.4995087218, -651101.8679393128, -723110.3891622804, -787704.8719427901, -840345.5688949947, -875560.2388319368, -890702.16270839, -869621.4687209204, -766804.0580109659, -615123.949871386, -316372.13369540294, -43476.38596198026
39, -245068.13159203492, -429589.235796493, -533181.984786783, -594877.0826024722, -676488.4006983413, -743888.9254903626, -846441.660045504, -930225.4988649609, -1012894.2600219606, -1099461.5543712622, -1121610.3772180364, -1042884.0064628512, -860916.8030665468, -410062.76067525183, -20567.266182191615, -139515.21730478574, -338074.9706857431, -452908.7721045024, -528401.4989293955, -651101.8671741675, -723110.3900214804, -787704.8726485869, -840345.5681685492, -875560.2391142838, -890702.1629417905, -869621.4683594761, -766804.0579413502, -615123.9501205265, -316372.13359700365, -43476.386211393205
40, -245068.1316295404, -429589.2358396753, -533181.9848468117, -594877.082680638, -676488.400811235, -743888.9256311206, -846441.660221185, -930225.4990741389, -1012894.2602708421, -1099461.5546847112, -1121610.3775790206, -1042884.0068657545, -860916.8034592568, -410062.7609338855, -20567.266202374925, -139515.21849496686, -338074.9705256989, -452908.77176005143, -528401.4990453518, -651101.8674120692, -723110.38957006, -787704.8719971136, -840345.5684245817, -875560.2390749131, -890702.1623694415, -869621.468065622, -766804.0578394677, -615123.9500540437, -316372.1333424713, -43476.38629263395
41, -245068.13160702575, -429589.2358140431, -533181.9847883167, -594877.0825986934, -676488.4006983242, -743888.9254930643, -846441.6600451638, -930225.4988637088, -1012894.2600204928, -1099461.5543700182, -1121610.3772215245, -1042884.006466791, -860916.8030725853, -410062.76067657315, -20567.266181706396, -139515.21838325873, -338074.97061466874, -452908.7718970081, -528401.4991208244, -651101.8674815244, -723110.3898325813, -787704.872340517, -840345.5687998419, -875560.2388249463, -890702.162552129, -869621.4685244028, -766804.0579873938, -615123.9498456189, -316372.133536236, -43476.38593103875
42, -245068.13159605893, -429589.2357977622, -533181.9847862346, -594877.0826033141, -676488.4007008114, -743888.9254925931, -846441.6600456346, -930225.4988634422, -1012894.2600182971, -1099461.5543719605, -1121610.377220518, -1042884.006466314, -860916.8030668132, -410062.76067514543, -20567.26618180112, -139515.21810321452, -338074.97064238874, -452908.77196168713, -528401.499014977, -651101.8675707874, -723110.3896542946, -787704.8722470591, -840345.5683346044, -875560.2387699398, -890702.1627258471, -869621.468192555, -766804.0579064854, -615123.9504481204, -316372.133581772, -43476.38535084539
43, -245068.13160907332, -429589.23581637454, -533181.9847870183, -594877.0825967963, -676488.4006996264, -743888.9254979288, -846441.6600468986, -930225.4988630026, -1012894.2600171242, -1099461.5543656354, -1121610.3772198183, -1042884.0064737733, -860916.8030710641, -410062.76067843667, -20567.266181976476, -139515.2189133871, -338074.97054846206, -452908.771835504, -528401.4991488024, -651101.8677798241, -723110.3896647773, -787704.8723016533, -840345.5686930866, -875560.2388284092, -890702.162642832, -869621.468617852, -766804.0575390587, -615123.9502686958, -316372.133810761, -43476.38677744848
44, -245068.13160209754, -429589.2358087769, -533181.9847851502, -594877.0825990813, -676488.4006982753, -743888.9254886296, -846441.6600427076, -930225.4988587198, -1012894.2600159995, -1099461.5543653006, -1121610.377220328, -1042884.0064656846, -860916.8030694227, -410062.76067466545, -20567.266181764153, -139515.21818091552, -338074.970631335, -452908.7719106864, -528401.4991348279, -651101.8676062827, -723110.3894648497, -787704.8722827829, -840345.5683720084, -875560.2392448158, -890702.1630081487, -869621.4685806361, -766804.0579431801, -615123.9499278017, -316372.1337434686, -43476.38684905116
45, -245068.13160025608, -429589.23581664846, -533181.9848111449, -594877.0826328747, -676488.4007401324, -743888.9255479155, -846441.660112262, -930225.4989464426, -1012894.2601049233, -1099461.5544612245, -1121610.3773256564, -1042884.0065605984, -860916.8031486098, -410062.76071287, -20567.266184039494, -139515.21842493553, -338074.9713304754, -452908.7729207391, -528401.500237429, -651101.8688416742, -723110.391319451, -787704.8737957889, -840345.5705324744, -875560.2408406885, -890702.1648752894, -869621.4697061642, -766804.0596697788, -615123.9511702913, -316372.1345022369, -43476.38683493431
46, -245067.78607703332, -429589.3880776962, -533182.6656575797, -594878.032171054, -676489.4229226838, -743889.7816117494, -846441.964604963, -930225.0900994602, -1012892.8409636958, -1099458.2634099184, -1121605.3153487039, -1042876.3992843134, -860907.8393288048, -410055.5285644033, -20566.62407724525, -139514.6327184181, -338074.9036065555, -452908.6774286128, -528401.3356186367, -651101.4523122685, -723109.962012168, -787704.3206698189, -840344.7805890561, -875559.362490851, -890701.0968456349, -869620.304119362, -766802.975430577, -615123.1202189864, -316371.6032905044, -43476.00784246256
47, -245067.7860696428, -429589.38807127957, -533182.6656557032, -594878.0321659006, -676489.4229245806, -743889.7816174267, -846441.9646066753, -930225.0901007424, -1012892.8409683476, -1099458.26341211, -1121605.3153477388, -1042876.3992866337, -860907.8393232266, -410055.5285689433, -20566.624077400433, -139514.63271796386, -338074.9036078063, -452908.6774221502, -528401.3356302172, -651101.4524376001, -723109.9623517978, -787704.3207970684, -840344.7806176622, -875559.3625685484, -890701.0968744253, -869620.304497266, -766802.9753620789, -615123.1202596178, -316371.603132779, -43476.00702590903
48, -245067.78607285896, -429589.3880717868, -533182.6656576603, -594878.0321683602, -676489.42292232, -743889.7816187779, -846441.9646104284, -930225.0901051988, -1012892.8409645767, -1099458.2634024143, -1121605.3153370824, -1042876.3992774966, -860907.8393235055, -410055.52856716886, -20566.624077433946, -139514.63166267835, -338074.9036824326, -452908.6776110468, -528401.3354285947, -651101.4520896357, -723109.9623358941, -787704.3210517752, -840344.7801583528, -875559.3642984049, -890701.0968031836, -869620.3042413198, -766802.9754451814, -615123.120184399, -316371.6029909779, -43476.00658408283
49, -245067.78626329437, -429589.3883663119, -533182.6660086126, -594878.0325519075, -676489.4233533092, -743889.7820830233, -846441.9651376982, -930225.0906789105, -1012892.8416002269, -1099458.2641129547, -1121605.3160737923, -1042876.4000049429, -860907.8399638046, -410055.5289401388, -20566.62410329713, -139514.6326834605, -338074.90367096826, -452908.6776498387, -528401.3357865828, -651101.4524937664, -723109.9622296916, -787704.3210579557, -840344.7808293198, -875559.362893289, -890701.0969736899, -869620.3046786594, -766802.975672104, -615123.1205767383, -316371.60327743075, -43476.00751276072
50, -245067.78610299077, -429589.38808729197, -533182.665656127, -594878.0321616018, -676489.4229148964, -743889.781606779, -846441.9646005563, -930225.0900936859, -1012892.8409635366, -1099458.2634217066, -1121605.3153725367, -1042876.399330904, -860907.8393801015, -410055.5286204414, -20566.624082820035, -139514.63283020305, -338074.9035605616, -452908.6773936671, -528401.3356675056, -651101.452412875, -723109.9620317904, -787704.320528765, -840344.7802704311, -875559.3620818546, -890701.096679573, -869620.3043085161, -766802.9752430104, -615123.1201263596, -316371.6032298956, -43476.00802271084
51, -245067.78608044906, -429589.3880797594, -533182.6656598463, -594878.0321672871, -676489.4229234809, -743889.781616528, -846441.9646081981, -930225.090099667, -1012892.8409656335, -1099458.2634137492, -1121605.3153511023, -1042876.3992901788, -860907.8393293292, -410055.52856932377, -20566.624077822737, -139514.63273260457, -338074.90360063507, -452908.6774860608, -528401.3356415485, -651101.452254076, -723109.9620359764, -787704.3204777968, -840344.7806142827, -875559.3628100753, -890701.0969030566, -869620.3047232258, -766802.9757526766, -615123.1203161874, -316371.60294527374, -43476.00797963413
52, -245067.78609230812, -429589.3880958154, -533182.6656604961, -594878.0321662104, -676489.4229228048, -743889.7816137332, -846441.9646055948, -930225.0900968909, -1012892.8409634662, -1099458.2634146328, -1121605.3153423297, -1042876.3992871135, -860907.8393284736, -410055.5285668743, -20566.62407714391, -139514.63359143183, -338074.9035449291, -452908.67727576644, -528401.335766215, -651101.4526666299, -723109.9617152315, -787704.320253156, -840344.7811116837, -875559.3623526365, -890701.0963113286, -869620.3047528678, -766802.9756154112, -615123.12018274, -316371.6029359612, -43476.00767114311
53, -245067.78607858744, -429589.3880792997, -533182.6656496876, -594878.0321575216, -676489.4229114634, -743889.7816049212, -846441.9645949395, -930225.0900835565, -1012892.8409548894, -1099458.2634008862, -1121605.3153295699, -1042876.3992664227, -860907.8393099121, -410055.52855771384, -20566.624076523458, -139514.63241830753, -338074.90360978164, -452908.6774961297, -528401.3356630993, -651101.4522010132, -723109.9622064895, -787704.3206493924, -840344.7799045045, -875559.3625539929, -890701.0964652855, -869620.3046823584, -766802.9755104334, -615123.120309414, -316371.6031332737, -43476.00727689101
54, -245067.78607143377, -429589.3880679844, -533182.6656524427, -594878.0321672851, -676489.4229243658, -743889.7816165427, -846441.964608096, -930225.090100291, -1012892.8409688687, -1099458.2634278587, -1121605.3153604008, -1042876.3992926902, -860907.8393359494, -410055.52857700014, -20566.624078073502, -139514.6325657246, -338074.9035995119, -452908.6774924218, -528401.3355655409, -651101.4521746311, -723109.9620282251, -787704.3205877396, -840344.7800992932, -875559.3623095995, -890701.0962639744, -869620.3039974833, -766802.9757111474, -615123.1203450349, -316371.6029542833, -43476.006857668945
55, -245067.78608046594, -429589.38808686537, -533182.6656622923, -594878.0321661356, -676489.4229183675, -743889.7816136531, -846441.9646087096, -930225.0901002842, -1012892.8409673861, -1099458.2634103813, -1121605.315343195, -1042876.3992825601, -860907.8393242187, -410055.5285688381, -20566.624077180946, -139514.63199920618, -338074.90362121427, -452908.67759719567, -528401.3355709477, -651101.4522293761, -723109.9623390277, -787704.321083533, -840344.780327593, -875559.3625390824, -890701.0971201025, -869620.3043476735, -766802.9754244869, -615123.1205237577, -316371.6034435351, -43476.007086607504
56, -245067.78609085115, -429589.3880952349, -533182.6656600516, -594878.0321680546, -676489.4229204739, -743889.781613443, -846441.9646049395, -930225.0900989535, -1012892.8409652296, -1099458.263414354, -1121605.3153451723, -1042876.3992862124, -860907.8393264055, -410055.5285683396, -20566.624077362943, -139514.6331251379, -338074.9035368508, -452908.6773632056, -528401.3357489504, -651101.4524234784, -723109.9616920828, -787704.3202690722, -840344.7808715707, -875559.3626456503, -890701.096501639, -869620.3047720394, -766802.9755199895, -615123.1203555362, -316371.60289664415, -43476.0066717183
57, -245067.78607980703, -429589.3880789549, -533182.6656531774, -594878.032167357, -676489.4229261691, -743889.7816179994, -846441.9646061286, -930225.0900966274, -1012892.8409672796, -1099458.2634117722, -1121605.3153482124, -1042876.3992844588, -860907.8393253206, -410055.52856400725, -20566.624077570632, -139514.63347180872, -338074.90353722946, -452908.67732242605, -528401.3357599671, -651101.4524845121, -723109.9618952296, -787704.3205159771, -840344.7811634432, -875559.3621412567, -890701.0965438508, -869620.3045575302, -766802.975764043, -615123.1201377485, -316371.60325813055, -43476.00693055568
58, -245067.78607050108, -429589.38806679734, -533182.6656560265, -594878.0321734226, -676489.4229292932, -743889.7816162335, -846441.9646064852, -930225.0901004784, -1012892.8409659124, -1099458.263410997, -1121605.315343221, -1042876.3992825423, -860907.8393255661, -410055.52856634295, -20566.62407732671, -139514.63234666607, -338074.9036128673, -452908.6774555852, -528401.3355402936, -651101.4522191283, -723109.9621676449, -787704.320771239, -840344.7802684341, -875559.3623539016, -890701.09716385, -869620.304736584, -766802.9753497932, -615123.120348079, -316371.60305681353, -43476.00807843796
59, -245067.7861044146, -429589.38810759014, -533182.6657125405, -594878.0322495833, -676489.4230341652, -743889.7817524852, -846441.964784806, -930225.0903106338, -1012892.8412178183, -1099458.2637323376, -1121605.3157072067, -1042876.3996833544, -860907.8397112581, -410055.5288258159, -20566.62409839694, -139514.63279288268, -338074.9034777441, -452908.6773201864, -528401.3355516874, -651101.4521754661, -723109.9618482492, -787704.3207835768, -840344.7805905758, -875559.3625589758, -890701.0964345346, -869620.3043268275, -766802.9754608999, -615123.1199339551, -316371.60284466494, -43476.00775551026
60, -245067.78608238464, -429589.3880841963, -533182.6656595798, -594878.0321644996, -676489.4229201949, -743889.7816140766, -846441.9646032862, -930225.0901000705, -1012892.8409654642, -1099458.2634145853, -1121605.3153430552, -1042876.3992845562, -860907.8393231569, -410055.5285690911, -20566.624077607234, -139514.63232939673, -338074.9036298248, -452908.67752003897, -528401.3356114709, -651101.4521956043, -723109.9620439209, -787704.3205159623, -840344.7802972421, -875559.362624526, -890701.0968237487, -869620.3047277023, -766802.9753379313, -615123.1201228199, -316371.6029505865, -43476.007155447034
61, -245067.78606287853, -429589.3880565082, -533182.665654296, -594878.0321705288, -676489.4229251749, -743889.7816146847, -846441.9646046874, -930225.090097758, -1012892.8409705131, -1099458.2634132172, -1121605.3153483537, -1042876.3992839545, -860907.8393219139, -410055.5285650488, -20566.624077606466, -139514.63139897803, -338074.90369888383, -452908.6776432225, -528401.3353811009, -651101.4518128923, -723109.9622235277, -787704.3209664177, -840344.7801580516, -875559.3625092632, -890701.0969786642, -869620.3042420823, -766802.9755317131, -615123.120449585, -316371.60315285873, -43476.00738043596
62, -245067.78607971358, -429589.38807995594, -533182.665656246, -594878.0321644179, -676489.422919901, -743889.7816119033, -846441.9646042597, -930225.0900979324, -1012892.8409673016, -1099458.2634094767, -1121605.3153460321, -1042876.3992882547, -860907.8393252501, -410055.5285683812, -20566.62407735664, -139514.63273368217, -338074.9035933036, -452908.6774336198, -528401.3356721483, -651101.4523767034, -723109.9619965196, -787704.320629545, -840344.7804931479, -875559.3621913247, -890701.0968476479, -869620.3046368922, -766802.9753783534, -615123.1201838674, -316371.60266880004, -43476.00700115934
63, -245067.7860671615, -429589.3880659489, -533182.6656517702, -594878.0321677105, -676489.4229235628, -743889.7816146497, -846441.9646072563, -930225.090098901, -1012892.8409636889, -1099458.2634131091, -1121605.3153433148, -1042876.3992858176, -860907.8393275893, -410055.52856559877, -20566.624077372708, -139514.63229023758, -338074.9035861246, -452908.67746725545, -528401.3355275103, -651101.4521759839, -723109.962217482, -787704.320647158, -840344.7805367082, -875559.3624385057, -890701.097053721, -869620.3046834832, -766802.9754323872, -615123.1200775139, -316371.60333281354, -43476.00641738813
64, -245067.7860660587, -429589.38807520305, -533182.6656824728, -594878.0322016099, -676489.4229693505, -743889.781669151, -846441.964672401, -930225.0901802292, -1012892.841056139, -1099458.2635104363, -1121605.3154442112, -1042876.3993742398, -860907.8393976355, -410055.52860515343, -20566.624079494548, -139514.63183511645, -338074.90435668366, -452908.6785423245, -528401.336604039, -651101.4532917547, -723109.9638453858, -787704.3224833371, -840344.7819006172, -875559.3644703176, -890701.0985723465, -869620.3060688006, -766802.9771826552, -615123.1216461866, -316371.6036065659, -43476.006579635134
65, -245067.05413774238, -429588.11571274744, -533181.2172714932, -594876.56665322, -676487.9783250497, -743888.3394038518, -846440.4619470862, -930223.4497707986, -1012890.9553971502, -1099455.8101483334, -1121602.2239610094, -1042872.2411021782, -860903.055543859, -410051.67634836235, -20566.28483509728, -139514.6164447094, -338074.84590455, -452908.6094275029, -528401.2684849197, -651101.3593153899, -723109.8116833712, -787704.1708911551, -840344.6911029083, -875559.2473546055, -890701.0438086818, -869620.3054254832, -766803.0225595455, -615123.1837787, -316371.6096544436, -43476.673365099734
66, -245067.05414483513, -429588.1157169845, -533181.2172728688, -594876.5666512891, -676487.9783255749, -743888.3394041724, -846440.4619474062, -930223.449771394, -1012890.9553988392, -1099455.8101491192, -1121602.2239608627, -1042872.2411007546, -860903.055543485, -410051.6763504522, -20566.284835376, -139514.6167165892, -338074.845888797, -452908.6094890043, -528401.2685010323, -651101.3590848724, -723109.8114919974, -787704.1708979612, -840344.6915669707, -875559.2473386982, -890701.043813058, -869620.3053373299, -766803.0224813597, -615123.1838029248, -316371.60969769646, -43476.67358760264
67, -245067.05413913334, -429588.1157083589, -533181.2172709726, -594876.5666545043, -676487.9783301414, -743888.3394062914, -846440.4619464258, -930223.4497741448, -1012890.9553919217, -1099455.810133423, -1121602.2239547996, -1042872.2410949455, -860903.0555340489, -410051.67634752905, -20566.284835320985, -139514.61629503375, -338074.8459278375, -452908.6095086981, -528401.2684250152, -651101.3590475871, -723109.8115201666, -787704.1707466225, -840344.6917507359, -875559.2490048441, -890701.0436690743, -869620.3048896772, -766803.0223141625, -615123.1839597017, -316371.60995955725, -43476.67452735206
68, -245067.05433569878, -429588.1160141899, -533181.2176224312, -594876.5670315814, -676487.9787548736, -743888.3398782191, -846440.4624784214, -930223.4503489468, -1012890.9560241972, -1099455.8108344544, -1121602.2246941994, -1042872.2418258761, -860903.0561835028, -410051.6767191017, -20566.284861401487, -139514.61750411533, -338074.8459515398, -452908.60943228146, -528401.2686076009, -651101.3597436029, -723109.8116007583, -787704.1708769831, -840344.6923337993, -875559.2477002349, -890701.0442364712, -869620.3054486219, -766803.0224534635, -615123.1838427479, -316371.61002922326, -43476.675115346545
69, -245067.05415604467, -429588.11571404076, -533181.2172706204, -594876.5666466712, -676487.9783176259, -743888.3393934425, -846440.4619373726, -930223.4497699778, -1012890.9554008336, -1099455.810153171, -1121602.2239813183, -1042872.241141193, -860903.0555912926, -410051.6764036121, -20566.284840910033, -139514.61601039604, -338074.8459359795, -452908.6094744228, -528401.2682774104, -651101.3589467079, -723109.811681552, -787704.1708000962, -840344.6915139516, -875559.2475758566, -890701.044447508, -869620.305339452, -766803.0223336195, -615123.1840175854, -316371.6097259677, -43476.673851398904
70, -245067.05413743673, -429588.1157077013, -533181.2172707518, -594876.5666533359, -676487.9783307567, -743888.3394077914, -846440.4619472126, -930223.4497697602, -1012890.955393273, -1099455.8101435183, -1121602.2239640448, -1042872.2411052997, -860903.0555450956, -410051.67635254026, -20566.284835313683, -139514.6168750712, -338074.84586991556, -452908.6093865105, -528401.2684109241, -651101.3591591567, -723109.8115444331, -787704.1705784507, -840344.6917261566, -875559.2474868579, -890701.0438117112, -869620.3057417512, -766803.0223761892, -615123.1839228434, -316371.6095565762, -43476.673278920156
71, -245067.0541218338, -429588.11568509694, -533181.2172677503, -594876.5666578757, -676487.9783318, -743888.3394043635, -846440.4619459045, -930223.4497735793, -1012890.9553991258, -1099455.8101478994, -1121602.2239654902, -1042872.2411023392, -860903.0555311681, -410051.6763497564, -20566.284835181963, -139514.61497282816, -338074.84599889925, -452908.6096294287, -528401.2681673458, -651101.3586970875, -723109.8120414687, -787704.1711222777, -840344.690754465, -875559.247765933, -890701.0443464358, -869620.3050076131, -766803.0224063878, -615123.1841838785, -316371.6098623766, -43476.67437219449
72, -245067.05414769007, -429588.11571729166, -533181.2172674949, -594876.5666393682, -676487.9783121318, -743888.3393936495, -846440.4619319253, -930223.4497635127, -1012890.9553848092, -1099455.8101251484, -1121602.2239494799, -1042872.2410842072, -860903.0555220293, -410051.67633808556, -20566.284834406622, -139514.61618256065, -338074.84590948507, -452908.6095068237, -528401.2683282725, -651101.3590251461, -723109.8116153564, -787704.1704630923, -840344.6913210041, -875559.2472381631, -890701.0443288565, -869620.3054569396, -766803.0224146274, -615123.1841465295, -316371.6097417891, -43476.673662908244
73, -245067.05415909732, -429588.1157336357, -533181.21727824, -594876.566642346, -676487.9783203413, -743888.339405133, -846440.4619496991, -930223.4497779111, -1012890.955402617, -1099455.8101493292, -1121602.2239726256, -1042872.2411112739, -860903.0555493967, -410051.6763573922, -20566.28483578516, -139514.61646046993, -338074.84591768304, -452908.60946384346, -528401.2683137776, -651101.3591115322, -723109.8114880554, -787704.1704651397, -840344.6912794121, -875559.2475832293, -890701.0439667446, -869620.3053344806, -766803.0224535394, -615123.1842650569, -316371.60960546666, -43476.674173206
74, -245067.0541534247, -429588.11573101906, -533181.2172755161, -594876.5666473776, -676487.9783222848, -743888.339405899, -846440.4619487287, -930223.4497733144, -1012890.9553982036, -1099455.8101436112, -1121602.223959851, -1042872.2411020992, -860903.0555365345, -410051.67634882935, -20566.284835166723, -139514.61678494734, -338074.84589647164, -452908.60939125187, -528401.2684227925, -651101.3591279784, -723109.8114767692, -787704.1705213706, -840344.6912008013, -875559.2472138292, -890701.0438878831, -869620.3054306577, -766803.0224939962, -615123.183911847, -316371.60989876156, -43476.67470093153
75, -245067.05413745833, -429588.11570798536, -533181.2172750115, -594876.566654032, -676487.9783275174, -743888.3394034845, -846440.4619441447, -930223.4497742695, -1012890.9554002314, -1099455.810144382, -1121602.223959676, -1042872.2410958938, -860903.055538103, -410051.676350073, -20566.28483508357, -139514.61563845508, -338074.8459672104, -452908.60958481854, -528401.2682455668, -651101.3588821106, -723109.8117479981, -787704.1709170168, -840344.6912694812, -875559.247587587, -890701.0441634232, -869620.3054587946, -766803.0222802699, -615123.1840457234, -316371.61001321883, -43476.675906303244
76, -245067.05412564048, -429588.1156923316, -533181.2172690907, -594876.5666570021, -676487.9783318685, -743888.3394045902, -846440.4619476161, -930223.4497759531, -1012890.9553982879, -1099455.8101421483, -1121602.223964012, -1042872.2410939056, -860903.0555387798, -410051.6763499195, -20566.284835144175, -139514.6153160474, -338074.8459880177, -452908.60963223415, -528401.2681902847, -651101.3588323626, -723109.8117969363, -787704.1713175402, -840344.6913332008, -875559.2478808372, -890701.0442522954, -869620.3051370884, -766803.0222553964, -615123.1839811244, -316371.60963553115, -43476.673536357324
77, -245067.0541474948, -429588.1157177412, -533181.2172763844, -594876.5666528561, -676487.978324536, -743888.3394026051, -846440.4619474161, -930223.4497737479, -1012890.9553975904, -1099455.810143303, -1121602.2239583784, -1042872.2410982486, -860903.0555366625, -410051.6763489746, -20566.284835006525, -139514.61579680635, -338074.8459521799, -452908.60958044144, -528401.268358614, -651101.3590160261, -723109.8119163662, -787704.1710530599, -840344.6910484422, -875559.2476386274, -890701.0440504772, -869620.3053528621, -766803.0223937555, -615123.1843852836, -316371.6098827033, -43476.6753238346
78, -245067.05417248613, -429588.1157487183, -533181.2173320415, -594876.5667328221, -676487.9784362526, -743888.3395402569, -846440.4621250592, -930223.4499879784, -1012890.9556548445, -1099455.810456867, -1121602.2243177423, -1042872.2414987821, -860903.0559255054, -410051.67660627834, -20566.284856080252, -139514.6158932795, -338074.8458453687, -452908.6094230414, -528401.268239183, -651101.358960505, -723109.811589056, -787704.1707212285, -840344.69088591, -875559.2472931563, -890701.0438450052, -869620.3047425867, -766803.0222204219, -615123.1840099893, -316371.6097780994, -43476.67499600255
79, -245067.05413238265, -429588.1157023502, -533181.2172719786, -594876.5666547501, -676487.9783300722, -743888.3394016097, -846440.4619433583, -930223.4497700226, -1012890.9553993014, -1099455.810150505, -1121602.2239619147, -1042872.2410979886, -860903.0555411683, -410051.67635120614, -20566.284835088452, -139514.6156921842, -338074.8459741317, -452908.609613244, -528401.2682669311, -651101.3589868078, -723109.8117694829, -787704.1712725804, -840344.6910701026, -875559.247566504, -890701.0436909711, -869620.3051678125, -766803.0225637447, -615123.1837845467, -316371.6094865394, -43476.67383458116
80, -245067.05412665807, -429588.1156972014, -533181.217270628, -594876.5666553221, -676487.9783306811, -743888.3394049823, -846440.4619461182, -930223.4497741371, -1012890.9554008056, -1099455.8101480613, -1121602.223961785, -1042872.2410994399, -860903.0555381498, -410051.6763478369, -20566.284835314706, -139514.61545384864, -338074.8459838499, -452908.6095913443, -528401.2682397442, -651101.3589238921, -723109.8118577214, -787704.1711880424, -840344.6913829009, -875559.2476544211, -890701.044025675, -869620.3053676923, -766803.0222396597, -615123.1839643649, -316371.6097733251, -43476.673442648906
81, -245067.05415606152, -429588.1157305214, -533181.2172768221, -594876.5666512302, -676487.978322067, -743888.339403016, -846440.4619482623, -930223.4497729, -1012890.9553950257, -1099455.8101439164, -1121602.2239621188, -1042872.2410981568, -860903.0555395061, -410051.6763524339, -20566.284835261773, -139514.61644407528, -338074.8459274111, -452908.60945938085, -528401.2683342751, -651101.3591014204, -723109.8117927151, -787704.1705468997, -840344.6918313142, -875559.2477250503, -890701.0440898545, -869620.305392084, -766803.0227807398, -615123.1842541561, -316371.6098622407, -43476.673257673814
82, -245067.0541598192, -429588.11573951726, -533181.2172757526, -594876.5666446037, -676487.9783185138, -743888.3394035302, -846440.4619489171, -930223.4497693988, -1012890.955391693, -1099455.8101399818, -1121602.2239562112, -1042872.2411028104, -860903.0555397035, -410051.6763491112, -20566.284834908736, -139514.61761387507, -338074.84583492635, -452908.6092651368, -528401.2685554025, -651101.3593351893, -723109.8112719515, -787704.1705693485, -840344.6917042542, -875559.2473953622, -890701.0436254127, -869620.305674497, -766803.0225612987, -615123.1840952598, -316371.60956215445, -43476.673400119114
83, -245067.05414269015, -429588.11573056557, -533181.2173005333, -594876.5666791467, -676487.978367362, -743888.3394523931, -846440.4620142216, -930223.449846501, -1012890.9554851486, -1099455.81023784, -1121602.2240584472, -1042872.241193073, -860903.0556157525, -410051.676385912, -20566.28483716859, -139514.61634595436, -338074.84665352444, -452908.6104236901, -528401.2694468595, -651101.3604578867, -723109.812966137, -787704.1728712317, -840344.6928227802, -875559.2492737158, -890701.0460610761, -869620.3069462671, -766803.0237844503, -615123.1852077832, -316371.6106246338, -43476.674901092854
84, -245067.05831185725, -429587.99833181204, -533181.0814891338, -594876.4395053857, -676487.8653845761, -743888.235289157, -846440.3740300061, -930223.371455225, -1012890.8824472072, -1099455.7291548776, -1121602.119666892, -1042872.0803477954, -860902.8486823152, -410051.4799072632, -20566.264669774275, -139514.87684126204, -338074.7805374368, -452908.5213074702, -528401.2810742564, -651101.4020351651, -723109.7086538748, -787704.0609250771, -840344.7604664601, -875559.1602452544, -890700.9864920578, -869620.3307260587, -766803.0276545227, -615123.1555971352, -316371.60830564663, -43476.65972263991
85, -245067.05830282706, -429587.9983180191, -533181.0814847804, -594876.4395066998, -676487.8653845086, -743888.2352840857, -846440.3740315262, -930223.3714541905, -1012890.8824461257, -1099455.7291552017, -1121602.1196662586, -1042872.080344664, -860902.8486791633, -410051.47990762396, -20566.264670023746, -139514.87639097255, -338074.7805633055, -452908.5213185309, -528401.2809934552, -651101.4017225961, -723109.7084305625, -787704.0614693215, -840344.7602928248, -875559.1606126353, -890700.9859673871, -869620.3303479938, -766803.0280000321, -615123.155440194, -316371.6081728954, -43476.65814209603
86, -245067.0583131335, -429587.9983323386, -533181.0814877516, -594876.4395091526, -676487.8653883911, -743888.2352891611, -846440.374031771, -930223.371454539, -1012890.8824392314, -1099455.7291463215, -1121602.1196580625, -1042872.0803383298, -860902.848678772, -410051.4799063683, -20566.26466970848, -139514.8773123524, -338074.7805021887, -452908.521177666, -528401.2811842688, -651101.4021228583, -723109.7083983816, -787704.0605671295, -840344.7603156756, -875559.1620168588, -890700.9860195774, -869620.3305446838, -766803.0279730185, -615123.1553181601, -316371.608099976, -43476.6590526316
87, -245067.05849482177, -429587.99861487944, -533181.0818331264, -594876.4398868579, -676487.8658157082, -743888.2357574239, -846440.3745568589, -930223.3720311716, -1012890.88307304, -1099455.7298576464, -1121602.1203986397, -1042872.0810734867, -860902.8493249945, -410051.48028205533, -20566.264696412607, -139514.87799819827, -338074.7805587667, -452908.52130938217, -528401.2814147396, -651101.4024910965, -723109.7083042655, -787704.0608371597, -840344.7605560247, -875559.1605982098, -890700.9862824507, -869620.3307743178, -766803.0279080336, -615123.1555515024, -316371.6081503613, -43476.65885611307
88, -245067.0583384446, -429587.9983457004, -533181.0814864972, -594876.4394964704, -676487.8653743725, -743888.2352795785, -846440.3740262918, -930223.3714485357, -1012890.8824432251, -1099455.7291687876, -1121602.119685988, -1042872.0803925213, -860902.8487357516, -410051.47996256803, -20566.264675615275, -139514.87762162363, -338074.7804496917, -452908.52114416857, -528401.2812051957, -651101.4021285292, -723109.7082090243, -787704.0609882143, -840344.7605954038, -875559.1601951288, -890700.9860198519, -869620.3306801844, -766803.0276545013, -615123.155543471, -316371.6081600859, -43476.65967168816
89, -245067.05833287296, -429587.99835785094, -533181.0814894823, -594876.4394997223, -676487.8653796528, -743888.2352884242, -846440.3740353021, -930223.3714524304, -1012890.8824395355, -1099455.7291532164, -1121602.1196686141, -1042872.0803470002, -860902.848689677, -410051.4799142892, -20566.264670240253, -139514.87861956574, -338074.78042619856, -452908.52103590616, -528401.2814204233, -651101.4024575608, -723109.707827731, -787704.0607061886, -840344.7611937225, -875559.1600575706, -890700.9863189717, -869620.3307769455, -766803.0280284141, -615123.1553585425, -316371.6078609363, -43476.65830025073
90, -245067.05831272708, -429587.99833084305, -533181.0814889943, -594876.4395049544, -676487.8653850118, -743888.2352882209, -846440.3740321667, -930223.3714544144, -1012890.8824472148, -1099455.7291571987, -1121602.1196707117, -1042872.0803442579, -860902.8486807923, -410051.4799075293, -20566.264669673546, -139514.87750073383, -338074.7804785283, -452908.5211580219, -528401.2811894433, -651101.4020055451, -723109.7082976544, -787704.0609343912, -840344.7602918436, -875559.1600907714, -890700.9859728804, -869620.3300851361, -766803.0275912563, -615123.1556091747, -316371.60793555266, -43476.657732330765
91, -245067.05830447178, -429587.998320024, -533181.0814802015, -594876.439498097, -676487.8653758639, -743888.2352750609, -846440.3740214611, -930223.3714439808, -1012890.8824340308, -1099455.7291431068, -1121602.119650626, -1042872.0803329832, -860902.8486654942, -410051.4798984866, -20566.264669023934, -139514.87648917892, -338074.78059492144, -452908.52132952504, -528401.2809534882, -651101.4018836805, -723109.708682104, -787704.0612519201, -840344.7602452588, -875559.1606581614, -890700.9861038603, -869620.3303934305, -766803.0277157371, -615123.1557152632, -316371.60803713166, -43476.658735119
92, -245067.0583322911, -429587.998354841, -533181.0814904162, -594876.4394993619, -676487.8653807072, -743888.2352885647, -846440.3740346171, -930223.3714543032, -1012890.8824449881, -1099455.7291613237, -1121602.119678038, -1042872.0803636173, -860902.8486922001, -410051.4799177214, -20566.264670541263, -139514.87859948497, -338074.78043735126, -452908.5210719542, -528401.2814248432, -651101.4024554875, -723109.7079760943, -787704.0607063156, -840344.7607948035, -875559.1603324993, -890700.9857637256, -869620.3302776013, -766803.0276736391, -615123.1555414562, -316371.6077202649, -43476.65868472344
93, -245067.05832818442, -429587.9983560107, -533181.081492993, -594876.4394988272, -676487.8653806613, -743888.2352907374, -846440.3740323177, -930223.3714506996, -1012890.882442142, -1099455.729155027, -1121602.1196668535, -1042872.0803515498, -860902.8486837492, -410051.4799094538, -20566.264669868866, -139514.8784331148, -338074.78046694404, -452908.52113617916, -528401.2813075357, -651101.4025013957, -723109.7081627497, -787704.0602774124, -840344.7605592762, -875559.159674473, -890700.9857205661, -869620.3304962344, -766803.0279776499, -615123.1552898728, -316371.60814547096, -43476.659074422976
94, -245067.05830830242, -429587.99832686584, -533181.0814848448, -594876.439507551, -676487.8653901154, -743888.2352930463, -846440.374035938, -930223.3714499604, -1012890.8824423722, -1099455.7291573237, -1121602.119670739, -1042872.08034999, -860902.848684859, -410051.4799078497, -20566.26466993597, -139514.87820656967, -338074.780463709, -452908.52111554693, -528401.281419344, -651101.4024793049, -723109.7080790959, -787704.060865677, -840344.7604066964, -875559.159930234, -890700.986259334, -869620.3303682514, -766803.0282605274, -615123.1554545251, -316371.60810411716, -43476.65878833665
95, -245067.05831916624, -429587.9983378744, -533181.0814893653, -594876.4395050069, -676487.865385024, -743888.2352897956, -846440.3740299961, -930223.3714527603, -1012890.8824412867, -1099455.729158495, -1121602.1196715373, -1042872.0803525087, -860902.8486863113, -410051.47990882944, -20566.26466980757, -139514.8784364059, -338074.7804371062, -452908.5210318466, -528401.2813200379, -651101.4023448247, -723109.708295037, -787704.0604249415, -840344.7611558039, -875559.1600124157, -890700.9860444133, -869620.3305025834, -766803.028109589, -615123.155595987, -316371.6081659665, -43476.65969559396
96, -245067.05832120698, -429587.99834310915, -533181.0814944815, -594876.4395046653, -676487.8653830118, -743888.2352899362, -846440.3740338251, -930223.371455929, -1012890.8824406981, -1099455.729158417, -1121602.1196683298, -1042872.0803400713, -860902.8486774976, -410051.479908198, -20566.26466991288, -139514.8768065571, -338074.78056455596, -452908.5212823123, -528401.281070347, -651101.4019460337, -723109.7087225425, -787704.0612133411, -840344.7605896627, -875559.1604174534, -890700.9856597563, -869620.3301325628, -766803.0278852113, -615123.1557375302, -316371.60803284054, -43476.65897407399
97, -245067.0583486298, -429587.99837380904, -533181.0815462549, -594876.4395825772, -676487.865496323, -743888.2354261385, -846440.3742083478, -930223.371663242, -1012890.8826952048, -1099455.7294648173, -1121602.1200227786, -1042872.080744568, -860902.8490730559, -410051.4801642825, -20566.264690699823, -139514.87808090373, -338074.7803583104, -452908.52093701327, -528401.281051244, -651101.4021629042, -723109.7080175942, -787704.0602753095, -840344.7604032997, -875559.1600604223, -890700.9863100806, -869620.3303190856, -766803.0274416687, -615123.1554190748, -316371.60807968414, -43476.6577310739
98, -245067.05831682892, -429587.9983385918, -533181.0814879694, -594876.4395038165, -676487.8653844998, -743888.2352893713, -846440.3740280964, -930223.3714503427, -1012890.8824397014, -1099455.729156075, -1121602.1196639738, -1042872.0803473089, -860902.8486814502, -410051.47991212533, -20566.26466989007, -139514.8778930144, -338074.7804915282, -452908.52117372816, -528401.2813529673, -651101.4023569896, -723109.7082210315, -787704.060742653, -840344.7607796161, -875559.1601142144, -890700.9861189844, -869620.3305520156, -766803.0278384903, -615123.1558103092, -316371.6079719795, -43476.65937313991
99, -245067.0583137266, -429587.99832949217, -533181.0814869658, -594876.4395095606, -676487.8653896267, -743888.2352892675, -846440.3740301358, -930223.3714467763, -1012890.8824389996, -1099455.7291557551, -1121602.1196713333, -1042872.080347337, -860902.8486823674, -410051.4799072435, -20566.26466991555, -139514.87835393366, -338074.7804288793, -452908.521084973, -528401.2813377749, -651101.4021117386, -723109.7078947455, -787704.0606655901, -840344.7604475587, -875559.1602235293, -890700.9861998647, -869620.3306078308, -766803.0279752265, -615123.1559289958, -316371.60802179354, -43476.657709041094
100, -245067.05830196198, -429587.9983145076, -533181.0814872705, -594876.4395070629, -676487.8653855401, -743888.2352868478, -846440.3740299271, -930223.3714567336, -1012890.8824481938, -1099455.7291623568, -1121602.119665302, -1042872.0803421554, -860902.8486769589, -410051.4799068274, -20566.26466998345, -139514.87562412227, -338074.7806234716, -452908.5214531199, -528401.2808459577, -651101.4016956311, -723109.7088353712, -787704.0614499704, -840344.7601618277, -875559.160643399, -890700.986016382, -869620.3304746719, -766803.0277191282, -615123.1557424397, -316371.60803281574, -43476.65860722971
101, -245067.0583071966, -429587.99832121894, -533181.0814817119, -594876.4395097583, -676487.865388846, -743888.2352876867, -846440.3740298296, -930223.3714526764, -1012890.8824410671, -1099455.729156877, -1121602.1196701622, -1042872.080348338, -860902.8486776702, -410051.4799088993, -20566.264669866156, -139514.8776849334, -338074.78050228866, -452908.5211403521, -528401.2812354504, -651101.4021372603, -723109.7081876855, -787704.0607241635, -840344.7608419464, -875559.1604009272, -890700.9860973015, -869620.3302739983, -766803.0278912587, -615123.155649322, -316371.6082669197, -43476.65774380354
102, -245067.05832208772, -429587.99835554196, -533181.08151476, -594876.439536877, -676487.8654274003, -743888.2353418878, -846440.3740998415, -930223.3715321902, -1012890.8825329263, -1099455.729254577, -1121602.1197657369, -1042872.0804411101, -860902.8487611596, -410051.47994589934, -20566.26467169144, -139514.8781340468, -338074.78122327675, -452908.5221559107, -528401.2824050547, -651101.4035066233, -723109.7095790401, -787704.0624069085, -840344.7621620843, -875559.1620610604, -890700.9875251036, -869620.3322730494, -766803.0292048334, -615123.1566891494, -316371.60850393603, -43476.658124102505
