s
0.01020408163265306, 0.07142857142857142, 0.1530612244897959, 0.21428571428571425, 0.2959183673469387, 0.3571428571428571, 0.43877551020408156, 0.5, 0.5612244897959183, 0.6428571428571428, 0.7040816326530611, 0.7857142857142856, 0.846938775510204, 0.9285714285714285, 0.9897959183673469
iteration, j dot B Redl, j dot B vmec
0, -304343.1892326065, -430344.4304613967, -541675.0359666095, -605924.6476297546, -693480.7641511131, -766722.2690254396, -879416.1898294518, -972916.0934345217, -1066858.2799913157, -1170544.3728622855, -1205468.0195314807, -1138437.7313960353, -954697.2956694032, -470651.67347422644, -25356.262774471783, -47996.387897764886, -191964.30926467179, -376560.0980037696, -492255.61028220155, -611468.8665380975, -676449.7060762849, -728342.0797590177, -741300.5668921603, -731900.1116415482, -684007.114817291, -620915.1569470381, -502286.3743658499, -385178.69007440924, -196523.5714105663, -49117.3076385663
1, -304343.1892326065, -430344.4304613967, -541675.0359666095, -605924.6476297546, -693480.7641511131, -766722.2690254396, -879416.1898294518, -972916.0934345217, -1066858.2799913157, -1170544.3728622855, -1205468.0195314807, -1138437.7313960353, -954697.2956694032, -470651.67347422644, -25356.262774471783, -47996.387897764886, -191964.30926467179, -376560.0980037696, -492255.61028220155, -611468.8665380975, -676449.7060762849, -728342.0797590177, -741300.5668921603, -731900.1116415482, -684007.114817291, -620915.1569470381, -502286.3743658499, -385178.69007440924, -196523.5714105663, -49117.3076385663
2, -304343.1892326065, -430344.4304613967, -541675.0359666095, -605924.6476297546, -693480.7641511131, -766722.2690254396, -879416.1898294518, -972916.0934345217, -1066858.2799913157, -1170544.3728622855, -1205468.0195314807, -1138437.7313960353, -954697.2956694032, -470651.67347422644, -25356.262774471783, -47996.387897764886, -191964.30926467179, -376560.0980037696, -492255.61028220155, -611468.8665380975, -676449.7060762849, -728342.0797590177, -741300.5668921603, -731900.1116415482, -684007.114817291, -620915.1569470381, -502286.3743658499, -385178.69007440924, -196523.5714105663, -49117.3076385663
3, -304343.1533174094, -430344.3908543586, -541674.982513227, -605924.585223651, -693480.6905113771, -766722.1867005471, -879416.0939519864, -972915.9852189841, -1066858.1571488923, -1170544.2267920873, -1205467.8540337514, -1138437.5419692993, -954697.0993833276, -470651.52425664634, -25356.24740111328, -47996.38180542064, -191964.28724616385, -376560.0557193654, -492255.5557673558, -611468.8001049812, -676449.6336195121, -728342.003215506, -741300.4900950629, -731900.0368644965, -684007.0462081073, -620915.0955148385, -502286.32561258896, -385178.65311040764, -196523.55295828218, -49117.30359507125
4, -304343.18923575873, -430344.43048178405, -541675.0360004181, -605924.6476707079, -693480.7641958315, -766722.2690721918, -879416.189876883, -972916.0934789677, -1066858.2800271937, -1170544.372882917, -1205468.0195316866, -1138437.7313539064, -954697.2955889654, -470651.6733747665, -25356.262761014314, -47996.38790032071, -191964.30925892945, -376560.09798739565, -492255.6102645242, -611468.8665257969, -676449.7060460998, -728342.0797486904, -741300.5669013403, -731900.1116374132, -684007.1147705351, -620915.1569255457, -502286.3743831322, -385178.69005432585, -196523.5714572276, -49117.307767577935
5, -304343.1870676564, -430344.4277646234, -541675.0337310215, -605924.645840086, -693480.7629388666, -766722.2683639119, -879416.190105608, -972916.094653564, -1066858.2824542662, -1170544.3775250528, -1205468.026209341, -1138437.7408953253, -954697.3065202439, -470651.6821587724, -25356.263617149256, -47996.3870012399, -191964.3056258982, -376560.0908438145, -492255.6009034848, -611468.8548737961, -676449.6931639191, -728342.0658932471, -741300.5528276211, -731900.0977751989, -684007.1019213187, -620915.1452846226, -502286.36502747465, -385178.6829359628, -196523.5677050604, -49117.30660196606
6, -304343.18923874595, -430344.4304693325, -541675.0359781092, -605924.6476414523, -693480.7641597867, -766722.2690310774, -879416.1898314463, -972916.0934343848, -1066858.2799863666, -1170544.3728547357, -1205468.019521806, -1138437.7313827206, -954697.2956558372, -470651.6734661171, -25356.26277379121, -47996.38789203092, -191964.3092644661, -376560.0980053957, -492255.61027795286, -611468.8665412406, -676449.7060669014, -728342.07975397, -741300.5669139994, -731900.1116547488, -684007.1147855199, -620915.1569592187, -502286.3743550631, -385178.6900708168, -196523.57141916204, -49117.30764905721
7, -331127.4187573012, -475329.3642654761, -605535.4717471357, -679961.5284163295, -779829.9334339557, -862233.229432562, -987678.6626064661, -1091239.2340284851, -1194802.5260481564, -1308964.6142201067, -1348187.7572788068, -1278065.3233828414, -1080865.5150089003, -549136.659397013, -32204.566038919078, -270715.7712984962, -409639.0812533377, -572787.1495840084, -649449.2201210756, -764400.8988948081, -845117.5072784246, -951647.8537586151, -1021544.0431489566, -1103739.4554396025, -1176915.3846814944, -1201931.3439097144, -1086727.8605883524, -948951.0907888915, -463208.71848942107, -25869.30703085597
8, -293270.4645504725, -413787.7837438675, -519910.41199317656, -581156.8936992483, -663743.9950093993, -732280.2050399109, -837302.0377810464, -923864.4419257105, -1010061.2825576911, -1103186.729446654, -1131515.2641124204, -1061562.158714949, -884496.654766517, -430253.4578939107, -22586.1282952469, -231913.87531126104, -305784.3952392299, -420111.4149853734, -535936.3794881933, -647858.8653509603, -713058.5965131376, -791226.7010051222, -832028.9886268354, -850857.8823688291, -853352.9047384952, -815077.93083603, -720476.1723704085, -571039.9998257253, -279254.12754175544, -45272.503292812646
9, -300451.06718753936, -424188.53904240427, -532565.0329513864, -594695.0915774849, -678436.1239078544, -747931.5470371742, -854533.5081288731, -942568.5578297396, -1030359.1800435892, -1125446.812567369, -1154647.4931767418, -1083811.603626271, -903520.0460730928, -440014.41359062283, -23171.001289592, -113264.12619514225, -227891.43679868086, -383647.4179732125, -501665.30747866014, -621354.2182281604, -686008.6903955113, -743440.6762165248, -761846.3941272255, -757320.35998576, -718417.7035035412, -659916.4384140079, -545918.5401455543, -421763.6491928778, -213331.4838584701, -49686.8238583222
10, -303906.57342326426, -429667.1087433923, -539931.3000552322, -603215.7999294194, -688975.912056622, -760402.4171046489, -870085.101459244, -960815.5673781295, -1051528.1552552506, -1150426.4817226867, -1181842.6351932422, -1111644.3326861907, -928574.8749815496, -454112.31195409864, -24105.645329820436, -59813.8813824318, -198354.96729441942, -377596.280618921, -493667.8393205897, -612887.4762730474, -677645.1679131724, -730198.1324160082, -743845.2881974045, -735026.7975991672, -688350.3515938562, -625919.3122451935, -508064.832113388, -389991.1323923231, -198738.58782024425, -49233.476802232006
11, -304277.1655542568, -430233.2564365418, -541285.0571081433, -605256.9761815681, -692314.4033117028, -765063.3764117104, -876939.6714878961, -969679.7795841014, -1062718.6446405745, -1165016.324523724, -1198864.2968262858, -1130722.8904038016, -946969.3542278303, -465532.28851283406, -24946.465224275737, -49594.20248836336, -192833.06602133007, -376705.55715059687, -492437.5744300571, -611624.2701541178, -676550.571141599, -728494.474436813, -741516.8293330206, -732166.4532253115, -684404.8266607098, -621387.9382037793, -502865.10653694376, -385653.26731305954, -196733.85375738563, -49119.36926820714
12, -304313.4536641838, -430298.6715237596, -541570.3581716862, -605759.3369598729, -693205.5410699294, -766339.8675053134, -878855.645552141, -972189.4463738636, -1065933.1426754184, -1169310.072230341, -1203988.3807983834, -1136689.4263104242, -952920.6216989493, -469437.50563450606, -25254.04718741731, -48278.222769348824, -192130.52221851618, -376614.21698477387, -492322.7110712222, -611536.2531023271, -676509.6922394107, -728411.2474533219, -741379.429748381, -731985.120125631, -684109.8268603815, -621026.2239683064, -502408.0977102022, -385276.5284727041, -196568.04499602265, -49120.009387879545
13, -304336.88855259196, -430335.15238782956, -541654.3152124155, -605891.6441192828, -693425.3834106703, -766644.8561799175, -879302.0630106359, -972767.5444289809, -1066668.2166481812, -1170288.8061569894, -1205159.4580020988, -1138068.6870920176, -954317.7162475014, -470386.24656111386, -25333.14396693442, -48052.0293581305, -192000.20913822346, -376577.526719397, -492277.27545815177, -611492.3802741059, -676472.5738647508, -728367.3332459559, -741327.7642197544, -731928.2311084343, -684037.7859092748, -620946.3268309482, -502317.8233175495, -385203.53691299784, -196535.3212408814, -49118.93498475134
14, -304341.8953491087, -430342.54977803404, -541670.6945894243, -605917.6221254959, -693468.8223012302, -766705.4809535245, -879391.2926654574, -972883.5576961037, -1066816.478664254, -1170487.8361320556, -1205399.4320734553, -1138355.0988165212, -954611.7544172452, -470591.18043887767, -25350.91194875459, -48008.62156384271, -191972.48217024634, -376564.54446157836, -492261.15142705775, -611474.9814754233, -676455.7552761907, -728348.736367306, -741307.6672473522, -731907.3977198093, -684014.8836881435, -620922.9171053915, -502294.0288428536, -385184.69856779935, -196526.45171351702, -49117.78752647346
15, -304342.9002733993, -430344.00870369026, -541674.0413940719, -605923.0279835465, -693478.0001150513, -766718.3780647754, -879410.409430557, -972908.5302927564, -1066848.548827793, -1170531.1831068122, -1205451.9898489688, -1138418.367896792, -954677.2047771378, -470637.4091156479, -25354.99434243742, -47999.2246611106, -191966.21785821408, -376561.1561960258, -492256.9271414589, -611470.3223965821, -676451.1409119046, -728343.665921106, -741302.2603873787, -731901.8489607214, -684008.9674763223, -620916.9931727198, -502288.18262793566, -385180.10436789476, -196524.2521076353, -49117.430210057384
