s
0.01020408163265306, 0.09183673469387754, 0.19387755102040813, 0.2959183673469387, 0.39795918367346933, 0.5, 0.6020408163265305, 0.7040816326530611, 0.8061224489795917, 0.9081632653061223, 0.9897959183673469
iteration, j dot B Redl, j dot B vmec
0, -304344.11808872846, -465882.6625976758, -583617.9064380416, -693307.184512577, -820083.6309103221, -972939.8022547069, -1123273.0951324725, -1205463.234320594, -1092025.391569211, -617747.5889951835, -25360.6037038601, -47985.098650338434, -239945.28889796697, -457303.81125296326, -611462.5784209366, -710032.7513290186, -741293.124085333, -715836.9484667215, -620906.0916696895, -467123.5201278013, -245654.58043324793, -49117.86646136679
1, -304344.11808872846, -465882.6625976758, -583617.9064380416, -693307.184512577, -820083.6309103221, -972939.8022547069, -1123273.0951324725, -1205463.234320594, -1092025.391569211, -617747.5889951835, -25360.6037038601, -47985.098650338434, -239945.28889796697, -457303.81125296326, -611462.5784209366, -710032.7513290186, -741293.124085333, -715836.9484667215, -620906.0916696895, -467123.5201278013, -245654.58043324793, -49117.86646136679
2, -304344.11808872846, -465882.6625976758, -583617.9064380416, -693307.184512577, -820083.6309103221, -972939.8022547069, -1123273.0951324725, -1205463.234320594, -1092025.391569211, -617747.5889951835, -25360.6037038601, -47985.098650338434, -239945.28889796697, -457303.81125296326, -611462.5784209366, -710032.7513290186, -741293.124085333, -715836.9484667215, -620906.0916696895, -467123.5201278013, -245654.58043324793, -49117.86646136679
3, -304344.1219063445, -465882.66472158954, -583617.9086161044, -693307.1870292652, -820083.6360753787, -972939.8121289269, -1123273.1129153476, -1205463.2629051218, -1092025.4325420149, -617747.6311072947, -25360.60790357299, -47985.09841535088, -239945.28815860284, -457303.81010003533, -611462.5772962128, -710032.7503995214, -741293.1234351431, -715836.9479430866, -620906.091313651, -467123.5197817119, -245654.58023478795, -49117.866313895676
4, -304344.100678527, -465882.62920449075, -583617.862346375, -693307.132384245, -820083.5686860993, -972939.7300335219, -1123273.0155308067, -1205463.1552474624, -1092025.327360032, -617747.5568722764, -25360.60236305309, -47985.09911140077, -239945.288482696, -457303.8089247667, -611462.5734987189, -710032.7439788886, -741293.1152290727, -715836.9391945333, -620906.0837518619, -467123.51457284804, -245654.57780333684, -49117.86612484584
5, -304343.86794236756, -465882.28686299257, -583617.4217420871, -693306.5527558055, -820082.8476186342, -972938.8424022994, -1123271.9799817766, -1205462.0652578098, -1092024.4653206232, -617747.3240941758, -25360.634425137745, -47985.01963833229, -239945.02035018994, -457303.2633962104, -611461.8344377658, -710031.8665600802, -741292.1433105278, -715835.9395893768, -620905.1953873888, -467122.8261932503, -245654.20606496948, -49117.812068132334
6, -339193.65625353134, -521592.74025322124, -655437.4854701001, -779654.910371047, -920955.4904210647, -1089595.766812101, -1254315.137794088, -1344524.055947696, -1224186.459150594, -708649.0432791443, -31849.113044873808, -284556.7346058338, -452891.5163771658, -635478.6477710255, -756590.7423736902, -893740.4770151224, -1025707.3478499234, -1142801.2894029398, -1183087.7051831132, -1054075.7993587758, -609504.1847283803, -38257.73156217608
7, -296602.45733737067, -452318.2048564921, -565178.2754747011, -670260.091257787, -789583.4559057233, -932858.757306909, -1071156.7407445852, -1142336.3057684484, -1026316.1113965795, -573431.2217828499, -22937.89188200781, -214698.23687065748, -352575.18196811224, -483599.6861560591, -648624.8040933952, -760107.0701323211, -820765.9833440925, -873812.3014439647, -808034.285707159, -688361.7266301449, -357145.34997920704, -41292.68265472897
8, -301731.3737908255, -460971.95629751927, -575375.1618562918, -681401.3227589988, -802227.2543050857, -947466.6750468169, -1088198.1036726858, -1161109.5616846264, -1043848.0268456679, -583532.1255852116, -23360.39089029847, -103418.50486423983, -273038.25023247185, -458852.618389303, -620897.7892375257, -722473.6746039779, -758372.4271868168, -749780.3735754329, -658300.5019383903, -512072.9612780834, -267537.4213958995, -45844.48706664852
9, -304045.79071380396, -465264.8822434621, -581611.7145104471, -689598.0527792082, -813626.6288359186, -962850.3421924203, -1108373.8841319296, -1185438.7733980473, -1068896.3020367692, -600205.6210534805, -24255.223909464225, -57963.98952420948, -245767.7159634132, -457308.9141186306, -612847.0264277853, -711726.2807809098, -743454.7060543406, -720556.6590049716, -625997.9048516284, -473521.47770733444, -248662.78264704987, -48411.21821004953
10, -304269.93347012403, -465724.9144062986, -583097.851412205, -692316.3393572771, -818366.7045760835, -970255.1804594678, -1119276.0922531178, -1199987.3588231024, -1085491.2404315784, -612548.3344221473, -25008.479627037566, -49456.75398498887, -240821.4087126585, -457339.5514736192, -611687.0939017705, -710279.0079766788, -741575.9615324363, -716460.8828301888, -621556.3459872087, -467956.4493213827, -246034.62207821925, -49002.81912554137
11, -304319.0872069842, -465837.9058465584, -583502.4031643608, -693092.8917528769, -819717.3667778247, -972369.5168586608, -1122421.5297051566, -1204283.922731392, -1090587.0565679718, -616558.469460461, -25274.476807546504, -48246.45980031864, -240119.30678775007, -457349.2028143342, -611550.0653445974, -710128.4761728359, -741394.8734983117, -715994.1038708552, -621059.247897907, -467296.8838503398, -245735.71725149214, -49101.0976017724
12, -304339.28876109933, -465874.8775944363, -583596.8246112899, -693266.5227646297, -820012.4275776363, -972827.1306223832, -1123102.0652098467, -1205222.3290922646, -1091725.304891483, -617492.282163634, -25341.28164969491, -48036.47553634919, -239983.15776013734, -457320.09437434, -611489.3140322184, -710062.4549629327, -741324.1200512638, -715878.0018021299, -620944.9695537374, -467164.1234649996, -245673.97001930256, -49115.630206186965
13, -304343.19321413495, -465881.20582958014, -583613.6600167644, -693298.8154847146, -820068.7888130181, -972916.0950727977, -1123236.7664193541, -1205411.5538482978, -1091960.2742999617, -617691.3846799763, -25356.262777454016, -47996.03342533979, -239953.62047254137, -457307.79245530866, -611468.978364916, -710039.8977006463, -741300.5598648284, -715846.458417996, -620915.0512266974, -467132.68308758264, -245658.99156992446, -49117.48290175962
14, -304343.19321413495, -465881.20582958014, -583613.6600167644, -693298.8154847146, -820068.7888130181, -972916.0950727977, -1123236.7664193541, -1205411.5538482978, -1091960.2742999617, -617691.3846799763, -25356.262777454016, -47996.03342533979, -239953.62047254137, -457307.79245530866, -611468.978364916, -710039.8977006463, -741300.5598648284, -715846.458417996, -620915.0512266974, -467132.68308758264, -245658.99156992446, -49117.48290175962
15, -304343.1970299336, -465881.2079473395, -583613.6621867373, -693298.81799188, -820068.7939660382, -972916.104935155, -1123236.7841904187, -1205411.5824212546, -1091960.3152606292, -617691.4267771579, -25356.266976029827, -47996.033188686226, -239953.6197323383, -457307.7913101072, -611468.9772387928, -710039.8967938743, -741300.559194049, -715846.4579399059, -620915.0508466093, -467132.6827870178, -245658.9913550727, -49117.48278422188
16, -304343.17580658826, -465881.17243423173, -583613.6159216221, -693298.7633572185, -820068.726598324, -972916.0228726999, -1123236.6868518977, -1205411.4748209757, -1091960.2101438674, -617691.3525915754, -25356.261438202884, -47996.033927832046, -239953.62005964605, -457307.79015034565, -611468.9734346571, -710039.8903698018, -741300.5509909187, -715846.4492329514, -620915.0432944195, -467132.6775210872, -245658.98898481554, -49117.482772931195
17, -304342.9437763685, -465880.8293774994, -583613.1739916143, -693298.1810016306, -820068.0038427269, -972915.1355105771, -1123235.6529427231, -1205410.388310147, -1091959.3508130417, -617691.1208743837, -25356.293902840956, -47995.98914119133, -239953.35156139752, -457307.2584889049, -611468.2338897206, -710038.9980379344, -741299.5804917474, -715845.4721060577, -620914.159671425, -467131.9824989374, -245658.60773661803, -49117.39432016754
18, -304340.1781219875, -465876.38064811676, -583602.1311853421, -693277.4676554368, -820032.2155685762, -972858.8705471104, -1123150.5985261265, -1205290.9218233882, -1091810.8117548483, -617564.830198277, -25346.72199744929, -48020.811841763425, -239970.97287473106, -457313.675815873, -611479.2104119636, -710051.1053199006, -741312.2210750636, -715863.105307749, -620931.0447950705, -467150.21671794134, -245667.23725870956, -49116.16524029538
