s
0.01020408163265306, 0.13265306122448978, 0.2551020408163265, 0.37755102040816324, 0.5, 0.6224489795918366, 0.7448979591836734, 0.8673469387755102, 0.9897959183673469
iteration, j dot B Redl, j dot B vmec
0, -253011.0466373079, -529196.827345609, -663405.6494897819, -811464.2973282426, -994552.1743783464, -1172987.7276227726, -1214006.4709185115, -870812.2330401285, -25031.351490339155, -31452.327807796424, -326059.80551954365, -541275.1770640204, -673885.8114832263, -721838.2438311469, -682791.503415442, -554693.0218805475, -336278.4905770642, -30131.128122062146
1, -253011.0466373079, -529196.827345609, -663405.6494897819, -811464.2973282426, -994552.1743783464, -1172987.7276227726, -1214006.4709185115, -870812.2330401285, -25031.351490339155, -31452.327807796424, -326059.80551954365, -541275.1770640204, -673885.8114832263, -721838.2438311469, -682791.503415442, -554693.0218805475, -336278.4905770642, -30131.128122062146
2, -253011.0446869093, -529196.8254977453, -663405.6485664438, -811464.2966757878, -994552.1738835992, -1172987.727244461, -1214006.4706675727, -870812.2329449409, -25031.3514856411, -31452.444583896555, -326059.8036512251, -541275.1771679156, -673885.8112869583, -721838.2438164224, -682791.5036815424, -554693.0215528432, -336278.490708439, -30131.127392847247
3, -253011.04663220825, -529196.827338518, -663405.6494899882, -811464.2973350147, -994552.1743894056, -1172987.7276417855, -1214006.4709158663, -870812.2330668615, -25031.351489070286, -31452.32778369143, -326059.8055565281, -541275.1769540806, -673885.8114225817, -721838.2435792208, -682791.50376835, -554693.0219174607, -336278.48896932247, -30131.253497121128
4, -253011.383041891, -529196.7607839325, -663405.3086250474, -811464.0552384357, -994551.9730190935, -1172987.2587985576, -1214005.7870016734, -870812.1049101807, -25031.408694031685, -31452.07988356545, -326059.7721843859, -541275.1581285748, -673885.7760766554, -721838.2188959089, -682791.4593291755, -554693.0260448586, -336278.4484035917, -30131.168005663807
5, -253027.60141601777, -529195.5425000482, -663394.8816106727, -811458.4806990074, -994554.907950683, -1172997.7077801153, -1214033.9587882843, -870871.5861421314, -25037.80816623182, -31436.44436010269, -326058.56264587905, -541273.6565395748, -673884.0406395771, -721836.4511894856, -682790.8699929786, -554692.4029943552, -336278.07294276665, -30130.350967778988
6, -253011.04660986844, -529196.837551527, -663405.6652737502, -811464.3161493799, -994552.1953768658, -1172987.7514534378, -1214006.4948891276, -870812.2470272637, -25031.351564926637, -31452.32954444819, -326059.7988561439, -541275.1669656604, -673885.7995560266, -721838.2297404597, -682791.492115181, -554693.0127751223, -336278.48577741574, -30131.12548683914
7, -260404.41477652287, -544108.6810310226, -684217.9162080209, -838725.8380301567, -1028395.4672132216, -1211627.513409532, -1253039.8639666012, -901162.9576862962, -26341.422069915425, -209605.1419510363, -497583.84904296667, -660388.1787881635, -813989.3430477737, -976665.5899545806, -1123799.934665435, -1097599.1295360832, -791169.5143288234, -29733.161943127125
8, -248029.91704859358, -519813.3934660866, -652662.59933628, -799200.0007684893, -979551.5963591766, -1154105.2815426893, -1191922.571411673, -851752.8702517534, -24075.13126749672, -95160.65632361802, -400912.5439574702, -582868.4443194465, -735362.7602318838, -825530.6263565177, -857691.5666324898, -773866.9087370393, -507275.49303315405, -41809.1934590253
9, -250264.55873634576, -523834.3986073091, -656780.2118820444, -803380.4500052729, -984338.1878446699, -1160031.2225039853, -1198701.301483102, -856908.6201441272, -24258.81006055446, -46143.282245867944, -344267.4792233882, -551368.3856201672, -689605.134354998, -747243.9970792038, -724616.2005979196, -606496.9951917625, -376252.7352429189, -33740.21295145046
10, -252044.5995395996, -527180.2835487, -660782.3642981068, -808148.2303917846, -990262.5484652986, -1167452.5416814203, -1207382.6012741881, -864717.291329909, -24688.914618855837, -34881.62012109632, -330276.2105157304, -543503.4358982088, -677458.2351140603, -727682.9409180412, -692520.7748196352, -566803.563540373, -345654.6681809746, -31025.535665450872
11, -252725.50997668266, -528542.9081457121, -662511.9261672731, -810304.9521233947, -993026.8228937553, -1170995.3451754625, -1211616.4536537637, -868638.4231444334, -24912.311961903153, -32240.210988242507, -327038.32705856307, -541774.9526995549, -674699.0841565311, -723183.612328305, -685053.2675388658, -557526.5626042141, -338476.05667434, -30343.037710338973
12, -252921.08974695962, -529008.4486196137, -663145.4094699956, -811116.5903759598, -994085.1885694952, -1172371.608281033, -1213255.0157505132, -870102.8272295711, -24990.6101686911, -31639.872852503646, -326292.39932740136, -541402.3598890277, -674085.7732963526, -722158.5293658448, -683316.6445899607, -555348.7033462499, -336783.6244061224, -30180.089998880656
13, -252985.68505396196, -529136.4254607812, -663320.6817766544, -811353.2948347343, -994405.6379717282, -1172796.525849392, -1213777.2286695917, -870600.5971429083, -25020.186008192024, -31490.388163229756, -326110.59884632233, -541301.0327486662, -673925.3020941381, -721901.3978785616, -682898.2919142446, -554829.4474384256, -336383.5207012831, -30140.766858511375
14, -253011.5751874737, -529173.0069865679, -663366.4626676294, -811419.4571890333, -994498.7018883866, -1172922.9151492368, -1213942.1899484356, -870781.2083448363, -25032.76856238046, -31449.486502891083, -326058.0548151487, -541263.6751440797, -673871.8409375591, -721825.0498413126, -682784.1155412705, -554693.1377144754, -336280.6678068835, -30131.18852777914
15, -253022.6833810339, -529190.448734094, -663389.1494200673, -811450.3324571776, -994542.8896995354, -1172981.0239500375, -1214012.319733754, -870849.4868784333, -25036.516289636587, -31437.621559462546, -326054.30139947485, -541265.496130098, -673873.507451958, -721824.7205904628, -682779.4446524796, -554683.4081529893, -336272.54349956947, -30129.84096552295
16, -253011.41229129623, -529196.9901132557, -663405.6217737014, -811464.559684224, -994552.6347411904, -1172987.9029984856, -1214006.3204467674, -870812.6131509885, -25031.43693659624, -31452.023611041284, -326059.8166429432, -541275.1574137533, -673885.7146868482, -721838.1105228943, -682791.343959632, -554692.9066818784, -336278.3780098936, -30131.16938503867
17, -253011.56838020164, -529196.877424473, -663405.3942036318, -811464.2742183532, -994552.3346421171, -1172987.643245452, -1214006.1826993697, -870812.6747504444, -25031.461696599246, -31451.97896439289, -326059.9053642754, -541275.3381149434, -673885.9730994783, -721838.4319175205, -682791.7067384921, -554693.1858366234, -336278.5949635738, -30131.15104504486
