s
0.01020408163265306, 0.07142857142857142, 0.1530612244897959, 0.21428571428571425, 0.2959183673469387, 0.3571428571428571, 0.43877551020408156, 0.5, 0.5612244897959183, 0.6428571428571428, 0.7040816326530611, 0.7857142857142856, 0.846938775510204, 0.9285714285714285, 0.9897959183673469
iteration, j dot B Redl, j dot B vmec
0, -245067.05830751784, -429587.99832340097, -533181.0814887526, -594876.4395085804, -676487.8653883337, -743888.2352890151, -846440.3740315054, -930223.3714480638, -1012890.8824435645, -1099455.7291587242, -1121602.1196698835, -1042872.0803432387, -860902.8486807491, -410051.4799060211, -20566.26466979178, -139514.8773779744, -338074.78052718187, -452908.52120715013, -528401.2811591882, -651101.4020377127, -723109.7082500518, -787704.0610415654, -840344.7600849703, -875559.1604725766, -890700.9861628845, -869620.3302269654, -766803.0281966481, -615123.155503618, -316371.60774045537, -43476.65894499125
1, -245067.05830751784, -429587.99832340097, -533181.0814887526, -594876.4395085804, -676487.8653883337, -743888.2352890151, -846440.3740315054, -930223.3714480638, -1012890.8824435645, -1099455.7291587242, -1121602.1196698835, -1042872.0803432387, -860902.8486807491, -410051.4799060211, -20566.26466979178, -139514.8773779744, -338074.78052718187, -452908.52120715013, -528401.2811591882, -651101.4020377127, -723109.7082500518, -787704.0610415654, -840344.7600849703, -875559.1604725766, -890700.9861628845, -869620.3302269654, -766803.0281966481, -615123.155503618, -316371.60774045537, -43476.65894499125
2, -245067.05832813814, -429587.99835192226, -533181.0814909494, -594876.4395038771, -676487.8653850495, -743888.2352900518, -846440.3740307535, -930223.371450241, -1012890.8824409972, -1099455.729153302, -1121602.1196631114, -1042872.0803470452, -860902.8486794765, -410051.4799084373, -20566.2646695348, -139514.8779592333, -338074.7804580983, -452908.5211618742, -528401.281284564, -651101.4022373721, -723109.7084424718, -787704.0606275705, -840344.7606350613, -875559.1601636427, -890700.986251293, -869620.3306836622, -766803.027900093, -615123.1557394415, -316371.60815038625, -43476.65928295438
3, -245067.0583078324, -429587.9983241997, -533181.0814871277, -594876.4395073263, -676487.86538548, -743888.235289989, -846440.3740311712, -930223.371454973, -1012890.882447802, -1099455.729154826, -1121602.1196682972, -1042872.0803416052, -860902.8486818824, -410051.4799103124, -20566.264670050554, -139514.87680288893, -338074.78056495165, -452908.521285333, -528401.281101114, -651101.4019230269, -723109.7086204885, -787704.0608298511, -840344.7599277758, -875559.1603390418, -890700.9865028154, -869620.3301662623, -766803.0277425614, -615123.1552219625, -316371.6078591084, -43476.65692533969
4, -245067.05832571074, -429587.9983532582, -533181.0815206126, -594876.4395466698, -676487.8654325277, -743888.2353339896, -846440.3740807931, -930223.3715106557, -1012890.8825074139, -1099455.7292242418, -1121602.1197424664, -1042872.0804183456, -860902.8487469109, -410051.4799447383, -20566.2646725932, -139514.87747013773, -338074.7805294776, -452908.5211924857, -528401.2811867963, -651101.4022336713, -723109.7082927389, -787704.0608691388, -840344.7606769713, -875559.1603548846, -890700.9861732447, -869620.3302494172, -766803.028137761, -615123.1556126226, -316371.6080019163, -43476.65846254222
5, -245067.05830387643, -429587.9983207432, -533181.0814868666, -594876.4395059736, -676487.8653869196, -743888.2352878343, -846440.3740330096, -930223.371449962, -1012890.8824447305, -1099455.7291587843, -1121602.1196719888, -1042872.0803485721, -860902.8486872747, -410051.47991534974, -20566.26467059758, -139514.87691029801, -338074.7805226743, -452908.52132981434, -528401.2810812005, -651101.401892993, -723109.7085595697, -787704.0611588715, -840344.7601752363, -875559.1605135878, -890700.9864832696, -869620.3302396166, -766803.0279886094, -615123.1553288461, -316371.60789326736, -43476.65736798034
6, -245067.0583162339, -429587.99833680457, -533181.0814884227, -594876.4395072496, -676487.8653872854, -743888.235291343, -846440.3740328095, -930223.3714526722, -1012890.8824458527, -1099455.7291579603, -1121602.1196677643, -1042872.080347494, -860902.8486781908, -410051.4799067512, -20566.26466968984, -139514.8778183172, -338074.78045883734, -452908.52119076176, -528401.2812510937, -651101.4021863644, -723109.7083932873, -787704.0607856754, -840344.7605608399, -875559.1601469022, -890700.9861609844, -869620.3306411097, -766803.0276751566, -615123.1554380839, -316371.6082313997, -43476.65877793158
7, -245067.0583257681, -429587.99834897695, -533181.081489179, -594876.4395035284, -676487.865382342, -743888.2352912885, -846440.3740308444, -930223.3714471102, -1012890.8824381586, -1099455.7291549593, -1121602.1196671114, -1042872.0803552895, -860902.8486858202, -410051.47990981874, -20566.264670005185, -139514.87888169335, -338074.7804005695, -452908.52098507393, -528401.2815090221, -651101.4025225787, -723109.7078461988, -787704.060411532, -840344.7606232764, -875559.160352505, -890700.9859693053, -869620.330507176, -766803.0278183826, -615123.1555502557, -316371.60800136405, -43476.65855932399
8, -245067.05830957962, -429587.9983269656, -533181.0814850384, -594876.4395033843, -676487.8653878792, -743888.2352886032, -846440.3740313307, -930223.3714501485, -1012890.8824431105, -1099455.7291572215, -1121602.1196658649, -1042872.0803463235, -860902.8486805361, -410051.4799061426, -20566.264669907436, -139514.877483742, -338074.7805005938, -452908.5212058304, -528401.2811779829, -651101.4022813728, -723109.708449072, -787704.0607729079, -840344.7605826963, -875559.1604217034, -890700.9861152173, -869620.3307289137, -766803.0278274347, -615123.1551917766, -316371.6082399588, -43476.657944192215
9, -245067.0583164905, -429587.998336105, -533181.0814871723, -594876.4395093346, -676487.8653873347, -743888.2352884123, -846440.3740308896, -930223.3714518277, -1012890.882445988, -1099455.7291587635, -1121602.1196686612, -1042872.0803541045, -860902.8486795204, -410051.47990940197, -20566.26466974079, -139514.8777538024, -338074.7804799321, -452908.52117608185, -528401.2813528444, -651101.402186096, -723109.7084396341, -787704.0609215618, -840344.760370673, -875559.1603658951, -890700.9857777659, -869620.3304152905, -766803.0274963365, -615123.1552877408, -316371.6081475229, -43476.658157715
10, -245067.05831851115, -429587.99834108417, -533181.0814936934, -594876.439504599, -676487.8653788579, -743888.2352838598, -846440.3740312863, -930223.3714568433, -1012890.8824478107, -1099455.729157472, -1121602.1196657652, -1042872.0803449331, -860902.8486804754, -410051.47990970616, -20566.264669872842, -139514.8761533539, -338074.7805984744, -452908.5214727465, -528401.2810601656, -651101.4017373174, -723109.7085239835, -787704.0610927664, -840344.7602573285, -875559.1606669234, -890700.9866911768, -869620.3305208663, -766803.0279264402, -615123.1552102485, -316371.6080474674, -43476.65808628925
11, -245067.05833400664, -429587.99836366595, -533181.081493889, -594876.4395013624, -676487.8653789195, -743888.235285301, -846440.3740331936, -930223.3714525235, -1012890.8824415326, -1099455.729154254, -1121602.119661584, -1042872.0803493806, -860902.8486798949, -410051.4799098681, -20566.26466942322, -139514.87853829563, -338074.78042888886, -452908.52105873375, -528401.28145242, -651101.4022843526, -723109.707907842, -787704.0606646119, -840344.7610275523, -875559.1597378249, -890700.9864441255, -869620.33044133, -766803.0276265105, -615123.1556933238, -316371.6077872842, -43476.65929995911
12, -245067.05831070623, -429587.998329153, -533181.0814883787, -594876.4395090818, -676487.8653883252, -743888.2352887999, -846440.3740321439, -930223.3714525276, -1012890.882443509, -1099455.729157992, -1121602.1196649964, -1042872.0803448831, -860902.8486807054, -410051.4799097958, -20566.264669588985, -139514.878136981, -338074.780468719, -452908.5211178792, -528401.2813113991, -651101.4022841464, -723109.7080354562, -787704.0605260391, -840344.7606885575, -875559.1600579611, -890700.9861792622, -869620.3303509573, -766803.0279014031, -615123.1553929145, -316371.6077237349, -43476.65854648668
13, -245067.05831797884, -429587.9983394507, -533181.0814856894, -594876.4395076719, -676487.8653890998, -743888.23529109, -846440.3740301768, -930223.3714489508, -1012890.8824386996, -1099455.7291554993, -1121602.1196715522, -1042872.0803491089, -860902.848683392, -410051.4799084373, -20566.26467013904, -139514.8787931801, -338074.7804325078, -452908.5209570572, -528401.2815093965, -651101.4023605289, -723109.7080145612, -787704.0604174857, -840344.7608434659, -875559.160068734, -890700.9861001628, -869620.3305777776, -766803.0278446475, -615123.1554974671, -316371.6083314403, -43476.65870196234
14, -245067.05831895463, -429587.99833924684, -533181.0814930717, -594876.4395143263, -676487.865399105, -743888.2353035127, -846440.3740465855, -930223.3714714614, -1012890.8824668273, -1099455.7291940162, -1121602.1197015485, -1042872.0803849946, -860902.8487193172, -410051.479935389, -20566.264671789686, -139514.87788895858, -338074.7804457743, -452908.5211333635, -528401.2812569166, -651101.4022473424, -723109.7081468345, -787704.0605715064, -840344.7606420962, -875559.1601089584, -890700.9855638562, -869620.3304542066, -766803.027805516, -615123.1552219117, -316371.6080990769, -43476.659065447624
15, -245067.05832123544, -429587.9983459262, -533181.081489768, -594876.4395045728, -676487.8653845582, -743888.2352889727, -846440.3740326355, -930223.3714528489, -1012890.8824445602, -1099455.7291575633, -1121602.1196642097, -1042872.0803500519, -860902.848682684, -410051.47990778304, -20566.264669802807, -139514.8781233421, -338074.7804751615, -452908.52112893545, -528401.2812951605, -651101.4022755825, -723109.708159243, -787704.0609074997, -840344.7606079421, -875559.1599433776, -890700.9855937036, -869620.3307914132, -766803.0277700078, -615123.155231728, -316371.6079148278, -43476.658523027756
16, -245067.0583084653, -429587.9983241224, -533181.0814886692, -594876.4395086984, -676487.8653897999, -743888.235286833, -846440.374027593, -930223.3714513209, -1012890.8824442562, -1099455.7291582073, -1121602.1196681685, -1042872.0803484333, -860902.8486812798, -410051.479910132, -20566.264669654192, -139514.87738055925, -338074.78051259555, -452908.5212310152, -528401.2811352942, -651101.4021173299, -723109.7083854945, -787704.0609883503, -840344.7603763144, -875559.1606990888, -890700.9860545822, -869620.3304571857, -766803.0277083137, -615123.1556830684, -316371.6077708418, -43476.65885487006
17, -245067.0583121463, -429587.9983323613, -533181.0814880405, -594876.4395050975, -676487.8653825133, -743888.2352863142, -846440.3740310256, -930223.3714529577, -1012890.8824480724, -1099455.7291567822, -1121602.1196665212, -1042872.0803469266, -860902.8486806182, -410051.47990867135, -20566.26466997314, -139514.87696945126, -338074.780547471, -452908.5212424161, -528401.280982789, -651101.4019410092, -723109.7084406547, -787704.0610203574, -840344.7601798298, -875559.160053669, -890700.9862486267, -869620.3304935097, -766803.0278871929, -615123.1554455896, -316371.6079486353, -43476.65856401886
18, -245067.0583175956, -429587.9983367184, -533181.0814883665, -594876.4395037789, -676487.8653848678, -743888.2352893092, -846440.3740315353, -930223.3714526275, -1012890.8824478474, -1099455.7291525356, -1121602.1196672358, -1042872.0803482005, -860902.848687683, -410051.4799080317, -20566.264669828266, -139514.8778058289, -338074.7804866284, -452908.5211264261, -528401.2811667883, -651101.4022291789, -723109.7082180502, -787704.0609239035, -840344.7604856318, -875559.1599366907, -890700.986338184, -869620.3305947335, -766803.0279906068, -615123.1555294658, -316371.6080388716, -43476.657484373536
19, -245067.05831892003, -429587.998341034, -533181.0814931865, -594876.4395098106, -676487.8653868719, -743888.2352919109, -846440.3740384413, -930223.3714616173, -1012890.8824507741, -1099455.7291657664, -1121602.1196754246, -1042872.0803538818, -860902.8486894319, -410051.47991416306, -20566.26466998128, -139514.8773041485, -338074.78060456563, -452908.5212859513, -528401.2812853651, -651101.4021617925, -723109.7085025891, -787704.0610196635, -840344.7605819039, -875559.1608086023, -890700.9861538124, -869620.3307490047, -766803.0278696656, -615123.1558228179, -316371.6079885711, -43476.65869979274
20, -259584.76304632874, -453377.2431813672, -563611.5488516404, -629380.6461840961, -716774.932916314, -789013.6823086438, -899048.8132177962, -989291.9078328373, -1078348.9152198995, -1172202.2859367111, -1197908.7107801205, -1118288.5424672507, -927774.8333232611, -447566.9631095659, -23112.8654849126, -155919.92931400315, -372378.5139354324, -490928.08568230073, -582062.76462863, -662818.9773690054, -759935.4532396314, -775766.6541779283, -833128.9375242793, -934015.3867008827, -970915.6099809019, -927194.4233478179, -770066.2748222555, -617070.9794502716, -334751.10455721733, -50833.509390183404
21, -253111.3228164786, -443401.0365460306, -551075.0556130175, -615276.2755278946, -700481.9886770131, -770876.4795119858, -878064.3088446674, -965778.8535670282, -1052212.400872036, -1142948.5038010895, -1167001.3578012965, -1087452.0386662325, -900231.2248986738, -431848.4980931565, -22004.95624510979, -147733.19061737892, -357647.81424804276, -475314.5843470891, -558543.7939203706, -647548.3293317432, -732262.9238523403, -752901.6543928197, -817633.467580108, -899182.0612807261, -930301.6831421717, -903656.9744486825, -752276.2877993673, -600406.4857770172, -323276.16730535415, -48363.82985130066
22, -250960.56623061927, -440077.3771587713, -546923.953410269, -610653.1321725732, -695091.7840696475, -764802.487851484, -870858.6667947983, -957544.6786544698, -1043036.814091638, -1132786.5350368768, -1156306.9724638937, -1076669.1570949203, -890437.6996234154, -426109.9292803783, -21588.443077367036, -144889.09598614078, -352179.61711812724, -465222.43314835755, -543570.6707068245, -646842.5180781699, -726028.9979409123, -767244.532702871, -828829.7293171885, -881185.8794718342, -902117.1336341033, -882479.7682813184, -755981.3947164245, -603000.6756534104, -318512.34245635336, -46346.04298183609
23, -246934.37704347286, -433482.7098660229, -538629.6621417559, -601337.1216037032, -684270.1809168971, -752716.2620407705, -856787.3320340367, -941787.2472991901, -1025662.6706521206, -1113599.8049486843, -1136320.006016425, -1057122.6635270217, -873263.3081992397, -416693.5418703257, -20979.739730852776, -139765.75852674828, -340135.95593688864, -452821.86272478587, -528442.6857745949, -650013.8446013147, -722381.7260115967, -786019.9917316001, -838816.0950344699, -874534.8902297069, -889582.7800303728, -868612.3218264454, -764909.5780687517, -613521.9141738974, -315749.1950859385, -43210.59852293009
24, -245146.64602576086, -429903.3215411821, -533870.0728472131, -595852.2049827456, -677847.7124705049, -745548.2908274042, -848527.6543634408, -932651.7534529073, -1015665.4732141966, -1102654.0972863918, -1125028.4432243572, -1046329.7911068725, -864013.727640982, -411838.18821466935, -20688.232147642215, -139347.21177754892, -337911.8168567049, -452191.1803015563, -527545.419369965, -649913.7885523739, -721842.3826060126, -786234.3287284634, -838780.6387441405, -873973.2480814668, -889072.0522800223, -868043.6473709708, -765271.5690423887, -613886.4270064002, -315736.1527299911, -43285.539661484654
25, -244852.14604208365, -429173.75269741623, -532748.8272885629, -594458.9448233832, -676094.2343545753, -743510.1955304171, -846077.3583873903, -929868.1903720112, -1012542.9217985128, -1099122.4697552414, -1121290.638042423, -1042617.4558638195, -860722.4192777704, -410008.90062377637, -20570.938591346705, -139347.8997247273, -337694.5658533794, -452348.9321150962, -527744.6146490334, -650284.311566697, -722206.7306954463, -786708.3261241232, -839282.1343422041, -874450.8412383115, -889574.0940391058, -868522.8269369653, -765821.579377335, -614331.8804287297, -315971.11444369925, -43410.83687235967
26, -244852.1460212022, -429173.7526627891, -532748.8272877197, -594458.9448324086, -676094.2343599795, -743510.1955301855, -846077.3583825824, -929868.1903707028, -1012542.9218097811, -1099122.46975768, -1121290.6380438968, -1042617.4558612657, -860722.4192767309, -410008.90062080714, -20570.93859193993, -139347.89721615732, -337694.56602035713, -452348.9325012719, -527744.6141902397, -650284.3110396495, -722206.731473096, -786708.3268985734, -839282.1339856933, -874450.8414519846, -889574.0945740485, -868522.826548522, -765821.5791936904, -614331.8802756531, -315971.1143721024, -43410.83616461898
27, -244852.14602069624, -429173.7526533825, -532748.8272828292, -594458.9448360002, -676094.2343674268, -743510.1955319144, -846077.3583808069, -929868.1903627351, -1012542.9218015233, -1099122.4697589127, -1121290.6380492356, -1042617.4558664012, -860722.4192741992, -410008.9006169187, -20570.938592212067, -139347.89801413318, -337694.5659717837, -452348.93235893553, -527744.614283491, -650284.311256346, -722206.7312410596, -786708.3267242922, -839282.1337169607, -874450.8419697047, -889574.0944818021, -868522.826391189, -765821.5793585257, -614331.8802937337, -315971.11437032244, -43410.83693432284
28, -244852.14605073334, -429173.7526988628, -532748.8273226238, -594458.9448725114, -676094.2344086139, -743510.1955768887, -846077.3584358896, -929868.190424692, -1012542.921864507, -1099122.4698289232, -1121290.638119605, -1042617.4559312756, -860722.4193432196, -410008.90065597615, -20570.938594582884, -139347.898878622, -337694.5659380819, -452348.93218400975, -527744.6145498044, -650284.3114177688, -722206.7308986258, -786708.3265318691, -839282.1342064482, -874450.841347699, -889574.0942007891, -868522.826794207, -765821.5797761218, -614331.8804776453, -315971.1140230448, -43410.8342484535
29, -244852.1460431995, -429173.75269146846, -532748.827290612, -594458.9448272588, -676094.2343570546, -743510.195530588, -846077.3583838404, -929868.1903659803, -1012542.9218001238, -1099122.4697586792, -1121290.6380455578, -1042617.4558635904, -860722.4192858704, -410008.900624993, -20570.938592268278, -139347.8995286331, -337694.56587446044, -452348.9320982959, -527744.6145935179, -650284.311525335, -722206.7310141635, -786708.3262247352, -839282.1342489297, -874450.8412983319, -889574.0939655005, -868522.8267835777, -765821.579612232, -614331.8801066959, -315971.11440691946, -43410.83598539298
30, -244852.1460328507, -429173.7526803095, -532748.8272883346, -594458.9448272123, -676094.2343603657, -743510.1955342565, -846077.3583839219, -929868.1903661757, -1012542.9217997888, -1099122.4697561285, -1121290.638046412, -1042617.4558626078, -860722.4192773004, -410008.90061985713, -20570.93859187047, -139347.89931157342, -337694.565909979, -452348.93214761885, -527744.6145779715, -650284.3117216681, -722206.7310406456, -786708.3262007236, -839282.1342871531, -874450.8413699049, -889574.0942045292, -868522.8265749164, -765821.5797660846, -614331.8803790637, -315971.11441107653, -43410.83598023876
31, -244852.14603342116, -429173.7526846633, -532748.8272894677, -594458.9448252637, -676094.2343553344, -743510.1955326279, -846077.3583842845, -929868.1903724875, -1012542.9218078641, -1099122.4697591495, -1121290.638044984, -1042617.455860229, -860722.419283028, -410008.9006229841, -20570.938591762337, -139347.898878208, -337694.5659012528, -452348.9321645859, -527744.6145538135, -650284.3114087605, -722206.7311421577, -786708.3265580432, -839282.1342985926, -874450.8410144448, -889574.0942557048, -868522.8266413447, -765821.5794516364, -614331.880189498, -315971.1143406831, -43410.83577520724
32, -244852.1460388755, -429173.75268292776, -532748.827287764, -594458.9448280128, -676094.2343565297, -743510.1955302377, -846077.3583818378, -929868.1903674551, -1012542.9218018258, -1099122.4697560703, -1121290.6380445738, -1042617.4558574791, -860722.4192761016, -410008.9006175059, -20570.93859153502, -139347.8987322265, -337694.56592696835, -452348.9322396724, -527744.6144354907, -650284.3112370496, -722206.7310159148, -786708.3264809279, -839282.1343376692, -874450.8411882697, -889574.0942844246, -868522.8265843793, -765821.5796755792, -614331.8803998618, -315971.11431779905, -43410.83641222618
33, -244852.1460192598, -429173.75266032387, -532748.8272799082, -594458.9448314997, -676094.2343643802, -743510.1955332056, -846077.358381631, -929868.1903647038, -1012542.9217986666, -1099122.469758762, -1121290.6380527306, -1042617.4558619438, -860722.4192794512, -410008.90061928064, -20570.938592253497, -139347.89912361873, -337694.56593982497, -452348.93217446934, -527744.6145464159, -650284.3115760365, -722206.7310151944, -786708.3263141369, -839282.1343919614, -874450.8416135535, -889574.0942719169, -868522.8266478514, -765821.5796438723, -614331.8804194324, -315971.11420238874, -43410.835753307125
34, -244852.1460333654, -429173.7526756355, -532748.8272885655, -594458.944825626, -676094.2343577164, -743510.1955330756, -846077.3583872973, -929868.190372404, -1012542.9218061094, -1099122.4697551348, -1121290.6380420541, -1042617.4558592457, -860722.4192796494, -410008.90062017477, -20570.938592117294, -139347.89784585527, -337694.56598016387, -452348.9323833108, -527744.6142810528, -650284.311233639, -722206.7312621421, -786708.3269705541, -839282.1339619439, -874450.8416966182, -889574.0945638395, -868522.8262472397, -765821.5793185313, -614331.8800906854, -315971.114214528, -43410.835623072846
35, -244852.1460236314, -429173.7526639939, -532748.8272811123, -594458.9448300735, -676094.2343608739, -743510.1955322844, -846077.3583833764, -929868.1903660342, -1012542.9218037067, -1099122.469756373, -1121290.6380452593, -1042617.4558600371, -860722.4192759172, -410008.90061992826, -20570.938592525228, -139347.89813707792, -337694.56599471, -452348.93230660865, -527744.6143598275, -650284.3112933465, -722206.7311007099, -786708.3266724972, -839282.1341039228, -874450.8412269634, -889574.0947212791, -868522.8268314868, -765821.5794830511, -614331.8805403529, -315971.1143213671, -43410.833528829615
36, -244852.14603014977, -429173.75267518347, -532748.8272859408, -594458.9448308161, -676094.2343634006, -743510.195534196, -846077.3583846804, -929868.190364141, -1012542.9217996971, -1099122.4697550302, -1121290.6380487783, -1042617.4558593552, -860722.4192783791, -410008.900620086, -20570.93859161504, -139347.89956983807, -337694.5659096728, -452348.93212163565, -527744.61466897, -650284.3116628584, -722206.7309583689, -786708.3264580271, -839282.1346592855, -874450.8409331066, -889574.0940799117, -868522.8266807763, -765821.5797099429, -614331.8802798934, -315971.114146886, -43410.83634128914
37, -244852.14602308423, -429173.7526643042, -532748.827285069, -594458.9448357825, -676094.2343659587, -743510.1955332562, -846077.3583824234, -929868.1903646231, -1012542.9218020678, -1099122.4697557297, -1121290.6380495308, -1042617.4558595505, -860722.4192751045, -410008.9006200372, -20570.938592031394, -139347.89882375445, -337694.56592824584, -452348.93220455357, -527744.6145408865, -650284.311511668, -722206.7310033109, -786708.3264474319, -839282.1340042459, -874450.8413024056, -889574.0944926031, -868522.8267346969, -765821.5796258113, -614331.8802772542, -315971.1141896679, -43410.83507351949
38, -244852.1460316298, -429173.75267706614, -532748.8272913587, -594458.9448370917, -676094.234374909, -743510.195546696, -846077.3584005403, -929868.1903870035, -1012542.921828927, -1099122.4697895641, -1121290.638082287, -1042617.4559002657, -860722.4193151058, -410008.90064282087, -20570.938594396193, -139347.8986926081, -337694.56593056145, -452348.93221341394, -527744.6144993649, -650284.3113742468, -722206.7313010207, -786708.3268011475, -839282.1340488304, -874450.8416572593, -889574.0940616131, -868522.8264612339, -765821.5793953837, -614331.8804011213, -315971.11447604565, -43410.83602302659
39, -244852.14602229066, -429173.75266757415, -532748.8272838457, -594458.944828899, -676094.2343601186, -743510.1955317563, -846077.3583873844, -929868.1903703457, -1012542.9218035969, -1099122.4697560922, -1121290.6380442278, -1042617.4558580405, -860722.419278265, -410008.90061877924, -20570.938592314542, -139347.89853067003, -337694.56595598656, -452348.93228802935, -527744.6144570154, -650284.311419668, -722206.7311008283, -786708.3268366599, -839282.1339988091, -874450.8412184732, -889574.0946342524, -868522.8266035499, -765821.5794905089, -614331.8803391553, -315971.1145346743, -43410.83572215102
40, -244852.14603346345, -429173.75267903844, -532748.8272904048, -594458.9448281223, -676094.2343595469, -743510.1955290271, -846077.3583887948, -929868.1903680873, -1012542.9218029764, -1099122.4697558118, -1121290.6380400693, -1042617.4558614597, -860722.419278776, -410008.9006184988, -20570.938591946724, -139347.89850164443, -337694.56598968845, -452348.9322845434, -527744.614428892, -650284.3114108087, -722206.730956885, -786708.3265635445, -839282.1341821426, -874450.8415251721, -889574.0941428958, -868522.8268651918, -765821.5794767907, -614331.8802276007, -315971.11441389006, -43410.835954527865
41, -244852.14602098367, -429173.75265904795, -532748.8272863658, -594458.9448316377, -676094.2343607922, -743510.1955295431, -846077.3583845327, -929868.1903691591, -1012542.9218040513, -1099122.4697593625, -1121290.6380440143, -1042617.4558579163, -860722.419282271, -410008.900619752, -20570.938592154307, -139347.89707651886, -337694.5660555806, -452348.9324898011, -527744.6141957283, -650284.3109553942, -722206.73135183, -786708.3269187957, -839282.1335951949, -874450.8418102352, -889574.0946650231, -868522.8267766248, -765821.57930663, -614331.8799324703, -315971.11416530766, -43410.83631204586
42, -244852.14603705896, -429173.7526863896, -532748.8272906886, -594458.9448226197, -676094.234354846, -743510.1955321999, -846077.3583862219, -929868.1903720687, -1012542.9218016632, -1099122.4697548375, -1121290.638044506, -1042617.4558604866, -860722.419273538, -410008.9006196235, -20570.93859177819, -139347.8987709971, -337694.5659237893, -452348.9322043315, -527744.6144807467, -650284.3113487659, -722206.7312039435, -786708.3263735115, -839282.1343946579, -874450.8415493693, -889574.0941524805, -868522.8267880358, -765821.5794836587, -614331.8803459033, -315971.1142070241, -43410.83547862927
43, -244852.1460295944, -429173.7526741914, -532748.827289015, -594458.944835851, -676094.2343665417, -743510.1955376557, -846077.358390613, -929868.1903740284, -1012542.9218110658, -1099122.4697682124, -1121290.6380565478, -1042617.4558664771, -860722.4192848925, -410008.90062508464, -20570.938592131173, -139347.89912953216, -337694.5659935796, -452348.9322591662, -527744.6146837097, -650284.3114928057, -722206.7310925771, -786708.3264874284, -839282.1344911194, -874450.8412423844, -889574.0945405116, -868522.8270946905, -765821.5796911537, -614331.8805061857, -315971.1141553309, -43410.835464926226
44, -244846.44315798732, -429150.9090919383, -532723.5640096378, -594432.8139110705, -676065.32058717, -743477.9190977309, -846039.2255335522, -929825.1030727637, -1012494.6152517733, -1099067.9572695815, -1121233.5448156076, -1042564.1294169782, -860681.3839870467, -409999.4792739162, -20572.478328101686, -139344.6451481679, -337686.558056265, -452341.4503084818, -527738.1892619918, -650280.500942779, -722205.5115245997, -786710.3251922979, -839285.2635559055, -874455.101945423, -889579.6369279216, -868528.041903745, -765825.8944403246, -614335.9585398266, -315972.7855466644, -43462.09170609453
45, -244850.78004694695, -429169.2012635559, -532743.5420463264, -594453.2622048513, -676087.7617699872, -743502.9214090531, -846068.8027780935, -929858.6535897237, -1012532.3766317936, -1099110.7299342155, -1121278.4291926967, -1042606.1106753312, -860713.5792091229, -410006.5102490597, -20571.182551167174, -139345.84623215994, -337692.7912279955, -452347.39887914824, -527742.9917890342, -650283.3629556919, -722207.0802799147, -786709.5919795078, -839282.9781397772, -874452.7259350634, -889576.2813463653, -868524.5889209984, -765823.0972942119, -614333.344221285, -315971.7411520345, -43422.01616430507
46, -244852.02240291203, -429173.0205018277, -532747.8785087254, -594457.8616595974, -676092.9442447417, -743508.6979472933, -846075.5555151608, -929866.2054901381, -1012540.7595682177, -1099120.089429724, -1121288.2019306482, -1042615.306879828, -860720.8357818377, -410008.60181507736, -20571.01237492018, -139348.15600428497, -337694.04977943626, -452348.4250090643, -527744.3697922444, -650284.2874541243, -722206.6084987214, -786708.4070338582, -839282.6299164701, -874451.1498874219, -889574.5251451016, -868523.3967599997, -765822.0277982851, -614332.2236007123, -315971.2407791438, -43413.60693696323
47, -244852.0809063189, -429173.5993593886, -532748.6266364428, -594458.7125300711, -676093.9379738462, -743509.8386838378, -846076.9174307812, -929867.6866835747, -1012542.3579829829, -1099121.8467216096, -1121290.0033595501, -1042616.905927307, -860722.0491740808, -410008.89833325765, -20570.964720676013, -139348.25172057014, -337694.4183629413, -452348.7682788226, -527744.6150716207, -650284.385812012, -722206.6263042707, -786708.2604014017, -839282.3543308582, -874450.858038589, -889574.1542301185, -868523.0076491411, -765821.7092829102, -614331.9577296018, -315971.135968401, -43411.54275895107
48, -244852.08090526133, -429173.59936205344, -532748.626640174, -594458.712528964, -676093.9379683643, -743509.8386823956, -846076.9174332806, -929867.6866876105, -1012542.3579870664, -1099121.8467191877, -1121290.0033639744, -1042616.9059240674, -860722.049168485, -410008.8983382559, -20570.964720644664, -139348.25094482335, -337694.41840479866, -452348.7683674707, -527744.6150642507, -650284.3854635333, -722206.6264438721, -786708.2608372298, -839282.3541133035, -874450.85771275, -889574.1545584226, -868523.007531, -765821.7090902175, -614331.9574456618, -315971.13595585927, -43411.54103535858
49, -244852.08089170567, -429173.59934401367, -532748.6266340544, -594458.7125305214, -676093.9379741354, -743509.8386829954, -846076.9174336488, -929867.6866915402, -1012542.3579934913, -1099121.846719821, -1121290.0033599567, -1042616.9059233704, -860722.0491702335, -410008.8983343641, -20570.964720909567, -139348.25064023616, -337694.41841631127, -452348.7685013391, -527744.6149250268, -650284.3853299655, -722206.6264884503, -786708.2608410803, -839282.3542099517, -874450.8577924228, -889574.1543382603, -868523.007509537, -765821.7094971193, -614331.9579025174, -315971.1358500497, -43411.54252294632
50, -244852.08092850566, -429173.5994002537, -532748.6266741503, -594458.7125644848, -676093.9380116991, -743509.8387308717, -846076.9174892871, -929867.6867470518, -1012542.3580495217, -1099121.8467885754, -1121290.0034323956, -1042616.9059964888, -860722.0492359403, -410008.8983737522, -20570.96472307607, -139348.25166511833, -337694.4183793919, -452348.7683707364, -527744.6151400288, -650284.385712385, -722206.6262175346, -786708.2606751362, -839282.3543761822, -874450.8574917655, -889574.1545271556, -868523.0074946253, -765821.7092356714, -614331.9574667424, -315971.13572588144, -43411.54317846999
51, -244852.08090265328, -429173.59935798595, -532748.6266385838, -594458.7125303401, -676093.9379668443, -743509.8386768287, -846076.9174309388, -929867.6866909738, -1012542.3579891745, -1099121.8467167595, -1121290.0033583606, -1042616.9059238494, -860722.0491766105, -410008.89833968534, -20570.964721205673, -139348.25031402364, -337694.4184425871, -452348.76857746026, -527744.6148918394, -650284.3853585138, -722206.6265159984, -786708.2609215089, -839282.3540066632, -874450.857970848, -889574.1548165061, -868523.0076655513, -765821.7093647575, -614331.9578336113, -315971.13595904154, -43411.542221439566
52, -244852.08090342843, -429173.59935880476, -532748.6266400291, -594458.7125310678, -676093.9379721794, -743509.8386816576, -846076.9174346337, -929867.6866892532, -1012542.3579866223, -1099121.8467207204, -1121290.003361079, -1042616.9059272221, -860722.0491730225, -410008.89833704627, -20570.964720556094, -139348.25150973647, -337694.41840288095, -452348.76830226975, -527744.6151541928, -650284.3857242882, -722206.6263240718, -786708.2604328556, -839282.3543099167, -874450.8576553339, -889574.1541069103, -868523.0073665434, -765821.7093361593, -614331.9578825126, -315971.1360884787, -43411.542979249854
53, -244852.08090134914, -429173.5993584159, -532748.6266372317, -594458.7125266365, -676093.9379687227, -743509.8386803557, -846076.9174329429, -929867.6866883265, -1012542.3579856969, -1099121.8467167125, -1121290.0033588826, -1042616.905923375, -860722.0491712189, -410008.89833381993, -20570.96472075379, -139348.25138274423, -337694.41840883513, -452348.768358305, -527744.615007595, -650284.3855835291, -722206.6263030544, -786708.260619208, -839282.3541194762, -874450.8581460698, -889574.1547165805, -868523.007731135, -765821.7097476912, -614331.9577883915, -315971.1358476118, -43411.54214315861
54, -244852.08090805679, -429173.5993670546, -532748.6266367091, -594458.7125267042, -676093.9379693716, -743509.8386832612, -846076.9174328279, -929867.6866836933, -1012542.3579787649, -1099121.8467164377, -1121290.003354875, -1042616.9059305803, -860722.0491732318, -410008.8983366704, -20570.964720433512, -139348.25257212095, -337694.4182924478, -452348.76824992895, -527744.615219665, -650284.3860044206, -722206.6259692763, -786708.2600960205, -839282.354472272, -874450.8577560714, -889574.1539992266, -868523.0075671243, -765821.7094169348, -614331.9575528306, -315971.1356617376, -43411.5419616766
55, -244852.0808948765, -429173.5993457516, -532748.626634608, -594458.7125339477, -676093.9379760977, -743509.8386826792, -846076.9174351451, -929867.6866890131, -1012542.3579879103, -1099121.8467213477, -1121290.003358183, -1042616.9059314593, -860722.0491700636, -410008.8983346209, -20570.964720825024, -139348.25057138084, -337694.4184438378, -452348.76844488306, -527744.6148857251, -650284.3856396105, -722206.6266101623, -786708.2611111572, -839282.3542352569, -874450.8580584683, -889574.1543629324, -868523.007893875, -765821.7088270821, -614331.9577002738, -315971.1359939557, -43411.54312410988
56, -244852.08090345078, -429173.59936140635, -532748.6266341062, -594458.7125316262, -676093.9379730711, -743509.8386834282, -846076.917434593, -929867.6866827271, -1012542.3579842144, -1099121.8467179055, -1121290.003364174, -1042616.9059305985, -860722.0491695526, -410008.8983328423, -20570.964720674434, -139348.25241788154, -337694.41830164817, -452348.76830055297, -527744.615356196, -650284.3860636647, -722206.6262140754, -786708.2603525001, -839282.3544794264, -874450.8573022414, -889574.1542486192, -868523.0075754072, -765821.7094747847, -614331.9577477511, -315971.13581731945, -43411.54267652351
57, -244852.0809140402, -429173.59937681415, -532748.6266414438, -594458.7125250465, -676093.9379676732, -743509.8386829683, -846076.9174364915, -929867.6866899846, -1012542.3579865231, -1099121.846715165, -1121290.0033577955, -1042616.9059174117, -860722.0491677602, -410008.89833684685, -20570.96472066108, -139348.25152231025, -337694.4183644268, -452348.7682704514, -527744.6151240895, -650284.385794075, -722206.626367002, -786708.2605980465, -839282.354721739, -874450.857358462, -889574.1543989755, -868523.0075475767, -765821.7095890776, -614331.9580269299, -315971.135929895, -43411.54067417214
58, -244852.08089242922, -429173.5993468229, -532748.6266356455, -594458.7125344219, -676093.9379754592, -743509.8386797174, -846076.9174320034, -929867.6866921018, -1012542.3579907408, -1099121.846721462, -1121290.0033589832, -1042616.9059208378, -860722.0491697576, -410008.89833763713, -20570.96472062763, -139348.2499490503, -337694.4184938121, -452348.7685615189, -527744.6147974962, -650284.3853362555, -722206.6267324763, -786708.2610188588, -839282.3537490338, -874450.8579288145, -889574.1547745836, -868523.007004787, -765821.7091744766, -614331.9576481478, -315971.1358928122, -43411.542932427816
59, -244852.08089769346, -429173.5993489342, -532748.6266335933, -594458.7125304034, -676093.9379729312, -743509.8386820698, -846076.9174314357, -929867.6866887247, -1012542.3579875311, -1099121.8467170978, -1121290.0033627972, -1042616.9059209771, -860722.0491701085, -410008.89833303227, -20570.964720885073, -139348.25098210672, -337694.41841573454, -452348.76846206625, -527744.6150527933, -650284.3856392154, -722206.6265223599, -786708.2607952377, -839282.3540927129, -874450.858078358, -889574.1546615332, -868523.0074771326, -765821.70941288, -614331.9573217132, -315971.1358373152, -43411.542647859074
60, -244852.08090124905, -429173.59935842437, -532748.626642666, -594458.7125366563, -676093.9379814215, -743509.838697566, -846076.9174529017, -929867.6867074238, -1012542.3580102626, -1099121.8467524468, -1121290.0033939527, -1042616.9059626765, -860722.0492067572, -410008.898360068, -20570.96472283471, -139348.25110244984, -337694.41838888923, -452348.7683961361, -527744.6151019211, -650284.3855726344, -722206.6264717301, -786708.2611108482, -839282.3543030337, -874450.8579991476, -889574.1544513662, -868523.0077173177, -765821.7095177023, -614331.9577863471, -315971.1354790089, -43411.54149863711
61, -244852.08090187324, -429173.59935347247, -532748.6266373894, -594458.7125325542, -676093.9379705866, -743509.8386817299, -846076.9174334916, -929867.6866895324, -1012542.3579892553, -1099121.846722076, -1121290.0033635562, -1042616.9059238348, -860722.0491705386, -410008.89833353646, -20570.9647206014, -139348.25046926187, -337694.4184447031, -452348.7685600436, -527744.6149013193, -650284.3853522493, -722206.6266176697, -786708.2609219209, -839282.3539107909, -874450.8581013548, -889574.1548152901, -868523.0073133879, -765821.7094808512, -614331.9575612263, -315971.1356514441, -43411.54083898104
62, -244852.08090986992, -429173.59937098104, -532748.6266383246, -594458.7125265831, -676093.9379704404, -743509.8386832384, -846076.9174347238, -929867.6866856491, -1012542.3579850335, -1099121.8467163735, -1121290.0033577122, -1042616.9059278532, -860722.0491746317, -410008.89833527576, -20570.96472054024, -139348.25221151378, -337694.418343288, -452348.7682305838, -527744.615308877, -650284.3858686553, -722206.6260369667, -786708.2606251282, -839282.3543786393, -874450.8575657109, -889574.154527944, -868523.0075972736, -765821.7093169277, -614331.9576534043, -315971.1360575652, -43411.542957730424
63, -244852.08090217964, -429173.5993609939, -532748.6266373735, -594458.7125266863, -676093.9379688416, -743509.8386822699, -846076.917432076, -929867.6866877729, -1012542.3579869885, -1099121.8467136412, -1121290.003357436, -1042616.9059234657, -860722.0491707053, -410008.898335452, -20570.964721070308, -139348.25115998223, -337694.41839760455, -452348.7684368472, -527744.6150076903, -650284.3856210824, -722206.6263671477, -786708.2607507546, -839282.3543147636, -874450.8578469787, -889574.1549675749, -868523.0074089932, -765821.7093418868, -614331.9575727273, -315971.1359624605, -43411.54132658895
64, -244852.0809006762, -429173.5993537019, -532748.6266334131, -594458.7125330403, -676093.9379735012, -743509.8386807062, -846076.9174347175, -929867.6866891311, -1012542.3579849496, -1099121.8467210059, -1121290.0033659022, -1042616.9059287023, -860722.0491696903, -410008.898336189, -20570.964720718668, -139348.25108768116, -337694.4184105688, -452348.76842956245, -527744.6151019647, -650284.3857005705, -722206.6262671748, -786708.2607957483, -839282.3541983162, -874450.8579471405, -889574.1546840988, -868523.0071337821, -765821.7094959351, -614331.9577753752, -315971.135806774, -43411.54171008501
65, -244852.08089709264, -429173.59935159533, -532748.6266352921, -594458.7125338878, -676093.9379806601, -743509.8386891463, -846076.9174416855, -929867.686694234, -1012542.3579924125, -1099121.8467339748, -1121290.0033740893, -1042616.9059328827, -860722.0491782716, -410008.898335111, -20570.964721011205, -139348.25187330783, -337694.41841456684, -452348.76839683746, -527744.6151716859, -650284.3859782646, -722206.6263644833, -786708.2610107508, -839282.3550856079, -874450.8577987, -889574.1542751858, -868523.0077180838, -765821.7093744787, -614331.9579205198, -315971.1355707593, -43411.54264153304
66, -244852.13433864294, -429173.75147373084, -532748.7546401521, -594458.8052403795, -676093.9821243613, -743509.8476868343, -846076.8813827705, -929867.6175002139, -1012542.2561799118, -1099121.704503589, -1121289.8367180885, -1042616.7249736045, -860721.8826984202, -410008.807771995, -20570.959040361995, -139348.2402560205, -337694.4188570047, -452348.77062830597, -527744.6137106543, -650284.3878636389, -722206.6324609979, -786708.2691504034, -839282.3662523864, -874450.8757559368, -889574.1747478643, -868523.0274950664, -765821.7272647717, -614331.9669559652, -315971.13780508266, -43411.42497650793
67, -244852.1343413885, -429173.7514764797, -532748.7546390443, -594458.8052374818, -676093.9821258935, -743509.8476888237, -846076.8813827544, -929867.6175008026, -1012542.256177027, -1099121.7045035674, -1121289.836718689, -1042616.7249733376, -860721.8827013909, -410008.80777170917, -20570.95904031945, -139348.2407458618, -337694.41880858724, -452348.77054951043, -527744.6136985886, -650284.3882108927, -722206.6324288918, -786708.26928247, -839282.3663612859, -874450.8755803218, -889574.174558048, -868523.0275233018, -765821.7273103257, -614331.9666875511, -315971.13762395637, -43411.42408952528
68, -244852.13434413157, -429173.75148669095, -532748.7546423856, -594458.8052362301, -676093.982123213, -743509.8476889096, -846076.8813815445, -929867.6175027294, -1012542.2561804362, -1099121.7045032647, -1121289.8367153935, -1042616.7249684063, -860721.8826978473, -410008.8077740548, -20570.959040084053, -139348.2408925542, -337694.41881728824, -452348.77051166934, -527744.613855438, -650284.3882265375, -722206.632385839, -786708.268838842, -839282.3662920072, -874450.8757795361, -889574.1743458523, -868523.027639282, -765821.727110611, -614331.9665432298, -315971.13758445974, -43411.4252389659
69, -244852.13435872394, -429173.75150527904, -532748.7546749037, -594458.8052790351, -676093.982170823, -743509.847733379, -846076.8814350456, -929867.6175538495, -1012542.2562467355, -1099121.7045700836, -1121289.8367932672, -1042616.7250486645, -860721.8827680135, -410008.8078078689, -20570.959042606228, -139348.24029898236, -337694.4188817164, -452348.7706205932, -527744.6136659194, -650284.388128583, -722206.632499829, -786708.2695104876, -839282.365932886, -874450.875659425, -889574.1748037335, -868523.0274427955, -765821.7271313585, -614331.9665721398, -315971.137593578, -43411.42445224926
70, -244852.1343390033, -429173.751467106, -532748.7546382862, -594458.8052440328, -676093.9821264418, -743509.8476851482, -846076.8813779784, -929867.6174978158, -1012542.2561801244, -1099121.70450467, -1121289.8367222827, -1042616.7249804699, -860721.8827070154, -410008.8077741113, -20570.959040991613, -139348.239741589, -337694.41888579103, -452348.77075610036, -527744.6135747345, -650284.3879101109, -722206.6327249235, -786708.2695593684, -839282.3660145879, -874450.8762017163, -889574.1749815911, -868523.0274640328, -765821.7271999256, -614331.9667192257, -315971.13756343117, -43411.42402364539
71, -244852.13433600048, -429173.7514670217, -532748.7546393872, -594458.8052408041, -676093.9821267556, -743509.8476911134, -846076.881379642, -929867.617499612, -1012542.2561762425, -1099121.704500688, -1121289.8367185083, -1042616.7249767034, -860721.8827029255, -410008.80777089146, -20570.95904036514, -139348.2399280112, -337694.41887154686, -452348.7706638326, -527744.6135237722, -650284.3878592497, -722206.6327240447, -786708.2692600657, -839282.3661193036, -874450.8762412114, -889574.1748070123, -868523.0271320018, -765821.7270633348, -614331.9664823047, -315971.13755880826, -43411.42280387291
72, -244852.13434429397, -429173.7514808445, -532748.7546374382, -594458.805239032, -676093.982129843, -743509.8476910996, -846076.8813803787, -929867.6174935385, -1012542.2561746575, -1099121.70450155, -1121289.8367224822, -1042616.7249783686, -860721.8827024167, -410008.8077715148, -20570.959040294918, -139348.24177779676, -337694.41874955135, -452348.7703941316, -527744.6139917136, -650284.3883288498, -722206.631873777, -786708.2688379573, -839282.3666915031, -874450.8754682544, -889574.1746379619, -868523.0276331767, -765821.7271875924, -614331.9668441179, -315971.13776625553, -43411.42472519554
73, -244852.134338877, -429173.7514737458, -532748.7546391076, -594458.8052377887, -676093.9821244922, -743509.847688088, -846076.881380676, -929867.617497785, -1012542.256179273, -1099121.7044988242, -1121289.8367220324, -1042616.7249709615, -860721.8826982821, -410008.80777123163, -20570.959040172776, -139348.24015904206, -337694.41886057495, -452348.7706374352, -527744.6136606265, -650284.3879923509, -722206.6324489503, -786708.2690847118, -839282.3662777053, -874450.8756574381, -889574.1747661021, -868523.0271852026, -765821.7273547567, -614331.9666895061, -315971.13764885184, -43411.42438698117
74, -244852.134351792, -429173.75149162154, -532748.7546443825, -594458.8052337905, -676093.9821221927, -743509.8476841005, -846076.8813826267, -929867.617499728, -1012542.2561807157, -1099121.7045048717, -1121289.8367166573, -1042616.7249744923, -860721.882705284, -410008.8077744151, -20570.95904006916, -139348.2405255492, -337694.4188236255, -452348.7706360585, -527744.6135636856, -650284.3882249283, -722206.6322857531, -786708.2692109337, -839282.366226197, -874450.8754462773, -889574.1746831611, -868523.0273869038, -765821.7271501126, -614331.9665990345, -315971.13786598697, -43411.42404202113
75, -244852.13434997975, -429173.75148369954, -532748.7546434441, -594458.8052387421, -676093.9821264877, -743509.847687473, -846076.8813808692, -929867.617498134, -1012542.2561774978, -1099121.7044995227, -1121289.8367199912, -1042616.7249782919, -860721.8827017543, -410008.80777165585, -20570.959040136644, -139348.24100018392, -337694.41879854136, -452348.7705190786, -527744.6138066994, -650284.3882636562, -722206.6322272351, -786708.2690130647, -839282.3663719699, -874450.8755534574, -889574.1748560703, -868523.0274012957, -765821.7272233113, -614331.9671868496, -315971.13738620037, -43411.423334012616
76, -244852.13434242358, -429173.7514763018, -532748.75463901, -594458.8052395317, -676093.9821264975, -743509.847688567, -846076.8813799594, -929867.6174978323, -1012542.2561812263, -1099121.7045026307, -1121289.8367156156, -1042616.7249719395, -860721.8827034676, -410008.8077702622, -20570.959040150945, -139348.24028044235, -337694.4188609108, -452348.77060352266, -527744.6134845555, -650284.3880561935, -722206.6326205416, -786708.2691980378, -839282.3660168853, -874450.87542999, -889574.1749269458, -868523.0278363405, -765821.7268923052, -614331.9665939839, -315971.1378268169, -43411.4236117021
77, -244852.13433367555, -429173.7514658068, -532748.7546397045, -594458.8052423765, -676093.9821281611, -743509.8476902612, -846076.881380306, -929867.6174979757, -1012542.256182047, -1099121.7045005893, -1121289.8367182408, -1042616.72497706, -860721.882704976, -410008.80777019757, -20570.959040458896, -139348.24059867565, -337694.41884949995, -452348.770604195, -527744.6136835509, -650284.3880440585, -722206.6324803467, -786708.2690592742, -839282.36606049, -874450.875320628, -889574.1748077329, -868523.0276974118, -765821.7272290342, -614331.9666680242, -315971.1376504969, -43411.423713686345
78, -244852.13433708402, -429173.7514700751, -532748.7546406633, -594458.8052404955, -676093.9821249729, -743509.8476883909, -846076.8813810265, -929867.6175041981, -1012542.2561840635, -1099121.704506929, -1121289.836714976, -1042616.724970764, -860721.8827029192, -410008.8077709073, -20570.959040126894, -139348.2398567964, -337694.41885649133, -452348.7706846163, -527744.613642454, -650284.3879496731, -722206.6327051934, -786708.269033333, -839282.3659957908, -874450.8758786442, -889574.1747555784, -868523.0273507583, -765821.7274866776, -614331.9666723342, -315971.13786064053, -43411.42491443066
79, -244852.1343440247, -429173.75148118415, -532748.754646762, -594458.8052470173, -676093.9821363525, -743509.8477022867, -846076.8813989774, -929867.6175220336, -1012542.2562055145, -1099121.7045353388, -1121289.8367550187, -1042616.7250122917, -860721.8827393058, -410008.80779929174, -20570.95904226585, -139348.2406304085, -337694.4188126646, -452348.7705473055, -527744.6137118437, -650284.3881267562, -722206.6326110942, -786708.2690956683, -839282.3666522773, -874450.8756075655, -889574.1744189414, -868523.0275194998, -765821.7273214747, -614331.9668112221, -315971.1376039042, -43411.4236785561
80, -244852.1343388035, -429173.75147393264, -532748.754638547, -594458.8052366956, -676093.9821234723, -743509.8476878637, -846076.8813809069, -929867.6174989989, -1012542.2561823523, -1099121.7045009085, -1121289.836721609, -1042616.7249779006, -860721.8827022171, -410008.80777296575, -20570.959040253063, -139348.2404350466, -337694.4188331287, -452348.7705956052, -527744.6136813534, -650284.3880640573, -722206.6327040328, -786708.2690802097, -839282.3659530889, -874450.8754209252, -889574.1743133159, -868523.0271167173, -765821.7267362257, -614331.9664058553, -315971.137782169, -43411.424639780926
81, -244852.1343393655, -429173.7514729778, -532748.7546369039, -594458.8052404348, -676093.9821254902, -743509.8476879466, -846076.8813809694, -929867.6174994453, -1012542.2561852238, -1099121.704502055, -1121289.8367187358, -1042616.7249708929, -860721.8827043197, -410008.80777391477, -20570.95904037541, -139348.23992376192, -337694.41891494615, -452348.77064917644, -527744.613572537, -650284.388006562, -722206.6327535318, -786708.2691282057, -839282.3660161687, -874450.8755465602, -889574.1747913675, -868523.0272322732, -765821.727223989, -614331.966489203, -315971.13773510105, -43411.42430548004
82, -244852.13434436498, -429173.7514775505, -532748.7546401192, -594458.8052412502, -676093.9821281752, -743509.8476918602, -846076.8813832457, -929867.6174996127, -1012542.2561821588, -1099121.7045074797, -1121289.8367206873, -1042616.7249723853, -860721.8827019053, -410008.80777317355, -20570.959040256173, -139348.24050601892, -337694.4188470621, -452348.770610706, -527744.6137079691, -650284.3881606032, -722206.6326380743, -786708.2691048732, -839282.3661188587, -874450.8754876906, -889574.1743622022, -868523.0273357162, -765821.727087291, -614331.9666780665, -315971.13758987264, -43411.42473462429
83, -244852.13433527242, -429173.75146679673, -532748.7546387899, -594458.8052434784, -676093.9821278048, -743509.847687185, -846076.8813774288, -929867.6174992006, -1012542.2561832585, -1099121.7045058685, -1121289.8367214003, -1042616.7249750512, -860721.8826970254, -410008.80777112633, -20570.959040335503, -139348.24040723557, -337694.4188359589, -452348.770637911, -527744.6137579194, -650284.3879666273, -722206.6326946075, -786708.2694381138, -839282.3662383681, -874450.8751657841, -889574.1743827226, -868523.0275595221, -765821.7271834126, -614331.9669992449, -315971.13774695905, -43411.42423873834
84, -244852.13434578478, -429173.7514848781, -532748.7546423641, -594458.8052389836, -676093.982126011, -743509.8476925829, -846076.8813879145, -929867.6175028477, -1012542.25618835, -1099121.7045117244, -1121289.8367315186, -1042616.7249804152, -860721.8827135283, -410008.80777392467, -20570.95904033089, -139348.2406914019, -337694.418920922, -452348.77071840956, -527744.613756683, -650284.3882566344, -722206.6322401493, -786708.2693221477, -839282.3659118074, -874450.8757035597, -889574.1750180424, -868523.027567655, -765821.7273809053, -614331.9668157726, -315971.13794855477, -43411.426068782726
