s
0.01020408163265306, 0.07142857142857142, 0.1530612244897959, 0.21428571428571425, 0.2959183673469387, 0.3571428571428571, 0.43877551020408156, 0.5, 0.5612244897959183, 0.6428571428571428, 0.7040816326530611, 0.7857142857142856, 0.846938775510204, 0.9285714285714285, 0.9897959183673469
iteration, j dot B Redl, j dot B vmec
0, -245079.76166412275, -429612.75291364343, -533203.0468142116, -594895.2270010248, -676503.4438027509, -743902.538763419, -846454.570858016, -930238.7768038501, -1012908.6820244477, -1099478.9484051089, -1121631.0959049272, -1042909.9358747753, -860945.0052013543, -410083.30602689076, -20568.652136298748, -139515.6492514726, -338076.78387395263, -452911.6881393353, -528404.3046089562, -651105.2558160918, -723114.0623912727, -787708.5707551428, -840348.8077598421, -875563.7313904028, -890705.0443648094, -869623.8186917928, -766805.9407256563, -615125.1528861653, -316372.49189789384, -43449.117769623066
1, -245079.76166412275, -429612.75291364343, -533203.0468142116, -594895.2270010248, -676503.4438027509, -743902.538763419, -846454.570858016, -930238.7768038501, -1012908.6820244477, -1099478.9484051089, -1121631.0959049272, -1042909.9358747753, -860945.0052013543, -410083.30602689076, -20568.652136298748, -139515.6492514726, -338076.78387395263, -452911.6881393353, -528404.3046089562, -651105.2558160918, -723114.0623912727, -787708.5707551428, -840348.8077598421, -875563.7313904028, -890705.0443648094, -869623.8186917928, -766805.9407256563, -615125.1528861653, -316372.49189789384, -43449.117769623066
2, -245079.76147652505, -429612.7527319769, -533203.0467227788, -594895.2269316528, -676503.4437509651, -743902.5387231373, -846454.5708219435, -930238.7767735757, -1012908.6820001805, -1099478.94837946, -1121631.0958895714, -1042909.9358587582, -860945.0051910299, -410083.306027336, -20568.65213563406, -139515.6602778644, -338076.7840840641, -452911.6882307539, -528404.3046045781, -651105.2554850627, -723114.0624643333, -787708.5711173991, -840348.8075227008, -875563.7311948203, -890705.0446365715, -869623.8186565234, -766805.94088659, -615125.1529562245, -316372.4919115815, -43449.119964597434
3, -245079.76171065727, -429612.75300920074, -533203.0469406965, -594895.2271408001, -676503.4439593961, -743902.5389443517, -846454.5710320432, -930238.777043025, -1012908.681683681, -1099478.9472654564, -1121631.09498842, -1042909.9352037635, -860945.0047665432, -410083.30589988385, -20568.652135329787, -139515.64931279828, -338076.78386010363, -452911.6881015964, -528404.3046575929, -651105.2551930464, -723114.062684724, -787708.5638540182, -840348.8098661242, -875563.8978416593, -890705.0479661785, -869623.8112325153, -766805.9403102282, -615125.152077144, -316372.4917910295, -43449.11744045815
4, -245079.77995548912, -429612.7812781084, -533203.0814788974, -594895.2653144572, -676503.4868077138, -743902.585636068, -846454.6237181107, -930238.834757085, -1012908.7453280181, -1099479.0182502687, -1121631.168972256, -1042910.0080223787, -860945.069550781, -410083.3430492789, -20568.65477251318, -139515.65318892497, -338076.7929861011, -452911.7004903536, -528404.3193444362, -651105.2741931417, -723114.0832567221, -787708.5938744865, -840348.8325870503, -875563.757367645, -890705.0713349115, -869623.844879978, -766805.9641844899, -615125.1716699997, -316372.501871352, -43449.11929074683
5, -245079.70615678682, -429612.6460942171, -533202.9147801873, -594895.0800361244, -676503.2767884001, -743902.355055936, -846454.3618829568, -930238.5475510433, -1012908.4334037557, -1099478.6813529083, -1121630.8271245733, -1042909.6933817593, -860944.8126964478, -410083.22375777585, -20568.6491090324, -139515.57142161738, -338076.5963951894, -452911.43698260846, -528404.0115954077, -651104.8948649244, -723113.6621908516, -787708.1348870988, -840348.3425898349, -875563.2473173168, -890704.5529372933, -869623.3385557372, -766805.5176478587, -615124.8129377858, -316372.3165765992, -43449.094102578274
6, -245079.7654583422, -429612.75779975695, -533203.0534728719, -594895.2349713265, -676503.4535885276, -743902.550070853, -846454.5845113129, -930238.7924814494, -1012908.6999321973, -1099478.9693572838, -1121631.118873642, -1042909.9601361352, -860945.0281503848, -410083.32056775707, -20568.65330389515, -139515.64423124425, -338076.7744996552, -452911.6760164874, -528404.2903606603, -651105.2386541186, -723114.0446634108, -787708.5518789351, -840348.7878405441, -875563.7109562692, -890705.0253076282, -869623.7995123483, -766805.9246403482, -615125.1401820777, -316372.4855331805, -43449.11699710198
7, -245079.7615622045, -429612.7525569429, -533203.0463750348, -594895.2265270754, -676503.4432806773, -743902.5382157615, -846454.5702719097, -930238.776201502, -1012908.6814192297, -1099478.9478116373, -1121631.0953533482, -1042909.935424584, -860945.0048651347, -410083.30588760856, -20568.652129240767, -139515.64895991623, -338076.783856049, -452911.68808045366, -528404.3044435554, -651105.2555647643, -723114.0626055407, -787708.5708719238, -840348.8076537424, -875563.731113202, -890705.0446318967, -869623.8186230302, -766805.9406724513, -615125.1528079308, -316372.49158676056, -43449.11859790434
8, -245079.76166363718, -429612.7527127057, -533203.0465728659, -594895.2267982687, -676503.4436931673, -743902.5387666331, -846454.5710377702, -930238.7771445517, -1012908.6825455894, -1099478.9491810254, -1121631.0968623413, -1042909.9370165031, -860945.0063848438, -410083.30688009935, -20568.652213972506, -139515.64884321764, -338076.7838249594, -452911.68820421665, -528404.3045711402, -651105.2554579922, -723114.0627060058, -787708.5713021196, -840348.8078671517, -875563.7312900315, -890705.0444841355, -869623.8187305974, -766805.9407437007, -615125.1527307872, -316372.4919140218, -43449.118259327784
9, -245079.77425968004, -429612.7714274336, -533203.069416474, -594895.2520013433, -676503.4719054555, -743902.5694352508, -846454.6055331058, -930238.8149125751, -1012908.7237818947, -1099478.9947654125, -1121631.1447530084, -1042909.9848069225, -860945.0495768333, -410083.332484737, -20568.654125405035, -139515.6496345639, -338076.7880355225, -452911.6938944224, -528404.3110037439, -651105.263711425, -723114.0723221365, -787708.5815858277, -840348.8186898762, -875563.7432722604, -890705.0566502456, -869623.8302925214, -766805.9511943107, -615125.1614534939, -316372.49627173255, -43449.11982191852
10, -245079.70555280062, -429612.6386947485, -533202.9031079905, -594895.0656233272, -676503.2589810335, -743902.3346556597, -846454.3377952224, -930238.5206160652, -1012908.4037885539, -1099478.6492466521, -1121630.7949061783, -1042909.665333828, -860944.7922892635, -410083.21850113774, -20568.649493438705, -139515.57960594623, -338076.6140312076, -452911.4601129553, -528404.0384480198, -651104.9272718452, -723113.697297183, -787708.1723896757, -840348.3823253005, -875563.2873677342, -890704.5923680326, -869623.3765905186, -766805.5500004145, -615124.8384385509, -316372.329195988, -43449.095528723454
11, -245079.76451452888, -429612.75615938863, -533203.0526280683, -594895.2349710482, -676503.4548864753, -743902.5524821798, -846454.5886606683, -930238.7982044407, -1012908.7074975523, -1099478.979797993, -1121631.131627305, -1042909.9755670736, -860945.0441333307, -410083.33178402146, -20568.654225930433, -139515.645234594, -338076.7743850725, -452911.67573758087, -528404.290409978, -651105.2386203859, -723114.043981248, -787708.5511176132, -840348.7871418749, -875563.7101704888, -890705.0239069187, -869623.7986780215, -766805.9234041352, -615125.139474066, -316372.48493728077, -43449.1167270141
12, -245079.7644170715, -429612.75676294975, -533203.0507579938, -594895.2307212817, -676503.4470509652, -743902.5415762065, -846454.572979158, -930238.7783114008, -1012908.6828322407, -1099478.948147525, -1121631.0948540233, -1042909.934011783, -860945.0032291838, -410083.30501428526, -20568.652120959567, -139515.6484000944, -338076.7841190634, -452911.6885864402, -528404.304787522, -651105.2560830121, -723114.0634625475, -787708.5718363591, -840348.8086248799, -875563.7320543878, -890705.0458624852, -869623.8194327785, -766805.9413240235, -615125.1535828635, -316372.49177432124, -43449.117668860956
13, -245079.76177808852, -429612.75308358786, -533203.0469454422, -594895.2270974226, -676503.4438631148, -743902.538820734, -846454.5709416848, -930238.7769470718, -1012908.6822672724, -1099478.9488270157, -1121631.0965121393, -1042909.9367253169, -860945.0061634482, -410083.3067296867, -20568.652192315905, -139515.6478056147, -338076.78402737976, -452911.6883448727, -528404.304393291, -651105.2551480206, -723114.0629736631, -787708.5714482648, -840348.8071646002, -875563.7315776089, -890705.0446348265, -869623.8184018483, -766805.9404862246, -615125.1527628888, -316372.4921228932, -43449.119077922034
14, -245079.76158977352, -429612.7540784741, -533203.0492229594, -594895.2302625484, -676503.4482546818, -743902.544181983, -846454.5776043008, -930238.7845598453, -1012908.6907484693, -1099478.958119271, -1121631.105911249, -1042909.9452028954, -860945.0129144422, -410083.3097933329, -20568.652347579195, -139515.67885265307, -338076.8554086202, -452911.78329917864, -528404.4149812375, -651105.3906938396, -723114.2119920973, -787708.7323518841, -840348.979037389, -875563.9086396432, -890705.224280992, -869623.9924947246, -766806.0936421931, -615125.2757433729, -316372.55530883337, -43449.1271117977
15, -280105.06162431615, -482434.54823326087, -602559.0857190717, -675531.9240406363, -772897.3681655785, -853640.1129838948, -976590.7653553782, -1077588.545428419, -1178598.4254935398, -1289137.8106612267, -1325795.214073817, -1254150.2157072942, -1058439.0660624471, -535669.1736328477, -31159.992012042843, -263807.2103427249, -471863.39790127345, -593549.2964327468, -672287.9944012439, -778143.8219646453, -855826.865483338, -971832.230092626, -1076470.9980469928, -1158281.261173518, -1269607.6661077437, -1299851.9060457188, -1220853.3389030735, -1043952.2611540406, -534463.3071965892, -40286.52867193041
16, -237366.20226315592, -417202.1887793858, -521713.6064637463, -585668.0233501354, -671362.7032518259, -742487.566228149, -850450.0680422549, -938589.9774477314, -1025952.189867196, -1119260.1270790573, -1146607.8010740448, -1074306.984655565, -894966.7705800333, -436707.84245199553, -23196.74740754925, -220970.3728146106, -414485.1587137139, -511919.85577208403, -590867.4752970812, -678022.9762581331, -748118.9771555265, -850334.0975336295, -945093.0403282761, -1010522.4056099029, -1100972.1779848265, -1120118.9445493384, -1039518.1767310307, -866027.4945562006, -424522.30788425525, -41811.3676016173
17, -239166.0463490524, -420370.07240543177, -523386.53438946756, -585286.995724191, -667314.0337041111, -734973.7775671685, -837549.659140355, -921042.1352741158, -1003213.0279456802, -1088908.3179845277, -1110455.9454193, -1031707.7100282535, -851003.0446216178, -404810.8090916464, -20271.632409791182, -163916.46318858664, -364912.97233020415, -463839.2654500675, -546760.1063119702, -655961.7088203722, -729120.9765134865, -801954.7003549921, -867756.9295677898, -903269.2140642373, -942012.1952732393, -924188.6706314668, -830357.3349269907, -672202.4474644592, -333343.5056710958, -31965.617941943725
18, -243002.23777740507, -425760.6191581187, -528778.4247716417, -590276.5232513591, -671601.3463204487, -738678.1141700686, -840549.0955310701, -923601.2668110473, -1005365.1055726886, -1090558.2481197005, -1111738.713533415, -1032410.3851193518, -851202.86511404, -404467.77683101426, -20207.916157289696, -145083.63848429563, -344296.84949847526, -455228.7868945406, -532708.3308630566, -652459.270077319, -724812.489247405, -790998.4567136634, -846291.8985111727, -881146.3620313957, -901061.4203844975, -880162.5484992305, -779086.3075510979, -626127.7244369445, -318661.9529309419, -40233.03706262715
19, -244456.7095695579, -428126.34455071733, -531270.4669289557, -592728.7251734288, -674018.9669783066, -741132.8779067497, -843199.561982469, -926531.1556179216, -1008680.3812273132, -1094516.0930097913, -1116193.1747144938, -1037253.0718342115, -855783.2230626454, -407189.22284863744, -20390.821979689335, -140357.19878382876, -339008.0044464885, -453154.19253739336, -528977.5627950971, -651146.1312593678, -723204.3718146351, -788013.349898176, -841019.2625895025, -876107.0560606995, -891957.1977749026, -870812.3507555521, -768245.5047680114, -616399.5101626911, -316386.83245643, -42832.65844396594
20, -244911.12617339383, -429131.19264218555, -532534.160845082, -594122.2490311608, -675593.9075348016, -742878.0121569849, -845247.0476441924, -928870.3043567465, -1011363.7620307535, -1097701.2980146103, -1119719.9839938716, -1040982.8331199446, -859240.7062746371, -409190.7817684414, -20521.816212995043, -139602.66814733925, -338134.56527216424, -452827.4340433956, -528356.4416532046, -650936.780680431, -722940.1421689878, -787550.9307371721, -840228.3871108426, -875408.5297909593, -890652.5738912171, -869551.5060900617, -766791.7718528094, -615122.4869156375, -316252.67558596877, -43326.51939606614
21, -245037.59867453508, -429480.4541887609, -533014.0015214309, -594673.8186770895, -676239.8486431185, -743604.2287846829, -846102.8953421946, -929841.9278443963, -1012464.3888796712, -1098976.7939079744, -1121101.6285666395, -1042395.693107568, -860509.8703015093, -409881.44483655086, -20561.670797647974, -139513.80933297484, -338048.51379093464, -452844.8401972897, -528335.9964888882, -651001.3533694642, -723002.4247033859, -787593.1858188583, -840233.5551698564, -875438.5559368477, -890596.7284708808, -869512.6855413971, -766716.0151772001, -615053.8329662088, -316312.68707396346, -43420.644080429294
22, -245070.22271043682, -429582.75159743364, -533159.7723900229, -594844.2999468385, -676442.5000804702, -743833.4105204348, -846373.1315670563, -930147.1579839777, -1012806.7301658026, -1099365.2810800378, -1121513.092024891, -1042798.9621901356, -860854.9874824939, -410046.9447062488, -20568.221326551993, -139513.71389994922, -338065.32782218914, -452891.0620329229, -528382.4488800529, -651074.7870568001, -723080.423814673, -787673.0959742349, -840313.0569104749, -875524.9698450768, -890669.1656365949, -869588.03464536, -766775.7583860367, -615100.930931736, -316355.7258790453, -43443.15062626895
23, -245078.0148361976, -429606.9188942064, -533194.5171724735, -594885.1275516317, -676491.3017331901, -743888.7410407884, -846438.2995656607, -930220.4891351509, -1012888.374046094, -1099456.412738304, -1121607.837890318, -1042888.3499785305, -860927.808584032, -410076.81763544225, -20568.659984798316, -139514.82159486576, -338074.3363372425, -452907.46106510184, -528399.6663046972, -651098.8944057232, -723107.1994139216, -787701.3250344262, -840341.2568207446, -875555.7573067038, -890697.5564226455, -869616.2872419422, -766799.5625718884, -615120.0593226247, -316369.06933850277, -43447.95305109486
24, -245079.40794183582, -429611.5349446041, -533201.2498840258, -594893.0910369295, -676500.8732343354, -743899.6200119243, -846451.1283734672, -930234.90752714, -1012904.3858620765, -1099474.1833908618, -1121626.182610351, -1042905.3860814719, -860941.3914252205, -410081.9609068533, -20568.6572024952, -139515.25276114492, -338076.2758042189, -452910.82342285267, -528403.2786835885, -651103.8590183876, -723112.661500233, -787707.1022252855, -840347.13883836, -875562.0831137421, -890703.4766341023, -869622.1902784471, -766804.568560904, -615124.0753873112, -316371.76548405096, -43448.85773083674
25, -245079.6777801598, -429612.46707414644, -533202.6276846451, -594894.7305307346, -676502.8463826077, -743901.8592578429, -846453.7690395148, -930237.8755016135, -1012907.6813617911, -1099477.8388525895, -1121629.9518301105, -1042908.8760127935, -860944.1631501074, -410082.99259085546, -20568.653363654517, -139515.62367031665, -338076.6606431785, -452911.4765981602, -528404.0775390038, -651104.9448679704, -723113.7189539903, -787708.2066387407, -840348.4381766063, -875563.33322571, -890704.6712418923, -869623.4476998195, -766805.6256127186, -615124.9000480835, -316372.32341055607, -43449.062239324456
