s
0.01020408163265306, 0.13265306122448978, 0.2551020408163265, 0.37755102040816324, 0.5, 0.6224489795918366, 0.7448979591836734, 0.8673469387755102, 0.9897959183673469
iteration, j dot B Redl, j dot B vmec
0, -296400.5528363081, -546158.7051543861, -682633.5260504887, -828296.5137590164, -1008008.0512492631, -1184399.8683203552, -1228591.2769078452, -899742.1930116487, -29712.599728285608, -295749.9244336043, -526918.2825206531, -676315.3363425661, -820110.8281991549, -1000219.2991662497, -1178156.785119852, -1216707.541931557, -907658.4886741198, -31931.892181629693
1, -296400.5528363081, -546158.7051543861, -682633.5260504887, -828296.5137590164, -1008008.0512492631, -1184399.8683203552, -1228591.2769078452, -899742.1930116487, -29712.599728285608, -295749.9244336043, -526918.2825206531, -676315.3363425661, -820110.8281991549, -1000219.2991662497, -1178156.785119852, -1216707.541931557, -907658.4886741198, -31931.892181629693
2, -296400.5528363081, -546158.7051543861, -682633.5260504887, -828296.5137590164, -1008008.0512492631, -1184399.8683203552, -1228591.2769078452, -899742.1930116487, -29712.599728285608, -295749.9244336043, -526918.2825206531, -676315.3363425661, -820110.8281991549, -1000219.2991662497, -1178156.785119852, -1216707.541931557, -907658.4886741198, -31931.892181629693
3, -296387.5306221496, -546134.2335510831, -682603.7215114657, -828260.8638505118, -1007965.2350172901, -1184350.7072518398, -1228543.3040323667, -899713.2047712615, -29712.789122546903, -295725.21642442234, -526871.3959666637, -676255.6547978782, -820041.9897256246, -1000134.1715639448, -1178060.2215057893, -1216608.4155777006, -907589.7684358951, -31929.4289313443
4, -296399.6126207655, -546157.7672736619, -682633.0508281877, -828296.5542480537, -1008008.6598673058, -1184401.1963087525, -1228593.5844625684, -899745.3156838882, -29712.921019651898, -295746.20710353897, -526911.5489806989, -676306.7911387574, -820100.5738862518, -1000206.9362179262, -1178142.361182172, -1216692.8040046962, -907647.5797049607, -31931.445676509495
5, -342359.1273870764, -632171.9349437705, -792129.3034278117, -961222.548280139, -1168680.7941390139, -1373216.3008262548, -1430412.7348904698, -1066282.5583007426, -39667.05308235549, -346840.85572714923, -622063.7073087745, -781744.4575884705, -961047.5739488786, -1158055.0865174583, -1372880.7739197863, -1427815.0803913684, -1090351.7559221438, -40283.25583252168
6, -308258.8726433522, -568590.4691913637, -711946.635156182, -864778.5343267019, -1053041.3064495828, -1238387.8176864043, -1287588.1130807102, -949950.7972322342, -32793.749202223466, -307433.1795859647, -558063.4160531884, -704056.1506387327, -861182.569658942, -1045970.9146605502, -1235695.29757545, -1283578.4940383725, -957542.2735227516, -33573.177281639684
7, -299369.5595940659, -552088.3392217796, -690991.3093718481, -839392.8131899307, -1022379.1447587984, -1202314.9223220816, -1248854.8161995371, -917642.5345693511, -30847.107877504954, -298153.2891043827, -540376.0261649233, -684470.4831311326, -834292.0238451447, -1016271.3784670293, -1198757.4063319853, -1243768.3769343456, -921753.4310260273, -31366.01015260603
8, -299369.5595940659, -552088.3392217796, -690991.3093718481, -839392.8131899307, -1022379.1447587984, -1202314.9223220816, -1248854.8161995371, -917642.5345693511, -30847.107877504954, -298153.2891043827, -540376.0261649233, -684470.4831311326, -834292.0238451447, -1016271.3784670293, -1198757.4063319853, -1243768.3769343456, -921753.4310260273, -31366.01015260603
9, -299356.58016991557, -552064.4152323162, -690962.1987720167, -839357.9289325092, -1022337.1974678624, -1202266.9019721919, -1248808.3218934247, -917615.263164692, -30847.49742545415, -298127.3972189694, -540329.8927024975, -684412.7906659734, -834222.6796293324, -1016188.2175278125, -1198660.988591708, -1243670.0493960038, -921681.7491897154, -31364.080306128395
10, -299368.2157339368, -552086.722502394, -690990.0496995753, -839391.9358941511, -1022378.6483024281, -1202314.9589980817, -1248855.8189339233, -917644.8129837487, -30847.435138355628, -298148.7229774341, -540367.6319077173, -684459.9343341023, -834279.2692026444, -1016255.9733207986, -1198739.3841505528, -1243749.8472044584, -921739.7833529083, -31365.41037373626
11, -301790.6376103804, -556812.4476471393, -697400.6438775774, -847720.3848735915, -1033030.3025575445, -1215416.231768064, -1263403.233432896, -929995.8145263807, -31564.170931725628, -298229.52529159986, -547923.75873287, -692962.6670459767, -843567.3370277291, -1029855.274895749, -1212998.9441646633, -1260346.1730482918, -929039.5321143562, -31435.107284964877
12, -301790.6376103804, -556812.4476471393, -697400.6438775774, -847720.3848735915, -1033030.3025575445, -1215416.231768064, -1263403.233432896, -929995.8145263807, -31564.170931725628, -298229.52529159986, -547923.75873287, -692962.6670459767, -843567.3370277291, -1029855.274895749, -1212998.9441646633, -1260346.1730482918, -929039.5321143562, -31435.107284964877
13, -301777.915122288, -556788.6604527547, -697371.5805213761, -847685.4209711335, -1032988.1581128719, -1215368.000177529, -1263356.7564168358, -929968.9178882833, -31564.622860946605, -298205.0430177049, -547877.3688086541, -692905.2181633025, -843497.8964721117, -1029772.1663813202, -1212901.8153945536, -1260249.1653571783, -928966.6960533332, -31424.22336637578
14, -301789.09402245394, -556810.4499019809, -697398.9118730521, -847718.9232559386, -1033029.0751069833, -1215415.3970524417, -1263403.3259358946, -929997.4272144267, -31564.48026151448, -298224.71054167766, -547914.7249216319, -692951.3329645352, -843553.6452125043, -1029838.6943214494, -1212979.558084992, -1260326.2006502557, -929024.8728766734, -31434.487644571636
15, -305208.44985607296, -563075.0889523064, -705344.4343190419, -857441.9868741559, -1044918.4251581093, -1229579.7323724674, -1278797.9251189763, -943002.166775943, -32361.23138645506, -301087.71483206504, -554351.3980963037, -700389.6968462357, -852724.1790391866, -1041630.4190844113, -1226916.3680527941, -1277268.673465133, -942127.7930724261, -30829.50000563523
16, -305208.44985607296, -563075.0889523064, -705344.4343190419, -857441.9868741559, -1044918.4251581093, -1229579.7323724674, -1278797.9251189763, -943002.166775943, -32361.23138645506, -301087.71483206504, -554351.3980963037, -700389.6968462357, -852724.1790391866, -1041630.4190844113, -1226916.3680527941, -1277268.673465133, -942127.7930724261, -30829.50000563523
17, -305195.6772829852, -563051.4945246226, -705315.6714621901, -857407.3918138444, -1044876.6288691951, -1229531.6375601704, -1278751.0730797783, -942974.471892027, -32361.66349923256, -301062.2992481248, -554305.5432113406, -700332.4972732051, -852655.5382706057, -1041547.8726016994, -1226820.9485010651, -1277171.198846321, -942057.1048424941, -30827.782624849788
18, -305206.75654180266, -563072.8309573971, -705342.371018719, -857440.1106722915, -1044916.6956976601, -1229578.3258386706, -1278797.4651639024, -943003.4430546747, -32361.547158468475, -301082.6397493767, -554341.8768511537, -700377.7549569212, -852709.7400324867, -1041612.9154587057, -1226895.9019830471, -1277247.5363815178, -942112.2740240253, -30828.91772533109
19, -310436.77228957816, -572766.5864053261, -717448.4218146189, -871917.1256138218, -1062214.1443991237, -1249698.2254689194, -1300095.6604536667, -960314.3390945249, -33345.81780198203, -306563.81076335494, -564424.0286626566, -712556.6654941477, -867544.5113795551, -1059405.0955730248, -1247848.661842221, -1299109.2115976783, -960840.3015414125, -33768.80318154805
20, -310436.77228957816, -572766.5864053261, -717448.4218146189, -871917.1256138218, -1062214.1443991237, -1249698.2254689194, -1300095.6604536667, -960314.3390945249, -33345.81780198203, -306563.81076335494, -564424.0286626566, -712556.6654941477, -867544.5113795551, -1059405.0955730248, -1247848.661842221, -1299109.2115976783, -960840.3015414125, -33768.80318154805
21, -310424.5267152503, -572743.3852323606, -717419.8720198194, -871883.1357090478, -1062171.74439998, -1249645.0242030583, -1300038.1425186344, -960273.3290275559, -33345.28600547585, -306541.0543616699, -564377.6258701411, -712499.7579290393, -867476.9729714962, -1059324.7666602433, -1247754.6989432282, -1299012.4644630637, -960769.4464624757, -33765.52994339404
22, -310434.91078940674, -572764.0477301351, -717446.0303748754, -871914.853226594, -1062211.9181794592, -1249696.2360609462, -1300094.6082533177, -960315.2124272365, -33346.13185647261, -306558.3965829703, -564413.9278304216, -712543.994035087, -867529.1825364544, -1059386.5120754403, -1247826.9355283664, -1299086.7805536336, -960823.8152709123, -33768.16110065213
23, -322357.72614067723, -594227.0403934029, -744063.1067362392, -903599.9997272304, -1099946.485645722, -1293482.9626657905, -1346165.4422559976, -997245.2142429876, -35382.365748427765, -318546.6498180246, -586460.7426099807, -739623.6136944859, -899651.6898547664, -1097315.4661651691, -1291292.6412577026, -1344187.975312942, -996527.1877826094, -35771.03465677795
24, -322357.72614067723, -594227.0403934029, -744063.1067362392, -903599.9997272304, -1099946.485645722, -1293482.9626657905, -1346165.4422559976, -997245.2142429876, -35382.365748427765, -318546.6498180246, -586460.7426099807, -739623.6136944859, -899651.6898547664, -1097315.4661651691, -1291292.6412577026, -1344187.975312942, -996527.1877826094, -35771.03465677795
25, -322344.69908982224, -594203.7777287896, -744034.8076780072, -903565.9954753211, -1099905.5506200814, -1293436.1214599349, -1346120.1369591411, -997218.7165831125, -35382.90342086865, -318517.6215861994, -586417.3574618741, -739568.0483119918, -899584.3868133714, -1097233.0100186258, -1291198.8930847985, -1344093.023672134, -996460.2934985323, -35765.40649852331
26, -322355.6644734485, -594224.101990755, -744060.1757966203, -903597.0670268438, -1099943.459130005, -1293480.0040582516, -1346163.3197193006, -997245.204699208, -35382.649014815615, -318540.91947666556, -586450.0519514275, -739610.226051754, -899635.5225905747, -1097295.898023788, -1291269.7947319075, -1344164.4012066834, -996509.7919096383, -35770.34544338059
27, -344736.8918307367, -635027.6006659348, -794880.9981331982, -964279.2566237205, -1172294.0562072142, -1377422.0906720709, -1434583.6080145403, -1068701.1510326723, -39559.97961623652, -342291.25618469395, -627883.5086633376, -790191.5451055728, -959522.9711837685, -1168540.8004378465, -1374567.6102580132, -1433076.6599177741, -1070689.1472799825, -41747.12297644856
28, -344736.8918307367, -635027.6006659348, -794880.9981331982, -964279.2566237205, -1172294.0562072142, -1377422.0906720709, -1434583.6080145403, -1068701.1510326723, -39559.97961623652, -342291.25618469395, -627883.5086633376, -790191.5451055728, -959522.9711837685, -1168540.8004378465, -1374567.6102580132, -1433076.6599177741, -1070689.1472799825, -41747.12297644856
29, -344724.6101209211, -635005.4890972581, -794853.3620793353, -964246.2826476321, -1172254.041836334, -1377377.5221684063, -1434544.1253897683, -1068682.3201330872, -39561.0917231928, -342268.70511177584, -627839.6345005285, -790137.81398079, -959459.5454287747, -1168465.8385296308, -1374480.082168426, -1432986.3301349434, -1070621.9300007247, -41749.82660847693
30, -344734.11774701375, -635023.3505445449, -794876.4126789551, -964274.2936870963, -1172288.5394700787, -1377416.1876737394, -1434578.405982799, -1068698.8853126843, -39560.2205526861, -342284.1806207913, -627870.3883644668, -790175.1329554862, -959503.174352109, -1168516.867415179, -1374539.6653548898, -1433047.7620070982, -1070667.6853984944, -41746.21017009445
31, -342621.16851135093, -630094.9613322896, -788308.4477316617, -956041.7580678219, -1162218.633459248, -1365723.2744185582, -1422677.2746141967, -1060185.4183791694, -39322.563778181706, -339338.0644476114, -622380.9783816102, -783294.2013343372, -951176.2953653596, -1158803.82289674, -1363100.641257912, -1420610.5224716708, -1059980.2320987638, -39949.10609293179
32, -342621.16851135093, -630094.9613322896, -788308.4477316617, -956041.7580678219, -1162218.633459248, -1365723.2744185582, -1422677.2746141967, -1060185.4183791694, -39322.563778181706, -339338.0644476114, -622380.9783816102, -783294.2013343372, -951176.2953653596, -1158803.82289674, -1363100.641257912, -1420610.5224716708, -1059980.2320987638, -39949.10609293179
33, -342608.4120822097, -630072.2561162, -788281.0348008624, -956008.8393539493, -1162178.8351767194, -1365677.4680554974, -1422632.4633795256, -1060158.5049576457, -39323.11027488563, -339311.5340883418, -622338.3910866803, -783240.4840911359, -951112.1765653008, -1158726.779845551, -1363011.699562575, -1420518.7579776275, -1059911.1223280798, -39949.58648885478
34, -342618.6037764611, -630091.084348587, -788304.320145995, -956037.3509557198, -1162213.794767685, -1365718.1587714436, -1422672.8630375369, -1060183.6704843675, -39322.80864101508, -339331.49513768894, -622368.7756993636, -783278.9499550794, -951157.904783288, -1158781.5992251623, -1363074.7008371411, -1420583.7332599554, -1059960.3881248988, -39948.282004414796
35, -344418.2157209505, -633611.1710971144, -792530.7313175804, -960852.5652638795, -1167649.430617762, -1371636.7227417764, -1428423.038777132, -1064259.7004133426, -39476.47878217175, -341450.97279900435, -626287.4482453687, -787626.6385200624, -956004.3987043041, -1164171.8793949299, -1369130.383995066, -1426977.7784117304, -1065238.4242202486, -39795.33317010049
36, -344418.2157209505, -633611.1710971144, -792530.7313175804, -960852.5652638795, -1167649.430617762, -1371636.7227417764, -1428423.038777132, -1064259.7004133426, -39476.47878217175, -341450.97279900435, -626287.4482453687, -787626.6385200624, -956004.3987043041, -1164171.8793949299, -1369130.383995066, -1426977.7784117304, -1065238.4242202486, -39795.33317010049
37, -344406.10949241446, -633588.6877248244, -792503.1330292149, -960819.5145058781, -1167609.7001229934, -1371591.0316373291, -1428378.3884823844, -1064232.9687416647, -39477.02328212834, -341428.0907338191, -626243.9911617665, -787573.0193358853, -955940.6281560946, -1164095.2258601831, -1369041.9012062156, -1426887.9505634878, -1065175.7758314568, -39796.1781787785
38, -344415.6299967325, -633607.2559968913, -792526.5451049353, -960848.078856233, -1167644.4958695099, -1371631.519979382, -1428418.5771387934, -1064257.9504794828, -39476.725764729505, -341444.2889662957, -626275.0360760994, -787611.1388774462, -955985.7229011673, -1164149.3126568806, -1369104.0548921279, -1426950.577188117, -1065218.232449223, -39794.54904955297
39, -335235.6919850558, -616796.0358224763, -771788.6134705576, -936312.3961196718, -1138652.6573714497, -1338273.410556065, -1393486.6647929142, -1036038.2976916179, -37783.59223098245, -331339.3279372874, -608523.38094319, -766926.557226501, -931702.433785588, -1135427.4904112988, -1335989.3016009347, -1391637.5997927173, -1035963.326440278, -38000.89674226017
40, -339888.92682887614, -625409.1513685782, -782581.7941106253, -949298.4574205303, -1154260.7886913111, -1356513.3719755462, -1412845.5862234838, -1051793.1361677768, -38714.27275170584, -336549.84262158046, -617871.3696677774, -778229.0858743326, -945056.2445818303, -1151367.5817387465, -1354599.9957353885, -1411359.9318290167, -1052342.6576173308, -39059.3218037335
41, -343363.03362497187, -631722.95631938, -790257.7750455693, -958237.2100982647, -1164653.1876521835, -1368294.795786608, -1425006.3481897893, -1061477.1779166008, -39283.742634860515, -340698.7044725859, -625078.7405537801, -786541.3878569383, -954670.7785023601, -1162640.29909796, -1367440.269132577, -1424998.6850296545, -1063582.3301106954, -39661.50715532768
42, -344459.2941143489, -633668.2429975709, -792566.6974950142, -960850.7722075661, -1167602.8060622422, -1371543.6321669337, -1428284.9005963367, -1064091.33643896, -39454.603747813024, -341384.5275534614, -626171.8915218015, -787485.0128664367, -955831.8377184928, -1163965.2701449955, -1368898.5895379002, -1426723.9513155243, -1065043.1765992085, -39779.37443968453
43, -344475.5886793484, -633703.3891301381, -792632.6193621828, -960955.3096564839, -1167751.1933639352, -1371736.5848643198, -1428510.6659407145, -1064318.8085015868, -39478.88491094932, -341410.48819435656, -626209.1004431834, -787529.289939195, -955889.6762051749, -1164036.0168941747, -1368976.0090674204, -1426820.8924674669, -1065126.7407483035, -39794.184258143476
44, -344475.5886793484, -633703.3891301381, -792632.6193621828, -960955.3096564839, -1167751.1933639352, -1371736.5848643198, -1428510.6659407145, -1064318.8085015868, -39478.88491094932, -341410.48819435656, -626209.1004431834, -787529.289939195, -955889.6762051749, -1164036.0168941747, -1368976.0090674204, -1426820.8924674669, -1065126.7407483035, -39794.184258143476
45, -344463.5344295957, -633680.8813235807, -792605.0212875411, -960922.2547339946, -1167711.4773847496, -1371690.9624113436, -1428466.08470088, -1064292.1129847714, -39479.435031609566, -341388.6026894583, -626165.2278970918, -787475.6415035236, -955824.6571771475, -1163958.959406242, -1368888.2352649663, -1426730.2283269688, -1065057.9906562574, -39783.33675598295
46, -344473.005419313, -633699.4802611079, -792628.4369665186, -960950.8273065924, -1167746.2680315461, -1371731.399114353, -1428506.2372924224, -1064317.0959109312, -39479.13418232383, -341403.8069467026, -626196.6948641508, -787513.7954020104, -955871.0009822759, -1164013.452698435, -1368949.6821300918, -1426793.6994882016, -1065106.5919256476, -39793.33114882541
47, -344490.45249961835, -633718.8337726202, -792641.3293437253, -960957.297942209, -1167747.1360170506, -1371726.250668643, -1428491.863292527, -1064289.9763617038, -39474.4966475652, -341439.5144882906, -626267.976992982, -787604.4773263163, -955984.5470168692, -1164155.987585689, -1369123.1235751496, -1426976.4956800442, -1065244.5128200112, -39800.25537744755
48, -344490.45249961835, -633718.8337726202, -792641.3293437253, -960957.297942209, -1167747.1360170506, -1371726.250668643, -1428491.863292527, -1064289.9763617038, -39474.4966475652, -341439.5144882906, -626267.976992982, -787604.4773263163, -955984.5470168692, -1164155.987585689, -1369123.1235751496, -1426976.4956800442, -1065244.5128200112, -39800.25537744755
49, -344478.39632083237, -633696.3208260025, -792613.7246515069, -960924.2362829624, -1167707.4110252338, -1371680.6172768518, -1428447.2691796958, -1064263.2687388563, -39475.045977599075, -341417.63163144316, -626224.1005412992, -787550.8106687719, -955919.4922729068, -1164078.921628462, -1369035.3290365026, -1426885.7855559064, -1065175.7702148056, -39789.03391530641
50, -344487.8693665542, -633714.9253841988, -792637.1481057537, -960952.8172893603, -1167742.2128746293, -1371721.0676753367, -1428487.4377558911, -1064288.266516071, -39474.74606420238, -341432.83358050016, -626255.5725643602, -787588.9842340162, -955965.8736311382, -1164133.4256963308, -1369096.799643505, -1426949.3060204752, -1065224.3666377848, -39799.40329781134
51, -344489.2323505606, -633690.8833536778, -792585.3825453143, -960873.8456715989, -1167635.2838804473, -1371586.8701615774, -1428340.1922785433, -1064164.3375348824, -39467.23200506215, -341428.30666461005, -626253.9195306216, -787579.5824351223, -955955.7285919143, -1164124.8671664407, -1369096.0521363122, -1426939.3401008856, -1065207.196764269, -39792.45042327148
52, -344489.3035933139, -633709.4334019803, -792624.1210870061, -960931.9389744815, -1167712.9771090697, -1371683.615840193, -1428444.6536291325, -1064250.2932060463, -39472.094465329, -341434.71160521253, -626261.8742267992, -787596.78362072, -955976.7415624043, -1164148.4271463475, -1369117.1421740064, -1426970.753041504, -1065240.4242661821, -39800.85417929542
53, -344489.3035933139, -633709.4334019803, -792624.1210870061, -960931.9389744815, -1167712.9771090697, -1371683.615840193, -1428444.6536291325, -1064250.2932060463, -39472.094465329, -341434.71160521253, -626261.8742267992, -787596.78362072, -955976.7415624043, -1164148.4271463475, -1369117.1421740064, -1426970.753041504, -1065240.4242661821, -39800.85417929542
54, -344477.2460816238, -633686.9173910872, -792596.512535316, -960898.8735508972, -1167673.2471175035, -1371637.9762053657, -1428400.0514954173, -1064223.57701816, -39472.64314659356, -341412.8325914032, -626218.000943366, -787543.1110688039, -955911.6708095144, -1164071.3621366364, -1369029.3444014054, -1426880.0217359718, -1065171.7046885896, -39789.39109045002
55, -344486.7194596001, -633705.5245643932, -792619.9405391419, -960927.4593544123, -1167708.0549637137, -1371678.4339029475, -1428440.2291102402, -1064248.5839871615, -39472.34385792165, -341428.0301366488, -626249.4719958493, -787581.2929108269, -955958.070985375, -1164125.8691528903, -1369090.8226636448, -1426943.5676862586, -1065220.2798745392, -39800.00873327517
56, -344491.7065495983, -633700.3217363423, -792602.758248177, -960897.9489323122, -1167665.7146402895, -1371623.54883119, -1428376.9864400974, -1064191.7480561547, -39468.2547102817, -341429.0032006249, -626251.534376457, -787581.534998163, -955958.97298087, -1164129.734577781, -1369100.6235416995, -1426949.3800945783, -1065219.4224754872, -39792.74595518637
57, -344491.7065495983, -633700.3217363423, -792602.758248177, -960897.9489323122, -1167665.7146402895, -1371623.54883119, -1428376.9864400974, -1064191.7480561547, -39468.2547102817, -341429.0032006249, -626251.534376457, -787581.534998163, -955958.97298087, -1164129.734577781, -1369100.6235416995, -1426949.3800945783, -1065219.4224754872, -39792.74595518637
58, -344479.38379114604, -633677.7333098303, -792575.198942164, -960864.8964548719, -1167625.9168571208, -1371577.8181097675, -1428332.3401197898, -1064165.0189113247, -39468.80381487182, -341405.0033144308, -626208.2492421084, -787527.8523578189, -955894.8007768859, -1164052.957485232, -1369012.0611905225, -1426858.8977077056, -1065153.1723951665, -39789.74239139503
59, -344489.12426333537, -633696.4152347946, -792598.5797128065, -960893.4717295195, -1167660.7954379162, -1371618.3703901304, -1428372.5655047407, -1064190.0413391504, -39468.50406031277, -341422.32756036485, -626239.1297232863, -787566.0492626784, -955940.3085896351, -1164107.1895624867, -1369074.3104085503, -1426922.208537565, -1065199.246551616, -39791.93679304895
60, -344490.1531950072, -633690.1366186377, -792582.954028363, -960865.5334289107, -1167618.5813510467, -1371562.4715799312, -1428311.141164245, -1064146.3512407432, -39468.336385905495, -341447.9036605476, -626286.593628558, -787620.3639180489, -956003.4724025837, -1164181.1248561614, -1369159.6572256426, -1427004.407425534, -1065255.981452792, -39794.81894422945
61, -344490.1531950072, -633690.1366186377, -792582.954028363, -960865.5334289107, -1167618.5813510467, -1371562.4715799312, -1428311.141164245, -1064146.3512407432, -39468.336385905495, -341447.9036605476, -626286.593628558, -787620.3639180489, -956003.4724025837, -1164181.1248561614, -1369159.6572256426, -1427004.407425534, -1065255.981452792, -39794.81894422945
62, -344477.825450454, -633667.5392354432, -792555.3856009252, -960832.4660438924, -1167578.755024378, -1371516.6958089606, -1428266.432826791, -1064119.5660288818, -39468.88248709599, -341423.89486628154, -626243.3016546178, -787566.6719626277, -955939.2908156082, -1164104.3423310423, -1369071.0832672077, -1426913.9056032242, -1065189.7026069853, -39791.85923854748
63, -344487.5723652956, -633686.2262095993, -792578.784506298, -960861.0595776842, -1167613.6487611665, -1371557.2715137245, -1428306.7039292748, -1064144.642004028, -39468.586301730116, -341441.1896588598, -626274.2072346186, -787604.8822420381, -955984.8067569917, -1164158.5747910545, -1369133.3484857806, -1426977.2447590122, -1065235.8105974186, -39794.02297647434
64, -344481.8871109102, -633674.8297090655, -792562.4471005382, -960838.8692674984, -1167584.4363475712, -1371520.880754739, -1428266.641820528, -1064112.5371470714, -39467.128515094664, -341451.915238849, -626293.3385587812, -787627.04984549, -956010.4105430339, -1164188.3344582836, -1369167.212093384, -1427010.1589381285, -1065258.7647319245, -39794.89513183155
65, -344481.8871109102, -633674.8297090655, -792562.4471005382, -960838.8692674984, -1167584.4363475712, -1371520.880754739, -1428266.641820528, -1064112.5371470714, -39467.128515094664, -341451.915238849, -626293.3385587812, -787627.04984549, -956010.4105430339, -1164188.3344582836, -1369167.212093384, -1427010.1589381285, -1065258.7647319245, -39794.89513183155
66, -344469.55656360625, -633652.229761596, -792534.8786206277, -960805.8029085456, -1167544.6108190666, -1371475.1045382977, -1428221.9300124422, -1064085.7464123506, -39467.67412133458, -341427.9028271438, -626250.0469577137, -787573.3574991208, -955946.228716319, -1164111.5532281005, -1369078.6385356672, -1426919.6555137625, -1065192.4802874213, -39791.948213520925
67, -344479.306583308, -633670.9199452442, -792558.2783830295, -960834.3964108778, -1167579.5049692178, -1371515.682063132, -1428262.2058802098, -1064110.828677623, -39467.37842293659, -341445.20150769077, -626280.9526119307, -787611.5687895813, -955991.7457436867, -1164165.7853401706, -1369140.9045476487, -1426982.9974625143, -1065238.594914129, -39794.09898301991
68, -344475.5243055207, -633662.9464087752, -792546.5865965555, -960818.7598451474, -1167559.2810875387, -1371490.5590199742, -1428233.6991477455, -1064085.3975827682, -39465.547635372925, -341449.7966201877, -626289.4836921956, -787621.644670357, -956003.6657821668, -1164179.981683425, -1369157.4769689774, -1426999.4430666144, -1065250.3548133648, -39794.570239894005
69, -344475.5243055207, -633662.9464087752, -792546.5865965555, -960818.7598451474, -1167559.2810875387, -1371490.5590199742, -1428233.6991477455, -1064085.3975827682, -39465.547635372925, -341449.7966201877, -626289.4836921956, -787621.644670357, -956003.6657821668, -1164179.981683425, -1369157.4769689774, -1426999.4430666144, -1065250.3548133648, -39794.570239894005
70, -344463.19262434065, -633640.3453058889, -792519.0180591843, -960785.6940168175, -1167519.4560683179, -1371444.7826762432, -1428188.9855409658, -1064058.6039235564, -39466.092949225356, -341425.78290247044, -626246.1927670339, -787567.9528283909, -955939.4846754875, -1164103.2020243884, -1369068.9048426433, -1426908.940146095, -1065184.0687822686, -39791.62970110244
71, -344472.9449355835, -633659.0375736074, -792542.4180875155, -960814.2872233046, -1167554.3503199, -1371485.361146721, -1428229.2639854392, -1064083.6895974407, -39465.79754000341, -341443.0847542434, -626277.097856319, -787606.1641401965, -955985.0014614329, -1164157.432451971, -1369131.1697560034, -1426972.283186172, -1065230.1883485424, -39793.76665140511
72, -344464.569463769, -633641.9901284596, -792518.5885935395, -960783.2451170988, -1167514.9319360894, -1371437.3795983947, -1428176.405965661, -1064038.8281382709, -39462.936235148496, -341446.3936580092, -626283.3620064257, -787612.8516100133, -955992.7568481987, -1164166.627679904, -1369142.257814988, -1426982.4831192682, -1065236.8656985434, -39794.03296590014
73, -344464.569463769, -633641.9901284596, -792518.5885935395, -960783.2451170988, -1167514.9319360894, -1371437.3795983947, -1428176.405965661, -1064038.8281382709, -39462.936235148496, -341446.3936580092, -626283.3620064257, -787612.8516100133, -955992.7568481987, -1164166.627679904, -1369142.257814988, -1426982.4831192682, -1065236.8656985434, -39794.03296590014
74, -344452.23492361576, -633619.391431479, -792491.0129077863, -960750.1774309627, -1167475.1165498712, -1371391.6128176185, -1428131.6849494905, -1064012.0116571845, -39463.47930808146, -341422.4147387949, -626240.0568098472, -787559.1594157213, -955928.581237169, -1164089.8589022802, -1369053.6886633877, -1426891.9780054258, -1065170.5776845822, -39791.088980501314
75, -344461.9918807897, -633638.0877821895, -792514.4129243185, -960778.7691628779, -1167510.0098213193, -1371432.1918828164, -1428171.9673869053, -1064037.1033749136, -39463.18442312296, -341439.72334485926, -626270.9613385823, -787597.3717870147, -955974.0995760324, -1164144.0902839543, -1369115.9548330412, -1426955.3240141324, -1065216.7029172624, -39793.211791110836
76, -344462.85015595274, -633635.9212420775, -792508.9895119341, -960770.1159464899, -1167498.0892831227, -1371417.1196338104, -1428154.7969154443, -1064021.660516846, -39462.04783017521, -341442.96854096284, -626277.8576882468, -787605.1216381725, -955983.568026128, -1164155.8507842626, -1369130.6570281987, -1426969.520950713, -1065226.5509165747, -39793.74333962571
77, -344462.85015595274, -633635.9212420775, -792508.9895119341, -960770.1159464899, -1167498.0892831227, -1371417.1196338104, -1428154.7969154443, -1064021.660516846, -39462.04783017521, -341442.96854096284, -626277.8576882468, -787605.1216381725, -955983.568026128, -1164155.8507842626, -1369130.6570281987, -1426969.520950713, -1065226.5509165747, -39793.74333962571
78, -344450.5024513599, -633613.311562207, -792481.4130950505, -960737.0505844292, -1167458.2752239658, -1371371.3516449966, -1428110.0697044423, -1063994.8345449604, -39462.59020994697, -341418.9736700361, -626234.5566711525, -787551.4297414297, -955919.389287995, -1164079.0753634004, -1369042.0844459531, -1426879.0151419102, -1065160.2655945797, -39790.800608485704
79, -344460.2725837035, -633632.0190555975, -792504.8141067711, -960765.6403480724, -1167493.1675584102, -1371411.9322694866, -1428150.358459665, -1064019.9355482035, -39462.29596417651, -341436.2988038645, -626265.4581522241, -787589.643306008, -955964.9127455443, -1164133.3160294169, -1369104.3570343899, -1426942.3648112456, -1065206.39056544, -39792.92250702839
80, -344460.9519347702, -633626.9750126123, -792493.9074509838, -960748.8049395544, -1167470.2087838994, -1371383.0768374929, -1428117.9036205502, -1063991.6068020544, -39460.39129275449, -341438.48750203656, -626270.8729765367, -787593.7820407961, -955969.6154168333, -1164138.9537344119, -1369112.3184582882, -1426947.1958003063, -1065207.50390493, -39793.39863694177
81, -344460.9519347702, -633626.9750126123, -792493.9074509838, -960748.8049395544, -1167470.2087838994, -1371383.0768374929, -1428117.9036205502, -1063991.6068020544, -39460.39129275449, -341438.48750203656, -626270.8729765367, -787593.7820407961, -955969.6154168333, -1164138.9537344119, -1369112.3184582882, -1426947.1958003063, -1065207.50390493, -39793.39863694177
82, -344449.00098624406, -633604.4324171902, -792466.2164850386, -960715.68662606, -1167430.445487417, -1371337.3558627632, -1428073.1989925443, -1063964.8031401888, -39460.93087079805, -341417.4880657754, -626226.7188417776, -787540.2178238437, -955906.0636790689, -1164063.3132424648, -1369022.9564477846, -1426856.5707127135, -1065140.4714964656, -39790.719968411024
83, -344458.37395673303, -633623.0744881621, -792489.7351644447, -960744.334292054, -1167465.2951958496, -1371377.9016463323, -1428113.481143368, -1063989.895396811, -39460.64005689889, -341431.81817120063, -626258.4767331468, -787578.3076859021, -955950.9649394508, -1164116.4250863637, -1369086.0259354499, -1426920.0470619383, -1065187.3480474108, -39792.578061170585
84, -344461.0759424994, -633624.4746986246, -792488.5696969638, -960739.271267866, -1167455.7181094661, -1371364.1775371456, -1428098.5423836359, -1063981.4598855507, -39461.417039835105, -341449.42234153283, -626290.4724692057, -787615.5283607388, -955994.2188709369, -1164167.0592948266, -1369144.2575709715, -1426976.740691491, -1065226.9829132983, -39794.34079956857
85, -344461.0759424994, -633624.4746986246, -792488.5696969638, -960739.271267866, -1167455.7181094661, -1371364.1775371456, -1428098.5423836359, -1063981.4598855507, -39461.417039835105, -341449.42234153283, -626290.4724692057, -787615.5283607388, -955994.2188709369, -1164167.0592948266, -1369144.2575709715, -1426976.740691491, -1065226.9829132983, -39794.34079956857
86, -344449.1245024061, -633601.9280360832, -792460.8734589405, -960706.1442823906, -1167415.9376793313, -1371318.427454639, -1428053.794797122, -1063954.6161773899, -39461.954477477404, -341428.4214336568, -626246.3130306695, -787561.9628665909, -955930.6626302154, -1164091.413609307, -1369054.8886310407, -1426886.1119078568, -1065159.9220148155, -39791.66749095605
87, -344458.49900711165, -633620.5747499214, -792484.3981511748, -960734.8007361271, -1167450.802186847, -1371358.9959879923, -1428094.108048382, -1063979.7361448847, -39461.665061694526, -341442.75382897, -626278.0776321525, -787600.0558538524, -955975.5706312013, -1164144.5333026643, -1369117.9683862526, -1426949.5954940182, -1065206.8296697398, -39793.52019067417
88, -344455.84061869245, -633612.9688858087, -792472.0687797097, -960717.6069267548, -1167428.2060880333, -1371330.5830176547, -1428061.604695807, -1063950.322906881, -39459.46655876243, -341446.713916329, -626284.3670644143, -787606.5613248701, -955983.4465805565, -1164152.4750241193, -1369126.8043670468, -1426959.2563523685, -1065215.9434131612, -39801.1936160576
89, -344455.84061869245, -633612.9688858087, -792472.0687797097, -960717.6069267548, -1167428.2060880333, -1371330.5830176547, -1428061.604695807, -1063950.322906881, -39459.46655876243, -341446.713916329, -626284.3670644143, -787606.5613248701, -955983.4465805565, -1164152.4750241193, -1369126.8043670468, -1426959.2563523685, -1065215.9434131612, -39801.1936160576
90, -344443.71340536943, -633590.391500941, -792444.4420876541, -960684.5480819086, -1167388.4084958544, -1371284.8612677723, -1428016.881544561, -1063923.4742512854, -39460.00557959382, -341424.7773231716, -626240.0092422131, -787552.762087321, -955919.1893875115, -1164077.2772077175, -1369038.7604776428, -1426867.7619763783, -1065145.0649693836, -39791.146441624325
91, -344453.26359833404, -633609.0694193444, -792467.8983486894, -960713.1378960076, -1167423.2919546405, -1371325.4035995966, -1428057.1723500364, -1063948.6003177324, -39459.71462700992, -341440.04394601437, -626271.9782508333, -787591.0882940252, -955964.8010896874, -1164129.9452734715, -1369100.5211418404, -1426932.1040727785, -1065195.8288632922, -39800.35149484049
92, -344456.97127084207, -633608.6939593432, -792461.2520001783, -960700.0124850626, -1167403.3994484611, -1371298.7630919535, -1428025.019041163, -1063916.8632917914, -39456.800949101074, -341440.4567346609, -626271.0216959127, -787589.9301502003, -955964.7031061038, -1164133.6611421064, -1369107.363995522, -1426936.939881529, -1065194.0947705668, -39792.88359038209
93, -344456.97127084207, -633608.6939593432, -792461.2520001783, -960700.0124850626, -1167403.3994484611, -1371298.7630919535, -1428025.019041163, -1063916.8632917914, -39456.800949101074, -341440.4567346609, -626271.0216959127, -787589.9301502003, -955964.7031061038, -1164133.6611421064, -1369107.363995522, -1426936.939881529, -1065194.0947705668, -39792.88359038209
94, -344444.6135234531, -633586.069280798, -792433.6653436429, -960666.9387256684, -1167363.5738863836, -1371252.972762142, -1427980.250997418, -1063889.9922060398, -39457.340642214156, -341416.4410850785, -626227.7110380974, -787536.2275110473, -955900.5135673273, -1164056.8496214799, -1369018.7568972444, -1426846.4259974912, -1065127.7997964104, -39789.90347210408
95, -344454.3952532663, -633604.7960744784, -792457.0834055687, -960695.5455872031, -1167398.4880417194, -1371293.586874646, -1428020.5902031062, -1063915.1435756283, -39457.049087859305, -341433.78749258607, -626258.6326580929, -787574.462791852, -955946.061566569, -1164111.1397505621, -1369081.083037797, -1426909.8027512722, -1065173.9623770276, -39792.04644797824
96, -344454.0477786676, -633601.8859472338, -792451.3546240181, -960685.7281867117, -1167383.7691076791, -1371274.2198613454, -1427999.9410371133, -1063902.4685881727, -39457.66853529659, -341452.0935352618, -626291.0395122705, -787611.5290798026, -955988.2237003865, -1164159.3985825789, -1369135.3113548649, -1426961.1176964752, -1065208.5926177392, -39793.55410105374
