s
0.01020408163265306, 0.2551020408163265, 0.5, 0.7448979591836734, 0.9897959183673469
iteration, j dot B Redl, j dot B vmec
0, -318882.3306229876, -645683.0448911461, -972652.3377223343, -1192209.445996528, -25474.164999484055, -47655.84277900424, -557075.8033276255, -740836.1201306025, -566791.2912439932, -48930.00093672512
1, -318882.3306229876, -645683.0448911461, -972652.3377223343, -1192209.445996528, -25474.164999484055, -47655.84277900424, -557075.8033276255, -740836.1201306025, -566791.2912439932, -48930.00093672512
2, -318882.3306229876, -645683.0448911461, -972652.3377223343, -1192209.445996528, -25474.164999484055, -47655.84277900424, -557075.8033276255, -740836.1201306025, -566791.2912439932, -48930.00093672512
3, -318862.2292203328, -645626.0415703466, -972551.5204004757, -1192040.8960612465, -25465.952602848993, -47641.19556540433, -556941.9295400983, -740671.6232096206, -566671.0504082826, -48919.98637188139
4, -336238.200774162, -684430.9335642431, -1027031.3627029373, -1252829.632366649, -28813.607262358804, -276844.5159088062, -658460.8432583755, -963091.2334405114, -1097423.4047122044, -33892.55856520188
5, -313733.0550633373, -631831.706726001, -947586.9536071509, -1153175.323243893, -24247.07932508657, -112035.62302601954, -605292.8791578788, -802997.2793064858, -726759.2417258216, -83870.2315152768
6, -314905.1138045601, -636682.5568230678, -956861.5450512724, -1168000.3632488563, -24562.714986947998, -62005.64378794636, -569346.1159770244, -753784.6955490819, -601644.9708655304, -58861.19967701868
7, -317434.74067252316, -642420.1585725704, -966819.7285981714, -1182951.071579623, -25085.31425079599, -50592.15396866499, -559830.7280827976, -743511.4987575782, -573721.2984386564, -50989.77769293645
8, -318548.515426429, -644868.0433133525, -971129.2110326703, -1189718.9141737986, -25361.399890477984, -48313.290464032194, -557913.1199883055, -741710.4174540413, -568488.7991095503, -49390.05501584287
9, -318837.99799060775, -645461.0567564847, -972216.5242144478, -1191472.4120549425, -25443.510787294916, -47821.46905446591, -557370.5573382857, -741170.2873520468, -567283.5554891906, -49044.85511281373
10, -318837.99799060775, -645461.0567564847, -972216.5242144478, -1191472.4120549425, -25443.510787294916, -47821.46905446591, -557370.5573382857, -741170.2873520468, -567283.5554891906, -49044.85511281373
11, -318826.7205542979, -645397.1644925054, -972086.4271322803, -1191305.149952676, -25440.866524549998, -47808.43134566296, -557236.1353680299, -741006.7031466225, -567164.2150482704, -49033.03566682991
12, -318645.14136219467, -645062.3934507961, -971484.0517915338, -1190314.0670661447, -25390.19496462939, -48101.53971219715, -557690.8071570921, -741484.4635892813, -567965.0404669284, -49238.82802799129
13, -318788.21191511117, -645391.6026520733, -972072.5748265232, -1191246.4053959711, -25430.446723727575, -47879.396626100104, -557450.2049347594, -741252.3150330842, -567433.9088582688, -49084.33536163409
14, -318788.21191511117, -645391.6026520733, -972072.5748265232, -1191246.4053959711, -25430.446723727575, -47879.396626100104, -557450.2049347594, -741252.3150330842, -567433.9088582688, -49084.33536163409
15, -318785.55075199495, -645306.6832906634, -971928.1417278002, -1191038.22732988, -25426.871616619075, -47865.85676706492, -557316.1390668463, -741088.2248707877, -567313.812118526, -49073.442966649745
16, -318745.7788606146, -645321.7786794266, -971947.0834159814, -1191030.139959213, -25419.56012160848, -47943.514630613616, -557519.491826647, -741311.9503734482, -567574.0644205245, -49126.23892314368
17, -318745.7788606146, -645321.7786794266, -971947.0834159814, -1191030.139959213, -25419.56012160848, -47943.514630613616, -557519.491826647, -741311.9503734482, -567574.0644205245, -49126.23892314368
18, -318725.87288427836, -645264.7396325079, -971846.1534141212, -1190860.929805032, -25411.27129569624, -47929.01444469327, -557385.560709424, -741147.4474038049, -567453.7392760724, -49115.984731362085
