s
0.01020408163265306, 0.173469387755102, 0.336734693877551, 0.5, 0.6632653061224489, 0.8265306122448979, 0.9897959183673469
iteration, j dot B Redl, j dot B vmec
0, -313474.37632509705, -562495.9703825174, -737581.6250447335, -971947.0834145662, -1186351.9777605277, -1031309.9585745323, -25405.87543889498, -47943.51464222338, -416938.22502991697, -659677.8951883758, -741311.9503849635, -668070.1397202858, -426126.03625295026, -49126.238981961826
1, -313474.37632509705, -562495.9703825174, -737581.6250447335, -971947.0834145662, -1186351.9777605277, -1031309.9585745323, -25405.87543889498, -47943.51464222338, -416938.22502991697, -659677.8951883758, -741311.9503849635, -668070.1397202858, -426126.03625295026, -49126.238981961826
2, -313474.37632509705, -562495.9703825174, -737581.6250447335, -971947.0834145662, -1186351.9777605277, -1031309.9585745323, -25405.87543889498, -47943.51464222338, -416938.22502991697, -659677.8951883758, -741311.9503849635, -668070.1397202858, -426126.03625295026, -49126.238981961826
3, -313476.7692805894, -562498.7876792438, -737584.6615079151, -971951.4772403999, -1186358.7532318695, -1031318.1022117906, -25406.311071540647, -47943.81442105929, -416941.7041964818, -659683.8947417723, -741319.2704491867, -668077.2706555385, -426130.92732226645, -49126.930329259165
4, -313474.38312404155, -562495.990187872, -737581.6478710708, -971947.0936149389, -1186351.9510451253, -1031309.9002803634, -25405.874245305014, -47943.511725953955, -416938.2125138658, -659677.8790713294, -741311.9345661587, -668070.1275801648, -426126.03031247924, -49126.23919720913
5, -332433.8340601747, -598009.7571153005, -784547.9518528612, -1030644.1101381298, -1253006.1323216083, -1092991.0216181837, -29020.489113883923, -274744.26121266896, -560214.1683607871, -759152.8748145133, -965718.5222793653, -1120141.6439390385, -942457.1936669454, -34250.620011067134
6, -306761.7609118936, -546841.8512225295, -715558.3629663847, -940236.0907622911, -1141794.8081669507, -985830.0159688096, -23844.829389766695, -134447.1290165909, -484647.0827711227, -667101.7817772907, -813544.7586180789, -819542.9257629396, -567961.5208225682, -73006.64039768768
7, -308774.87479043973, -552987.7551838493, -724109.2237455726, -952456.7042689848, -1159162.894303198, -1003007.8317431447, -24310.624115785846, -69062.7711100912, -433636.6013640059, -660659.7373414875, -757402.6344436617, -699464.7781640827, -455956.02766033297, -55793.27316905119
8, -311562.2794752851, -558867.6880990033, -732387.4988080249, -964314.7018994006, -1175494.5234164, -1019534.0007164145, -24898.75743567655, -52180.695591963624, -420310.55211812665, -659753.4126348906, -744160.3951986191, -673658.2215717579, -431501.4616718609, -50415.16570752996
9, -312971.94986545946, -561544.0363505197, -736208.1883258503, -969908.7072546975, -1183413.617747861, -1028059.0889195276, -25259.121935255655, -48829.82077532433, -417732.31117720966, -659829.1316088781, -742022.6064043894, -669300.5606711371, -427266.73349269136, -49393.708213216974
10, -313362.2379817873, -562280.4807756945, -737267.3149115307, -971474.8088471864, -1185659.1125955763, -1030523.3387137485, -25368.228915796062, -48154.7969519452, -417172.8314419584, -659791.334349235, -741562.256444141, -668429.8324859123, -426436.69031215797, -49193.354986509046
11, -313444.26123765076, -562450.1292668596, -737512.1065471205, -971859.2317378682, -1186205.602511419, -1031103.5578412821, -25393.711527003117, -47996.71657869669, -417006.9252062193, -659723.1812484162, -741391.902670965, -668174.787289027, -426212.5379371435, -49143.33653305634
12, -313468.6005626742, -562484.6287542805, -737564.7478474104, -971921.2125473189, -1186312.9841965267, -1031264.0269913378, -25403.510255216144, -47956.76667281243, -416956.67913406534, -659691.4794713015, -741334.4914338201, -668098.4236962224, -426148.92200981046, -49130.757575517084
13, -313468.6005626742, -562484.6287542805, -737564.7478474104, -971921.2125473189, -1186312.9841965267, -1031264.0269913378, -25403.510255216144, -47956.76667281243, -416956.67913406534, -659691.4794713015, -741334.4914338201, -668098.4236962224, -426148.92200981046, -49130.757575517084
14, -313470.9933598455, -562487.4460224147, -737567.7847385525, -971925.6074795173, -1186319.7617996705, -1031272.1734968752, -25403.94603195444, -47957.066517556006, -416960.1574675597, -659697.4775913059, -741341.8098309797, -668105.55312538, -426153.8121046821, -49131.44867950311
15, -313468.6073618667, -562484.6485568723, -737564.7706744716, -971921.2227616799, -1186312.9575314028, -1031263.9687793148, -25403.50906308348, -47956.76373661611, -416956.6666158134, -659691.4633718879, -741334.4756483689, -668098.4115918053, -426148.9160716984, -49130.757571658294
16, -313452.2980360949, -562466.6479117611, -737537.3541335679, -971898.7608994162, -1186266.6322536655, -1031177.9606999019, -25397.87523364832, -47981.682261510585, -416979.0947320685, -659696.0227067044, -741354.1625487424, -668132.8821128041, -426181.0708002142, -49137.856842044916
