s
0.01020408163265306, 0.07142857142857142, 0.1530612244897959, 0.21428571428571425, 0.2959183673469387, 0.3571428571428571, 0.43877551020408156, 0.5, 0.5612244897959183, 0.6428571428571428, 0.7040816326530611, 0.7857142857142856, 0.846938775510204, 0.9285714285714285, 0.9897959183673469
iteration, j dot B Redl, j dot B vmec
0, -244852.13433145356, -429173.75145752187, -532748.7546348153, -594458.8052449613, -676093.9821297331, -743509.8476899381, -846076.8813788448, -929867.6174957873, -1012542.2561803681, -1099121.7045045171, -1121289.8367175227, -1042616.7249731724, -860721.8827020447, -410008.8077724226, -20570.95904033032, -139348.24025285387, -337694.41887928563, -452348.7707217307, -527744.6137237969, -650284.3880088181, -722206.6326305862, -786708.2691830994, -839282.3660707201, -874450.8756801726, -889574.1748790226, -868523.027621628, -765821.7272704336, -614331.966675616, -315971.13766582304, -43411.42452161295
1, -244852.13433145356, -429173.75145752187, -532748.7546348153, -594458.8052449613, -676093.9821297331, -743509.8476899381, -846076.8813788448, -929867.6174957873, -1012542.2561803681, -1099121.7045045171, -1121289.8367175227, -1042616.7249731724, -860721.8827020447, -410008.8077724226, -20570.95904033032, -139348.24025285387, -337694.41887928563, -452348.7707217307, -527744.6137237969, -650284.3880088181, -722206.6326305862, -786708.2691830994, -839282.3660707201, -874450.8756801726, -889574.1748790226, -868523.027621628, -765821.7272704336, -614331.966675616, -315971.13766582304, -43411.42452161295
2, -244852.13434172835, -429173.75147673587, -532748.7546402857, -594458.805239928, -676093.9821237025, -743509.847688793, -846076.8813801846, -929867.6174977882, -1012542.2561814865, -1099121.7045022661, -1121289.8367187574, -1042616.7249765358, -860721.8827013896, -410008.80777101853, -20570.959040149508, -139348.24041824936, -337694.4188569895, -452348.7706199202, -527744.6136030132, -650284.3880084866, -722206.6323932173, -786708.2691545482, -839282.366129103, -874450.8756426726, -889574.1745371314, -868523.0275009554, -765821.7270747084, -614331.966649939, -315971.1376922951, -43411.42394985927
3, -244852.13434479185, -429173.75148409297, -532748.7546407337, -594458.8052355959, -676093.9821215787, -743509.847686074, -846076.8813785939, -929867.6174976807, -1012542.2561803915, -1099121.704504822, -1121289.8367142128, -1042616.7249734416, -860721.8827051412, -410008.80777180544, -20570.95904053715, -139348.24074618367, -337694.41884483024, -452348.77056502126, -527744.613710233, -650284.3881917214, -722206.6325534041, -786708.2686972837, -839282.3662278876, -874450.8754031815, -889574.1743513788, -868523.0274930894, -765821.7273496062, -614331.9665777249, -315971.1378282039, -43411.424265763744
4, -244852.1343425686, -429173.7514746744, -532748.7546455351, -594458.8052441096, -676093.9821286781, -743509.8476904894, -846076.8813869841, -929867.6175051773, -1012542.256189326, -1099121.704510485, -1121289.836723614, -1042616.7249792842, -860721.8827040333, -410008.80777498486, -20570.959040551, -139348.23960091092, -337694.41888268746, -452348.77074009605, -527744.6134769883, -650284.3879340271, -722206.6327661375, -786708.2694389512, -839282.3658383866, -874450.8757149678, -889574.1747424939, -868523.0275334618, -765821.7271606679, -614331.9671823549, -315971.1375293097, -43411.423515425406
5, -244852.13434769254, -429173.7514857341, -532748.7546406304, -594458.8052375276, -676093.9821262716, -743509.8476891485, -846076.881383879, -929867.6174995301, -1012542.2561782674, -1099121.7045027036, -1121289.8367233805, -1042616.7249708474, -860721.882707098, -410008.8077760214, -20570.95904005652, -139348.2417458829, -337694.41873693065, -452348.7704347825, -527744.613930862, -650284.3884898181, -722206.6320020412, -786708.2688844868, -839282.3665822376, -874450.8752637572, -889574.1746180226, -868523.0276930251, -765821.7273513131, -614331.966597293, -315971.13748336164, -43411.42374085425
6, -244852.13433790574, -429173.7514734197, -532748.7546455318, -594458.8052406835, -676093.9821247356, -743509.8476851484, -846076.8813797281, -929867.61750136, -1012542.2561867016, -1099121.7045053812, -1121289.8367174347, -1042616.7249679144, -860721.8827028028, -410008.80777440435, -20570.959039973128, -139348.23940526228, -337694.41889888287, -452348.7708094939, -527744.6134431043, -650284.3878521885, -722206.6326049302, -786708.2695492618, -839282.3655384011, -874450.8758233078, -889574.1750629684, -868523.0275883925, -765821.7269600586, -614331.9665548234, -315971.1378147579, -43411.424408664
7, -244852.13433782817, -429173.75147198874, -532748.7546408207, -594458.8052407878, -676093.982124474, -743509.8476872861, -846076.8813818342, -929867.6175043224, -1012542.2561836522, -1099121.7045024973, -1121289.836715092, -1042616.7249697316, -860721.882701721, -410008.80777073157, -20570.95904044791, -139348.23959181813, -337694.4188784486, -452348.77073640504, -527744.6134670323, -650284.3878948608, -722206.6327118104, -786708.2693127207, -839282.366116017, -874450.8757577762, -889574.1749485069, -868523.0277841134, -765821.7273194586, -614331.966631071, -315971.1378314542, -43411.42476564427
8, -244852.1343316459, -429173.7514606338, -532748.7546367684, -594458.8052413805, -676093.9821275845, -743509.8476894808, -846076.881378526, -929867.617500846, -1012542.2561771367, -1099121.704504867, -1121289.836717617, -1042616.7249730775, -860721.8827036396, -410008.8077704843, -20570.959040552872, -139348.23969801093, -337694.41888981755, -452348.7707161531, -527744.613467234, -650284.3878310939, -722206.6328238727, -786708.2692351269, -839282.3661424338, -874450.8758838668, -889574.1747224858, -868523.0272010312, -765821.7267546548, -614331.9666274318, -315971.13768545625, -43411.424245210124
9, -244852.13434086056, -429173.75147730624, -532748.7546361678, -594458.8052392055, -676093.9821257304, -743509.847689232, -846076.8813816749, -929867.6174967068, -1012542.256174171, -1099121.7045019865, -1121289.8367196894, -1042616.7249745721, -860721.8827026805, -410008.8077700114, -20570.9590403717, -139348.24173838954, -337694.41873419785, -452348.7704201073, -527744.6140114679, -650284.3882754745, -722206.6320247718, -786708.2688505731, -839282.3669060031, -874450.8754223109, -889574.1743854419, -868523.0277811609, -765821.7274243657, -614331.966860356, -315971.13754815096, -43411.42498726571
10, -244852.1343403256, -429173.75147630967, -532748.7546371818, -594458.805234849, -676093.9821244695, -743509.8476890333, -846076.8813824633, -929867.6174990296, -1012542.25617671, -1099121.7045026966, -1121289.8367201039, -1042616.7249765422, -860721.8827059019, -410008.8077700236, -20570.959040375652, -139348.24106674772, -337694.4187819962, -452348.7704860661, -527744.6137980628, -650284.3882341104, -722206.6322794637, -786708.2689019943, -839282.3667738339, -874450.8757904306, -889574.1747424136, -868523.027700866, -765821.7272807081, -614331.9668287593, -315971.13763423404, -43411.42442790989
11, -244852.13434416597, -429173.75148110185, -532748.7546401197, -594458.8052381756, -676093.9821252209, -743509.8476888501, -846076.8813831967, -929867.6174986768, -1012542.2561794554, -1099121.7045022594, -1121289.8367161234, -1042616.7249742588, -860721.8827047953, -410008.807772546, -20570.95904005521, -139348.24115716526, -337694.41878662544, -452348.770429073, -527744.6137924913, -650284.3882746856, -722206.6324420273, -786708.269045992, -839282.366332512, -874450.8752759818, -889574.174790932, -868523.0276258776, -765821.7274488459, -614331.9666666288, -315971.1374128249, -43411.425068418124
12, -244852.13434294608, -429173.7514754896, -532748.7546416443, -594458.8052443245, -676093.9821267722, -743509.8476845054, -846076.881378392, -929867.6174940104, -1012542.2561784443, -1099121.7045018517, -1121289.836722679, -1042616.7249705619, -860721.882698353, -410008.80777112226, -20570.959040011538, -139348.24083285866, -337694.41879323503, -452348.77053964435, -527744.6137461807, -650284.3881090415, -722206.632343538, -786708.2691728647, -839282.3659048161, -874450.8756976458, -889574.1748225945, -868523.0274547992, -765821.7272919503, -614331.9670090063, -315971.1377248032, -43411.426092978654
13, -244852.13433721196, -429173.7514706367, -532748.7546418014, -594458.8052392569, -676093.9821249445, -743509.8476875882, -846076.8813800071, -929867.6175039263, -1012542.256183811, -1099121.7045027937, -1121289.836718491, -1042616.7249700001, -860721.8826999068, -410008.8077735589, -20570.95904022507, -139348.23929493313, -337694.4189307693, -452348.7708093315, -527744.6134665626, -650284.3877784386, -722206.6327408736, -786708.2695797185, -839282.366016589, -874450.8760678006, -889574.1750182849, -868523.0270791381, -765821.7271284518, -614331.9667269725, -315971.1377549572, -43411.424411960325
14, -244852.134347726, -429173.75147966365, -532748.7546450307, -594458.8052418237, -676093.9821256226, -743509.8476914031, -846076.881383799, -929867.617503069, -1012542.256183679, -1099121.7045065337, -1121289.8367211497, -1042616.7249749047, -860721.8827040959, -410008.8077730303, -20570.959040604415, -139348.24007448019, -337694.41884598584, -452348.7706893457, -527744.6137024368, -650284.3880988733, -722206.6327879031, -786708.2695037506, -839282.3661832983, -874450.8759624033, -889574.1745860771, -868523.0276933629, -765821.7272942149, -614331.9665621048, -315971.1377161861, -43411.423259404284
15, -244852.1343456083, -429173.7514805657, -532748.7546406053, -594458.8052363727, -676093.9821214937, -743509.8476845715, -846076.8813798756, -929867.6174996023, -1012542.2561793377, -1099121.7045032934, -1121289.8367198019, -1042616.7249740214, -860721.8827035072, -410008.8077742828, -20570.959040125545, -139348.24020821787, -337694.4188648811, -452348.7706347502, -527744.6136105016, -650284.3880682711, -722206.6325298375, -786708.2690795205, -839282.3661754467, -874450.8757206777, -889574.17469242, -868523.0276405157, -765821.7271162401, -614331.9669001356, -315971.13750549837, -43411.423719795835
16, -244852.13434099755, -429173.75147658883, -532748.7546416668, -594458.805239113, -676093.9821256507, -743509.8476858172, -846076.8813797575, -929867.6174986889, -1012542.2561815558, -1099121.7045036652, -1121289.836720149, -1042616.7249740716, -860721.8827042663, -410008.8077753963, -20570.959040278613, -139348.2407642959, -337694.4188399845, -452348.7705899354, -527744.6136731855, -650284.3881262649, -722206.6324439766, -786708.2691037209, -839282.3663737305, -874450.8755144284, -889574.1744001141, -868523.0272630119, -765821.7272005102, -614331.9667822863, -315971.1377056138, -43411.42467659606
17, -244852.13434348255, -429173.75147608086, -532748.7546421175, -594458.805239803, -676093.9821281512, -743509.8476898147, -846076.8813807138, -929867.6174973141, -1012542.2561803176, -1099121.7045083118, -1121289.8367188943, -1042616.7249747451, -860721.882702692, -410008.80777192453, -20570.959040357408, -139348.24030563037, -337694.4188447945, -452348.77064902347, -527744.6136213264, -650284.3880003542, -722206.6325023742, -786708.2693265426, -839282.3657981436, -874450.87569275, -889574.1745688533, -868523.0275888767, -765821.7272643284, -614331.9667949151, -315971.13795042585, -43411.42511589778
18, -244852.1343211027, -429173.75144688634, -532748.7546330802, -594458.8052443798, -676093.982131567, -743509.8476883766, -846076.8813814259, -929867.6174959333, -1012542.25618039, -1099121.7045043171, -1121289.8367255349, -1042616.7249722688, -860721.8827024342, -410008.80776965944, -20570.95904078913, -139348.24007871386, -337694.41888160375, -452348.77070461615, -527744.6136013523, -650284.3878104747, -722206.6326809758, -786708.2693987237, -839282.3661029409, -874450.875709554, -889574.1747451288, -868523.0275010178, -765821.7274408798, -614331.9667085804, -315971.13758349605, -43411.42369836242
19, -244852.13433738906, -429173.751468502, -532748.7546398686, -594458.805240871, -676093.9821253857, -743509.8476878563, -846076.8813816407, -929867.6175022771, -1012542.2561887929, -1099121.7045054424, -1121289.8367213693, -1042616.7249696222, -860721.8827021472, -410008.80777255236, -20570.959040199166, -139348.2395831773, -337694.41891857726, -452348.77075658704, -527744.613550091, -650284.3877229848, -722206.6326271729, -786708.2694450167, -839282.3659179092, -874450.8755579416, -889574.174951403, -868523.0272400925, -765821.7273435647, -614331.9665786256, -315971.1376424229, -43411.42574314841
20, -252866.0539503764, -441988.8321910244, -548669.1079341768, -612233.4746001717, -696271.6408136006, -765629.9049513261, -871184.2154639588, -957447.0109517635, -1042635.8821100596, -1132089.8013736235, -1155405.8406456711, -1075519.157846535, -889253.0511586673, -425431.7396609912, -21569.251320673437, -141771.04214448525, -345594.24271362287, -461989.9841551323, -535860.3686172857, -662315.4553033082, -736131.4609266834, -799074.2693663964, -856933.4891854564, -890662.0055887154, -913620.9799867858, -890555.0595088715, -786708.2827344269, -627078.7267229556, -321577.17280713946, -44786.18391815241
21, -248567.29724717877, -435074.99444491905, -540062.4422051437, -602591.9994762741, -685280.4011155388, -753531.7003500103, -857374.8143300004, -942198.5471385308, -1025912.4152690931, -1113682.7121940134, -1136311.1687733475, -1057103.3015065657, -873342.7517894236, -416954.44957354944, -21034.511111772194, -139833.343651972, -340568.4042088535, -456153.5841732406, -529926.0448074806, -652169.0737958418, -725050.1810224678, -787312.9854754043, -845578.6839464919, -877762.0255332242, -897054.1590575768, -876431.4810145381, -773936.7758905628, -617909.6856714385, -317571.58137672476, -44221.951556614884
22, -247434.1135812036, -433253.0957656964, -537801.5622236449, -600064.2546642681, -682405.4701524698, -750373.2105751059, -853777.1236832008, -938231.8885832676, -1021567.2919009482, -1108904.4493948815, -1131356.6492472112, -1052321.3343880724, -869213.3384628264, -414750.60292152705, -20895.63930909095, -139339.06757228455, -339279.77596712264, -454626.0954975691, -528407.3654613707, -649622.4754793036, -722247.6222781689, -784410.357916036, -842556.1356537448, -874486.514990026, -892742.5979633982, -872669.7396666121, -770634.1525389163, -615544.5673561152, -316562.1253098404, -44092.325349268234
23, -246151.39158145065, -431198.6167358974, -535298.6272022077, -597319.5821499686, -679355.2512488929, -747088.1927459247, -850133.8362540193, -934314.9815392653, -1017390.1533183942, -1104457.4752986368, -1126863.7596123246, -1048124.7651005863, -865659.4402393723, -412893.19114112505, -20779.76955273327, -139369.09321268369, -338487.1801256778, -453256.57575090247, -527894.35802971, -649715.0303678346, -721674.2593886758, -785369.937911167, -839590.5481784643, -873876.1641543291, -889865.8733780227, -868986.2266786797, -767919.9952602966, -614214.0989575783, -316447.5716715848, -44143.38213148289
24, -245144.51495122854, -429627.400417301, -533374.9549614689, -595201.3390294588, -676991.717708988, -744532.8617816098, -847289.223755913, -931239.7200110315, -1014085.9666796629, -1100895.5811909698, -1123210.228270147, -1044619.188115259, -862602.0144114872, -411190.1524266954, -20663.12114445204, -139233.158772346, -337737.13992028194, -452321.4207517492, -527512.0985246531, -649875.1508547748, -721686.4292951562, -786053.9155069323, -838774.4581072767, -873882.6808850357, -889111.3257671463, -868036.7808345328, -765891.7411099497, -613868.224873767, -316125.4201468771, -43709.614897981446
25, -244856.69013623812, -429172.11166142486, -532782.464855656, -594520.8765327767, -676194.4471358595, -743640.9073580093, -846253.775269798, -930084.4370989039, -1012804.8270157103, -1099454.8892267358, -1121680.7893272438, -1043076.6688253474, -861200.1565519256, -410359.265836761, -20602.62040247051, -139233.60022164497, -337546.7648657419, -452137.6044587056, -527461.420504614, -649925.9131718673, -721791.5031968396, -786243.1568383549, -838814.1159808795, -873962.1444669379, -889099.539519375, -868050.1264262705, -765498.260072255, -613974.2104150348, -315881.9104341705, -43447.872979001986
26, -244838.81278251603, -429157.0098644264, -532743.5250872178, -594461.710032148, -676106.6212006835, -743529.3323279853, -846105.4306958078, -929903.4021684397, -1012585.9839265975, -1099177.7707501058, -1121356.7680365744, -1042699.2657739408, -860812.6520918689, -410082.3263582463, -20578.324255332423, -139332.4046004735, -337670.9494899271, -452316.68153314805, -527704.5978606599, -650235.7390065439, -722152.0513607449, -786648.226206701, -839218.9315914448, -874385.5501132568, -889509.0546152326, -868458.84849271, -765770.8261280669, -614285.9279912818, -315952.8752833133, -43399.12518764911
27, -244848.47575211848, -429167.39281431015, -532743.7003033931, -594455.5372197852, -676093.6581545909, -743512.0436629876, -846082.7712145019, -929876.5716512497, -1012554.4335306087, -1099138.2130846595, -1121309.2645520554, -1042638.6629860013, -860743.4461896697, -410023.17347856506, -20572.127650108992, -139346.77136427318, -337694.85901994555, -452349.44663927983, -527745.0522827359, -650285.0908652404, -722208.3529531831, -786710.3083775188, -839283.8317550484, -874453.3836244098, -889576.7747613546, -868525.2360929755, -765823.7683254675, -614333.6143689308, -315972.06554462656, -43408.42284568797
28, -244851.1977580561, -429172.190079224, -532747.5153819108, -594458.0127514739, -676093.9324729047, -743510.4396291468, -846078.4156918393, -929869.9336090226, -1012545.3891879747, -1099125.9189198578, -1121294.7592500104, -1042622.2122275045, -860727.2116891709, -410012.29653070477, -20571.238197391252, -139347.70005987768, -337694.5288242589, -452348.9565110356, -527744.6827753385, -650284.5213842894, -722207.1202227579, -786708.8609844752, -839282.7079474156, -874451.5785197822, -889574.8881956955, -868523.5924702275, -765822.2467901943, -614332.3981266638, -315971.3773075437, -43410.82114307224
29, -244851.19776602997, -429172.190099626, -532747.5153818426, -594458.0127388324, -676093.9324653407, -743510.4396280872, -846078.4156950695, -929869.9336033107, -1012545.389180362, -1099125.9189198334, -1121294.7592452187, -1042622.2122267622, -860727.2116877679, -410012.2965347066, -20571.238197341125, -139347.70069261524, -337694.52876924403, -452348.95641078614, -527744.6827537535, -650284.5215615106, -722207.1198017943, -786708.8607080524, -839282.7074678745, -874451.578708018, -889574.8880477842, -868523.5927297545, -765822.2470163875, -614332.3982555447, -315971.3772251565, -43410.82059220704
30, -244851.1977611204, -429172.19009233825, -532747.5153810633, -594458.0127433703, -676093.9324691399, -743510.4396327559, -846078.4156935024, -929869.9336049038, -1012545.3891821506, -1099125.9189224837, -1121294.7592445754, -1042622.2122209973, -860727.2116903575, -410012.2965321295, -20571.238197377468, -139347.70129562, -337694.5287394371, -452348.9563388071, -527744.6829081076, -650284.521683523, -722207.1198149708, -786708.8601894912, -839282.7081470744, -874451.5784203891, -889574.8877976006, -868523.5928319485, -765822.247012949, -614332.3979074743, -315971.377078082, -43410.819432604
31, -244851.19777468024, -429172.19011072314, -532747.5153835297, -594458.0127438918, -676093.9324732827, -743510.4396374627, -846078.4156998306, -929869.9336086339, -1012545.3891855859, -1099125.9189277794, -1121294.759255832, -1042622.2122324698, -860727.211700318, -410012.29653596703, -20571.238197370065, -139347.70247937486, -337694.52865315013, -452348.9561497824, -527744.6831460902, -650284.5220771581, -722207.119409753, -786708.8601747552, -839282.708783238, -874451.5779633297, -889574.8873762186, -868523.5930057237, -765822.2469828291, -614332.3977410889, -315971.3773458309, -43410.82136230694
32, -244851.1977682424, -429172.1900971915, -532747.5153855209, -594458.0127443261, -676093.9324663379, -743510.439626314, -846078.4156923755, -929869.933605657, -1012545.389186294, -1099125.9189179998, -1121294.759245743, -1042622.2122281574, -860727.2116902192, -410012.29653440346, -20571.238197014623, -139347.70062783515, -337694.52877858933, -452348.95639802096, -527744.6828787603, -650284.521544152, -722207.119779784, -786708.8605134666, -839282.7077931585, -874451.578310686, -889574.887917014, -868523.5925131283, -765822.2465261578, -614332.3980139483, -315971.37734436215, -43410.82142584547
33, -244851.1977625784, -429172.19008763804, -532747.5153776724, -594458.0127466847, -676093.93247215, -743510.4396309496, -846078.4156917499, -929869.9336013957, -1012545.3891781401, -1099125.9189219624, -1121294.7592545662, -1042622.2122299306, -860727.2116887732, -410012.29653367196, -20571.238197243707, -139347.70139393612, -337694.52873676515, -452348.9562615387, -527744.6829144801, -650284.5217062235, -722207.1198202721, -786708.8605692871, -839282.7080125029, -874451.5784700976, -889574.8875046932, -868523.5926965073, -765822.246627141, -614332.397860919, -315971.37721847545, -43410.8202356925
34, -244851.1977684008, -429172.1900952759, -532747.5153854891, -594458.0127439173, -676093.9324692616, -743510.4396265597, -846078.4156915391, -929869.9336061185, -1012545.3891849783, -1099125.9189201575, -1121294.7592479298, -1042622.2122286186, -860727.2116908601, -410012.29653257487, -20571.238197208873, -139347.70020200993, -337694.5288007229, -452348.95649862627, -527744.6828554758, -650284.5213590058, -722207.1200162299, -786708.8605833785, -839282.7076897705, -874451.5786189791, -889574.8880608975, -868523.5925444507, -765822.2464441885, -614332.3978557537, -315971.37710146414, -43410.82126715841
35, -244851.19776349142, -429172.1900938122, -532747.5153795315, -594458.0127385547, -676093.9324667292, -743510.4396271957, -846078.4156918239, -929869.9336012248, -1012545.3891816091, -1099125.9189209384, -1121294.7592482117, -1042622.2122266756, -860727.2116876552, -410012.29653053416, -20571.238197668623, -139347.7009741519, -337694.52876521886, -452348.95639562985, -527744.6829077593, -650284.5215878738, -722207.1197629523, -786708.8604292532, -839282.7075423733, -874451.5783568702, -889574.887933954, -868523.5925433434, -765822.2469461076, -614332.3979383513, -315971.37717356766, -43410.82073246789
36, -244851.19776944234, -429172.1901009572, -532747.5153800898, -594458.0127399322, -676093.9324645124, -743510.4396308938, -846078.4156951352, -929869.9336046347, -1012545.3891846526, -1099125.9189223142, -1121294.7592489934, -1042622.2122231633, -860727.211689111, -410012.2965320576, -20571.238197637133, -139347.70140274416, -337694.5287186119, -452348.95625537424, -527744.6828654732, -650284.521736288, -722207.1196267266, -786708.8605893621, -839282.7081605482, -874451.5778213375, -889574.8876906978, -868523.5928745331, -765822.2470228898, -614332.3980658264, -315971.37713727384, -43410.82041982198
37, -244851.19775661826, -429172.1900839997, -532747.5153762912, -594458.0127449548, -676093.9324708818, -743510.4396294653, -846078.4156934852, -929869.9336034732, -1012545.389185296, -1099125.9189201067, -1121294.7592487175, -1042622.2122225678, -860727.2116923503, -410012.2965321538, -20571.238197576462, -139347.70061601442, -337694.5287821517, -452348.95636815834, -527744.682801869, -650284.5215652968, -722207.119719251, -786708.860828984, -839282.707625231, -874451.5782180211, -889574.8880080808, -868523.5925176046, -765822.2466687385, -614332.3977586466, -315971.3774324219, -43410.82117441859
38, -244851.1977632095, -429172.1900895602, -532747.5153805357, -594458.0127475655, -676093.9324737181, -743510.4396308988, -846078.4156862984, -929869.9335971022, -1012545.3891804793, -1099125.9189215947, -1121294.75925059, -1042622.212227515, -860727.2116924879, -410012.2965325939, -20571.238197048508, -139347.7017361253, -337694.5286936773, -452348.9562218555, -527744.6830624363, -650284.5217828862, -722207.1195989918, -786708.8600262327, -839282.7077306464, -874451.5778968302, -889574.8880096966, -868523.5930467757, -765822.2466926245, -614332.3981705217, -315971.37716018053, -43410.819860611235
39, -244851.19775420535, -429172.19007982535, -532747.5153754619, -594458.0127485325, -676093.9324754645, -743510.4396326889, -846078.4156938526, -929869.9336004636, -1012545.3891818951, -1099125.9189208942, -1121294.7592548858, -1042622.2122329187, -860727.2116896663, -410012.2965328348, -20571.238197448605, -139347.70151622035, -337694.5287188394, -452348.9563091145, -527744.6829485459, -650284.521718161, -722207.1198156637, -786708.8601602308, -839282.7082321408, -874451.5781072337, -889574.8877762337, -868523.592504791, -765822.2465015735, -614332.39775589, -315971.3771371542, -43410.82050311653
40, -244851.19776547918, -429172.19009498955, -532747.5153756547, -594458.012742865, -676093.9324696377, -743510.4396324499, -846078.4156941097, -929869.9336000793, -1012545.3891821331, -1099125.9189207575, -1121294.7592498523, -1042622.2122265163, -860727.211693374, -410012.2965328906, -20571.23819722401, -139347.70172948096, -337694.5287030631, -452348.9561997492, -527744.683023236, -650284.5217029899, -722207.1195511981, -786708.860397863, -839282.7080222425, -874451.5784260669, -889574.8881908939, -868523.5925927825, -765822.247038026, -614332.3978078805, -315971.37719042366, -43410.82192136606
41, -244851.19776692678, -429172.1900933113, -532747.5153791287, -594458.0127463518, -676093.932470933, -743510.4396330472, -846078.4156980987, -929869.9336060057, -1012545.3891854743, -1099125.9189218713, -1121294.759252567, -1042622.2122269501, -860727.2116928945, -410012.2965346323, -20571.238197774608, -139347.701215178, -337694.5287250702, -452348.95631613216, -527744.6829960824, -650284.5215454162, -722207.1197908465, -786708.860755278, -839282.7083840388, -874451.5779994947, -889574.88804407, -868523.5925916554, -765822.2468818217, -614332.3978813082, -315971.3772046556, -43410.82026417329
42, -244851.197757831, -429172.1900851657, -532747.515379298, -594458.0127479305, -676093.9324738793, -743510.4396298276, -846078.4156913442, -929869.9336022413, -1012545.3891824299, -1099125.918921669, -1121294.7592513105, -1042622.2122317482, -860727.2116909004, -410012.29652914614, -20571.238197381674, -139347.70096255786, -337694.5287854043, -452348.9564197074, -527744.6830190613, -650284.5215150763, -722207.120056115, -786708.8605518128, -839282.7081788904, -874451.5785043717, -889574.8879404308, -868523.5925971873, -765822.2466770967, -614332.3979504246, -315971.3771741302, -43410.82032265354
43, -244851.19776973347, -429172.1901035027, -532747.5153802517, -594458.0127415074, -676093.9324672825, -743510.4396298393, -846078.4156952903, -929869.9336013233, -1012545.3891827684, -1099125.9189188625, -1121294.7592483843, -1042622.212227596, -860727.2116892807, -410012.29653412895, -20571.23819710932, -139347.7020177773, -337694.52869260387, -452348.95617179555, -527744.6831159313, -650284.521794782, -722207.1194741091, -786708.8600262267, -839282.7081787734, -874451.5780111076, -889574.8877544447, -868523.5927621336, -765822.2468345059, -614332.3980191734, -315971.3775658472, -43410.82327088501
44, -244851.19777108333, -429172.19010092015, -532747.5153826571, -594458.0127434763, -676093.9324690315, -743510.4396279785, -846078.415694424, -929869.9336079566, -1012545.3891838356, -1099125.9189245338, -1121294.7592491542, -1042622.2122265815, -860727.2116854682, -410012.2965344526, -20571.23819753657, -139347.70032690256, -337694.528786044, -452348.9564756955, -527744.6827914544, -650284.521495905, -722207.1198915312, -786708.8609968438, -839282.7081427966, -874451.5784608546, -889574.8879410229, -868523.5926440619, -765822.2468492812, -614332.3981272288, -315971.37709679425, -43410.82104327654
45, -244851.1977603282, -429172.190085364, -532747.515379595, -594458.0127486135, -676093.9324715578, -743510.4396287049, -846078.4156905647, -929869.9335994383, -1012545.3891821038, -1099125.9189201465, -1121294.7592521538, -1042622.2122291669, -860727.2116895192, -410012.29653352284, -20571.238197444545, -139347.70082812125, -337694.52874182625, -452348.95637716417, -527744.6828578906, -650284.5215426381, -722207.1196796889, -786708.8608502691, -839282.7075082982, -874451.5785640744, -889574.8879625401, -868523.5927082122, -765822.2466714499, -614332.3980603573, -315971.3769671528, -43410.8209717457
46, -244851.19777104876, -429172.19010193954, -532747.5153796192, -594458.0127435615, -676093.9324702681, -743510.4396322801, -846078.4156936033, -929869.9336004718, -1012545.3891810011, -1099125.918917268, -1121294.7592540935, -1042622.2122304814, -860727.2116883371, -410012.2965330642, -20571.238197386927, -139347.70205332353, -337694.52867371845, -452348.95620599674, -527744.6831263049, -650284.5218232886, -722207.1195012308, -786708.8600892838, -839282.7086408883, -874451.5781709444, -889574.8878426976, -868523.5924754854, -765822.2471068979, -614332.3982344951, -315971.37748117995, -43410.82088772682
47, -244851.24535139676, -429172.37153202697, -532747.8663413997, -594458.4059945684, -676094.3132035984, -743510.7651854262, -846078.6104930579, -929869.9839974425, -1012545.2551547298, -1099125.4878063716, -1121294.0951610259, -1042621.3143682737, -860726.3047019455, -410011.80256037577, -20571.21966556987, -139347.68074214144, -337694.5313615737, -452348.97350677935, -527744.7050281739, -650284.5473315599, -722207.1814451112, -786708.9468780316, -839282.7883624975, -874451.6856366664, -889574.9977874812, -868523.6957016138, -765822.3323984751, -614332.4720461572, -315971.4091760643, -43411.01481298468
