s
0.01020408163265306, 0.09183673469387754, 0.173469387755102, 0.2551020408163265, 0.336734693877551, 0.4183673469387755, 0.5, 0.5816326530612245, 0.6632653061224489, 0.7448979591836734, 0.8265306122448979, 0.9081632653061223, 0.9897959183673469
iteration, j dot B Redl, j dot B vmec
0, -245002.44472456002, -460111.16563347966, -554342.0973195215, -635001.6340501774, -720566.5266049136, -819486.6712553411, -930171.3119357132, -1038218.1330191236, -1112397.0001014003, -1101569.557911003, -935691.4106424485, -544177.9205118329, -20568.71021763323, -138796.1351881071, -377202.71477587684, -474764.82705319626, -589653.049206005, -703396.2568874265, -770726.2903540425, -840363.1510221177, -882722.3747639724, -887495.6592351021, -831231.102694119, -673358.495729467, -399664.6269293993, -43587.286406111074
1, -245002.44472456002, -460111.16563347966, -554342.0973195215, -635001.6340501774, -720566.5266049136, -819486.6712553411, -930171.3119357132, -1038218.1330191236, -1112397.0001014003, -1101569.557911003, -935691.4106424485, -544177.9205118329, -20568.71021763323, -138796.1351881071, -377202.71477587684, -474764.82705319626, -589653.049206005, -703396.2568874265, -770726.2903540425, -840363.1510221177, -882722.3747639724, -887495.6592351021, -831231.102694119, -673358.495729467, -399664.6269293993, -43587.286406111074
2, -245002.4427633066, -460111.1638236613, -554342.0963253407, -635001.6333844464, -720566.5260970538, -819486.6708425831, -930171.3115932981, -1038218.1327233213, -1112396.9998501597, -1101569.5577085218, -935691.4105093484, -544177.9204480868, -20568.710217050317, -138796.25272537273, -377202.7118735468, -474764.8272682349, -589653.0486402306, -703396.2560931544, -770726.2898291332, -840363.1506783753, -882722.373739412, -887495.6589634283, -831231.1027902637, -673358.4955772868, -399664.62705190387, -43587.285999747466
3, -245002.4450582252, -460111.1664063947, -554342.0983185752, -635001.6352478564, -720566.5279626846, -819486.6728726099, -930171.3134429086, -1038218.1354859967, -1112396.995106048, -1101569.5472782245, -935691.4043439607, -544177.9181031603, -20568.71022037258, -138796.13316122393, -377202.71466576215, -474764.82653571875, -589653.0494658159, -703396.2545566843, -770726.2935427135, -840363.147120959, -882722.368069913, -887497.4048731547, -831231.2296391012, -673358.4471363914, -399664.6443265992, -43587.226878334135
4, -245002.44480508275, -460111.165595941, -554342.097278587, -635001.6340591186, -720566.526698716, -819486.6714918128, -930171.3123824889, -1038218.1337492478, -1112397.0012049454, -1101569.559429042, -935691.412492849, -544177.9221758976, -20568.710353375103, -138796.1345965927, -377202.71463140036, -474764.8269431286, -589653.0490259102, -703396.256799766, -770726.2907026233, -840363.1513608343, -882722.3749265879, -887495.65909583, -831231.1028443172, -673358.4955239677, -399664.6270532629, -43587.28720739734
5, -245002.44571812378, -460111.1650873523, -554342.0960963867, -635001.6324125757, -720566.524708879, -819486.6692419803, -930171.3099951171, -1038218.131411049, -1112396.999237843, -1101569.5583585128, -935691.4129106936, -544177.9241040881, -20568.71067235651, -138796.13351163978, -377202.71493180055, -474764.82732025057, -589653.049544621, -703396.2573558586, -770726.2910414858, -840363.1519616722, -882722.3758415387, -887495.6603168236, -831231.1033735048, -673358.4963303535, -399664.6272180013, -43587.28827055827
6, -245002.4437334211, -460111.1618121698, -554342.0927678677, -635001.6290405998, -720566.5211875646, -819486.6654809134, -930171.3058983253, -1038218.1269212157, -1112396.9942890476, -1101569.5528688347, -935691.406939619, -544177.9186141795, -20568.710153288142, -138796.13373335844, -377202.71402090444, -474764.82610467396, -589653.0479796114, -703396.2550025963, -770726.288911296, -840363.1491339769, -882722.3729134965, -887495.6574967768, -831231.1012986049, -673358.494102281, -399664.6261524725, -43587.286743945755
7, -245002.44476420342, -460111.165518057, -554342.0972021762, -635001.6339759625, -720566.5266015768, -819486.6713744246, -930171.3122460945, -1038218.1335911575, -1112397.001022286, -1101569.5592365847, -935691.4123154647, -544177.9220806095, -20568.71035146464, -138796.13326577382, -377202.71454344835, -474764.8267549805, -589653.04874557, -703396.256237762, -770726.2898965274, -840363.1507752143, -882722.3742434978, -887495.6588069618, -831231.1026312327, -673358.4957847764, -399664.6270697617, -43587.287288543994
8, -245002.44411645297, -460111.1659748552, -554342.0980398258, -635001.6349673023, -720566.5275742462, -819486.6721333691, -930171.3125364401, -1038218.1330805048, -1112396.9993095698, -1101569.555943669, -935691.4074188534, -544177.9169485428, -20568.709877317015, -138796.1342268264, -377202.7143640883, -474764.826519199, -589653.0484041747, -703396.2558923011, -770726.2893809618, -840363.150303914, -882722.3736595662, -887495.6577550408, -831231.1015116826, -673358.4945074008, -399664.6264758223, -43587.28684487797
9, -245002.47225216764, -460111.2050120824, -554342.1361525583, -635001.6690998853, -720566.5562564585, -819486.6942968186, -930171.3269921929, -1038218.1384891693, -1112396.9948532819, -1101569.5427340257, -935691.3906419505, -544177.9067712063, -20568.71006759558, -138796.13353774525, -377202.71694948524, -474764.83025764744, -589653.053678578, -703396.2627067671, -770726.2974941409, -840363.1590380914, -882722.3834804933, -887495.6675367838, -831231.111218809, -673358.5021525609, -399664.6308704999, -43587.28751087955
10, -282177.33515753143, -521964.77097814286, -632756.960284952, -729032.473946654, -831780.627570756, -950652.9405194939, -1084315.1527519678, -1217152.6427628766, -1314470.7473210038, -1318295.1615644123, -1145483.2624663152, -698551.6871529961, -31169.814837206963, -270517.0335339159, -514611.19245681074, -627427.2682002748, -732390.7487706839, -842355.3741592027, -955498.9246940978, -1083233.5102545458, -1204633.3249091092, -1291186.527738189, -1289781.1301281482, -1119637.3833225204, -690769.0663434365, -36066.99096056196
11, -249309.29021665914, -466021.0964290439, -564619.8661835577, -650399.7825191647, -741995.1619476955, -847873.3174040483, -966454.3914462244, -1083207.827587594, -1166240.2658757092, -1162928.4722371628, -999480.2399196435, -595341.5924246301, -24385.960965641236, -226943.21111341537, -457556.31574080116, -551201.9781683155, -650848.8472089157, -747167.7475268234, -846860.1065569605, -957633.974950741, -1060881.2376848424, -1130685.8052278329, -1116639.0359207133, -956517.2531627319, -568258.2526842296, -32224.583732230574
12, -242304.23339015077, -454697.2671238093, -548522.4350156155, -629165.6239268634, -714747.9028014466, -813537.6711877916, -923810.4423302806, -1031167.2919500065, -1104503.989464085, -1093090.491912775, -927651.2955131656, -538787.5388881776, -20283.53120998836, -163362.19978015282, -403966.542372826, -490274.16528690583, -604998.8699958071, -709686.3904287651, -785500.9679013431, -865878.0442823744, -924670.2688134747, -947254.9530777421, -901057.0785659712, -743289.8350389618, -433932.9059758327, -40674.62546747786
13, -244551.65455952426, -458138.9676931084, -551664.9034090785, -631711.781008339, -716603.6461274675, -814699.5669607865, -924348.7533597191, -1031153.8047860155, -1104023.1431424709, -1092194.7357724037, -926403.5472994115, -537500.54976668, -20173.503334429075, -144484.27823667094, -383764.90080005705, -478461.5319521212, -593647.4690166783, -705278.202982342, -774287.9678311292, -846013.540645734, -891619.2655161417, -899897.0976198175, -845484.8682735015, -687528.7707988245, -406167.73311436456, -42868.2689435093
14, -244861.640834875, -459220.7394201444, -552989.9522255894, -633221.8904871199, -718326.8781926647, -816707.2515614076, -926747.5980258536, -1034054.0327318268, -1107488.3493713115, -1096135.5857616386, -930393.7338043607, -540465.4214972018, -20360.9628494923, -139746.22862803523, -378331.26934205834, -475354.9303217236, -590265.844322068, -703568.0765459819, -771110.0000101746, -841002.0870811483, -883807.12762319, -889071.2066792186, -833040.923517667, -675172.6414916624, -400324.1354438915, -43397.16727629334
15, -244931.561975694, -459785.0226295463, -553844.5379123243, -634341.8724652939, -719730.9086097804, -818444.7748351108, -928884.5053736033, -1036652.8478481099, -1110555.8188634277, -1099541.4006921558, -933732.8863128262, -542828.2728056841, -20497.032244896072, -138932.4319873983, -377319.130102256, -474752.21797476657, -589611.3927292489, -703233.5045380599, -770575.3440251196, -840226.8076725102, -882641.0650347917, -887485.9647050336, -831263.5624165577, -673430.8955364074, -399614.3876052215, -43529.82342979136
16, -244969.1197907981, -459998.04742140253, -554176.6763456911, -634786.6391013575, -720297.5092399614, -819154.1761110931, -929763.763333221, -1037726.2394404866, -1111823.441150326, -1100944.2573771086, -935095.4632645352, -543774.8959752744, -20548.195048243546, -138809.88455930023, -377180.81165532256, -474701.4380861088, -589568.3762722008, -703269.3804193763, -770592.744858265, -840222.8848370431, -882587.4670054235, -887374.4627163338, -831124.9397486101, -673280.9070576612, -399596.1033034613, -43567.7366598863
17, -244990.08372437122, -460074.9783162932, -554291.0034215401, -634936.5278690652, -720486.1806894888, -819388.4132593519, -930051.9518164285, -1038075.3211317504, -1112231.9826122825, -1101391.434426546, -935523.5928925077, -544066.0969225625, -20563.183681192735, -138794.78830450703, -377185.641262494, -474734.7064224506, -589614.1849723344, -703343.658065024, -770669.9304269027, -840302.9361226573, -882661.9989830261, -887438.3263762398, -831179.0455371724, -673318.163752549, -399635.11979514064, -43581.03670616261
18, -244998.88392029144, -460101.23378406314, -554328.2431391687, -634984.1060443356, -720545.0055017289, -819460.4558200266, -930139.5727678888, -1038180.2802754812, -1112353.4063781737, -1101522.6687278843, -935647.4102515889, -544148.7444216649, -20567.281782453832, -138795.3800747586, -377197.2737498949, -474755.85109618254, -589641.5382400748, -703380.9821557346, -770709.8733451575, -840345.5316518409, -882704.5723210284, -887478.5662515914, -831215.4816290537, -673346.2811774167, -399655.99197013426, -43585.608058963044
19, -245001.5196934975, -460108.62109582894, -554338.5607805653, -634997.1687059111, -720561.0492498607, -819480.004520431, -930163.2468985787, -1038208.5219437818, -1112385.9400748007, -1101557.6711762408, -935680.2654259133, -544170.5372351347, -20568.34943941144, -138795.9868929378, -377201.2863738388, -474762.5032964444, -589650.0760700459, -703392.3258007106, -770722.0586704473, -840358.6074520976, -882717.7694318391, -887491.2239960494, -831227.0385146405, -673355.3092885616, -399662.3892147706, -43586.8655106832
20, -245002.21161215607, -460110.5260964182, -554341.2089581247, -635000.512776211, -720565.151569637, -819484.99797667, -930169.2880387848, -1038215.7215474129, -1112394.2255514162, -1101566.5764895182, -935688.6157239825, -544176.069348923, -20568.619792083402, -138796.09724662005, -377202.35337797215, -474764.2409564421, -589652.299399348, -703395.2666512693, -770725.2244595478, -840362.0059586371, -882721.213754698, -887494.5400840415, -831230.0769922738, -673357.6910998052, -399664.0627693675, -43587.18224350456
21, -245002.20966246963, -460110.5243016323, -554341.2079653556, -635000.5121009318, -720565.15106374, -819484.9975630261, -930169.2876895578, -1038215.7212467318, -1112394.2252969386, -1101566.5762916044, -935688.615594488, -544176.0692956469, -20568.61979134116, -138796.2170770746, -377202.3507012405, -474764.24144768185, -589652.2995403642, -703395.2667374845, -770725.224440645, -840362.0062791368, -882721.2132103003, -887494.5402730362, -831230.0771091937, -673357.6909712295, -399664.0624836134, -43587.18005870746
22, -245002.21194793287, -460110.5268767155, -554341.2099554539, -635000.5139657474, -720565.1529239969, -819484.999598173, -930169.2895508409, -1038215.7240198947, -1112394.2205570748, -1101566.5658620668, -935688.6094253657, -544176.0669403436, -20568.619795044597, -138796.0963222561, -377202.35336300795, -474764.24055465625, -589652.2998926323, -703395.2645602596, -770725.2278956532, -840362.0025768959, -882721.2070275286, -887496.2860936166, -831230.2036882313, -673357.6422595752, -399664.0804319216, -43587.1219364819
23, -245002.211706503, -460110.526075894, -554341.2089221063, -635000.5127796594, -720565.151660311, -819484.9982148971, -930169.2884874139, -1038215.7222783652, -1112394.226648892, -1101566.5780056634, -935688.6175728942, -544176.071020415, -20568.619927784115, -138796.09599189987, -377202.3532690195, -474764.2406819166, -589652.2993051006, -703395.2661960619, -770725.2241761142, -840362.0059016936, -882721.213582812, -887494.5400546404, -831230.076899742, -673357.690947286, -399664.06249920116, -43587.18091832482
24, -245002.21262727602, -460110.52556911454, -554341.2077388116, -635000.5111342629, -720565.1496725612, -819484.9959695553, -930169.2860954108, -1038215.7199341875, -1112394.224686074, -1101566.5769366052, -935688.6179974386, -544176.07294379, -20568.620246767547, -138796.09793566418, -377202.35378942575, -474764.24160835, -589652.3004057162, -703395.2676760866, -770725.2258441801, -840362.0076081448, -882721.2152007436, -887494.5415968823, -831230.0780944463, -673357.6920740247, -399664.06327512, -43587.180380566504
25, -245002.21062586806, -460110.5222907427, -554341.2044139955, -635000.5077596635, -720565.1461526696, -819484.9922012691, -930169.2820140795, -1038215.7154597032, -1112394.2197400143, -1101566.5714456511, -935688.6120103336, -544176.0674550165, -20568.619727279467, -138796.09467665222, -377202.3525364507, -474764.23982897244, -589652.2979694047, -703395.264755145, -770725.2223494841, -840362.0045684206, -882721.2115061672, -887494.5382920157, -831230.075426656, -673357.6900623392, -399664.06197137234, -43587.1825152039
26, -245002.21166970904, -460110.5260045322, -554341.2088427932, -635000.5126926143, -720565.1515653182, -819484.9980995464, -930169.2883510306, -1038215.7221164955, -1112394.226464845, -1101566.577810037, -935688.6173990903, -544176.0709216483, -20568.61992600527, -138796.09711669793, -377202.35333945294, -474764.24093455664, -589652.2996043694, -703395.2665763164, -770725.2244344514, -840362.0059980731, -882721.2137490683, -887494.5403053107, -831230.0775416667, -673357.6909469117, -399664.06290677004, -43587.18098679713
27, -245002.21099433076, -460110.52643370867, -554341.2096822779, -635000.5136914941, -720565.1525394069, -819484.9988578049, -930169.2886446032, -1038215.7216140812, -1112394.2247572474, -1101566.5745227293, -935688.612500679, -544176.0657888879, -20568.61945216813, -138796.09492165202, -377202.3528632733, -474764.2401506896, -589652.2984666277, -703395.265249544, -770725.2229510748, -840362.0047385382, -882721.2124390318, -887494.539029855, -831230.0753521387, -673357.6898852506, -399664.06249901414, -43587.18043756892
28, -245002.23914939116, -460110.56548561645, -554341.2477967101, -635000.5478208698, -720565.1812195064, -819485.0210166946, -930169.3030980958, -1038215.7270233594, -1112394.2202999415, -1101566.5613226616, -935688.5957217924, -544176.0556157393, -20568.619641875765, -138796.09617647878, -377202.35566023027, -474764.24425539316, -589652.3040686828, -703395.2725636931, -770725.2313680092, -840362.0142288796, -882721.2222238032, -887494.5487786992, -831230.0849859499, -673357.697746968, -399664.0668226866, -43587.18106250242
