s
0.01020408163265306, 0.07142857142857142, 0.1530612244897959, 0.21428571428571425, 0.2959183673469387, 0.3571428571428571, 0.43877551020408156, 0.5, 0.5612244897959183, 0.6428571428571428, 0.7040816326530611, 0.7857142857142856, 0.846938775510204, 0.9285714285714285, 0.9897959183673469
iteration, j dot B Redl, j dot B vmec
0, -245079.76165257403, -429612.7529006902, -533203.0468125464, -594895.2270043353, -676503.4438013893, -743902.5387662818, -846454.5708553371, -930238.7768023082, -1012908.6820286908, -1099478.9484037133, -1121631.0959070988, -1042909.9358726658, -860945.0052005458, -410083.3060258903, -20568.6521362734, -139515.6486421398, -338076.78389913216, -452911.68822456733, -528404.3044768472, -651105.2555070771, -723114.0627882282, -787708.5710220262, -840348.8077885546, -875563.7313413515, -890705.0447565531, -869623.8183679256, -766805.9406922136, -615125.1524456749, -316372.49203267344, -43449.11915406404
1, -245079.76165257403, -429612.7529006902, -533203.0468125464, -594895.2270043353, -676503.4438013893, -743902.5387662818, -846454.5708553371, -930238.7768023082, -1012908.6820286908, -1099478.9484037133, -1121631.0959070988, -1042909.9358726658, -860945.0052005458, -410083.3060258903, -20568.6521362734, -139515.6486421398, -338076.78389913216, -452911.68822456733, -528404.3044768472, -651105.2555070771, -723114.0627882282, -787708.5710220262, -840348.8077885546, -875563.7313413515, -890705.0447565531, -869623.8183679256, -766805.9406922136, -615125.1524456749, -316372.49203267344, -43449.11915406404
2, -245079.76163389446, -429612.75288395915, -533203.0468057939, -594895.2269966301, -676503.4437930501, -743902.5387593263, -846454.5708538863, -930238.7768064482, -1012908.6820297744, -1099478.9484011247, -1121631.0959057186, -1042909.9358664316, -860945.005197931, -410083.306029904, -20568.652135981036, -139515.64873930474, -338076.7840122622, -452911.68834128405, -528404.3043310685, -651105.2553125753, -723114.0630302678, -787708.5713577846, -840348.8073490964, -875563.7314979443, -890705.0449968086, -869623.8182725764, -766805.9405622472, -615125.1527335391, -316372.49184396525, -43449.11814382608
3, -245079.76164937607, -429612.7528975138, -533203.0468210337, -594895.227021487, -676503.4438185054, -743902.5387799542, -846454.5708703245, -930238.7768258784, -1012908.6819941689, -1099478.9482966692, -1121631.0958176185, -1042909.9358025708, -860945.0051514199, -410083.3060135231, -20568.652136362893, -139515.64784663974, -338076.7839624685, -452911.688257919, -528404.3044039273, -651105.2553411961, -723114.06290739, -787708.5705492116, -840348.8073379913, -875563.7483920454, -890705.0450750644, -869623.8178826078, -766805.9406324963, -615125.1531679058, -316372.4917433006, -43449.1176955311
4, -245079.76348610054, -429612.75574059016, -533203.0502798479, -594895.2308355367, -676503.4481034583, -743902.5434564063, -846454.5761438592, -930238.7825969956, -1012908.6883546961, -1099478.9553885872, -1121631.1032147466, -1042909.943082186, -860945.0116377936, -410083.3097307476, -20568.652399475915, -139515.64947489044, -338076.78478841344, -452911.68940611824, -528404.3060137978, -651105.2574979526, -723114.064834118, -787708.5734506883, -840348.8100838071, -875563.7343877399, -890705.0475564965, -869623.8213902726, -766805.9433514023, -615125.1548524447, -316372.49285516137, -43449.11846184198
5, -245079.7561055965, -429612.7422270031, -533203.0336133665, -594895.2123041829, -676503.42709763, -743902.520393023, -846454.5499581064, -930238.7538793541, -1012908.6571634739, -1099478.9216977293, -1121631.069024082, -1042909.9116187452, -860944.985950549, -410083.2977979609, -20568.651833489148, -139515.64050892543, -338076.7652043796, -452911.6630902312, -528404.2750301159, -651105.2194497209, -723114.0225912399, -787708.5275828709, -840348.7609950047, -875563.6831270063, -890704.9958770733, -869623.7705614457, -766805.8979929766, -615125.118487281, -316372.47457217524, -43449.11611680455
6, -245079.76203553582, -429612.753390986, -533203.0474805101, -594895.2278007476, -676503.4447785899, -743902.5398940386, -846454.5722209212, -930238.7783697115, -1012908.6838206963, -1099478.9505014904, -1121631.098204482, -1042909.9382972857, -860945.0074972316, -410083.30747908924, -20568.652252974534, -139515.64780934877, -338076.78297709534, -452911.6870028254, -528404.3028963126, -651105.2536826988, -723114.0610106629, -787708.5691976137, -840348.80535112, -875563.7292379326, -890705.0429656425, -869623.8168235744, -766805.9386832656, -615125.1515019642, -316372.4910816039, -43449.1168033
7, -245079.7616436984, -429612.7528689142, -533203.046771318, -594895.22695554, -676503.4437457861, -743902.5387072023, -846454.570794009, -930238.7767411841, -1012908.6819691277, -1099478.948342336, -1121631.0958509957, -1042909.9358262754, -860945.0051670962, -410083.3060116455, -20568.65213551298, -139515.64814096378, -338076.783946556, -452911.6882413701, -528404.3042819409, -651105.255428375, -723114.0629310407, -787708.5712896172, -840348.8071380084, -875563.731502813, -890705.0453924341, -869623.8187788859, -766805.9402868111, -615125.1529581391, -316372.4916905011, -43449.11807126831
8, -245079.76165636553, -429612.7528848583, -533203.0467908256, -594895.2269843604, -676503.4437912615, -743902.5387641701, -846454.5708723593, -930238.7768354989, -1012908.6820778814, -1099478.9484814913, -1121631.0960005585, -1042909.9359857668, -860945.0053188874, -410083.30611236946, -20568.65214386599, -139515.64863084225, -338076.7839011197, -452911.6881748186, -528404.304456137, -651105.2552417683, -723114.0627080757, -787708.5710960603, -840348.8077314568, -875563.7311675873, -890705.0446565305, -869623.8187668925, -766805.9403803538, -615125.1528278218, -316372.4916536719, -43449.11775010686
9, -245079.76292043534, -429612.75476409734, -533203.0490763241, -594895.2295003433, -676503.4466088318, -743902.5418307867, -846454.5743258771, -930238.7806146618, -1012908.6862056529, -1099478.9530367444, -1121631.1007924182, -1042909.940767396, -860945.0096369891, -410083.3086718615, -20568.652334800685, -139515.64878692495, -338076.78434592095, -452911.6887885486, -528404.3051268287, -651105.2564615821, -723114.063593095, -787708.572220633, -840348.8085612934, -875563.7322667649, -890705.0462991908, -869623.819630984, -766805.9412414704, -615125.1536195866, -316372.4922155058, -43449.11856021321
10, -245079.75606315027, -429612.7415122661, -533203.0324468521, -594895.2108558578, -676503.4253096126, -743902.5183503681, -846454.5475500228, -930238.751181667, -1012908.6541975549, -1099478.9184849218, -1121631.0658080368, -1042909.9088184295, -860944.9839106956, -410083.29727501003, -20568.651871790687, -139515.64265102264, -338076.76688059664, -452911.6651771233, -528404.2779824372, -651105.2229276838, -723114.0260000215, -787708.5311873695, -840348.764922514, -875563.6868250681, -890704.999662946, -869623.7744542403, -766805.9018720505, -615125.1211958693, -316372.47570128564, -43449.11555883188
11, -245079.7619392022, -429612.753221296, -533203.0473947191, -594895.2278045787, -676503.4449121418, -743902.5401337366, -846454.5726366211, -930238.778941452, -1012908.684571956, -1099478.951544211, -1121631.0994813878, -1042909.9398386995, -860945.009093245, -410083.30860135116, -20568.652345117192, -139515.64772467106, -338076.7829951379, -452911.68709088746, -528404.3029820548, -651105.2536699102, -723114.0609217455, -787708.5695297754, -840348.8050171231, -875563.7293461971, -890705.0430405651, -869623.816065049, -766805.9387743695, -615125.1512088808, -316372.49127039756, -43449.119203999406
12, -245079.76193710347, -429612.753295413, -533203.0472113468, -594895.2273734391, -676503.444123903, -743902.5390435793, -846454.5710682771, -930238.7769551855, -1012908.6821080848, -1099478.948376914, -1121631.0958031563, -1042909.9356838762, -860945.0050011321, -410083.30592653464, -20568.652134702446, -139515.64815959078, -338076.78395522205, -452911.6882751732, -528404.3044447823, -651105.255521232, -723114.0630770645, -787708.5712367635, -840348.8072981888, -875563.7316154651, -890705.0452222684, -869623.8186390647, -766805.9407742518, -615125.152942871, -316372.4921052732, -43449.118913140635
13, -245079.76166786614, -429612.7529212374, -533203.0468287998, -594895.2270156236, -676503.4438125747, -743902.5387736432, -846454.5708636354, -930238.776815756, -1012908.682052379, -1099478.9484500375, -1121631.0959648548, -1042909.9359586721, -860945.0052976737, -410083.3060965125, -20568.652141529332, -139515.64889070488, -338076.7838877878, -452911.68817989767, -528404.3045205701, -651105.255747147, -723114.0625980975, -787708.570989841, -840348.8074824314, -875563.7308622095, -890705.044509459, -869623.8184737415, -766805.9404967258, -615125.1531976403, -316372.4918373803, -43449.11856605125
14, -245079.76164901193, -429612.75302307087, -533203.047055891, -594895.2273282792, -676503.4442454064, -743902.5393067562, -846454.5715299966, -930238.777576781, -1012908.6828994146, -1099478.9493718238, -1121631.096908095, -1042909.9368012396, -860945.0059745243, -410083.30640358874, -20568.65215737034, -139515.65200627886, -338076.79104214866, -452911.697624714, -528404.3156346354, -651105.2692065481, -723114.0774992473, -787708.5871072349, -840348.8250134701, -875563.7490328357, -890705.0628795607, -869623.8359444637, -766805.9558557733, -615125.16498235, -316372.4983762123, -43449.119418169605
15, -276914.12825235585, -476097.0471760862, -593726.1979815026, -665432.0057031723, -761253.2759096205, -840667.56959832, -961936.7356480714, -1061850.9179853168, -1161685.5735807326, -1270649.831154083, -1307104.457768893, -1236854.7980834425, -1043968.1787258454, -528656.2131475445, -30805.8457633826, -227670.8499680469, -471552.12854351575, -600123.2379962846, -664790.5364670946, -785269.5434389845, -868041.3360891704, -946300.8770829608, -1041661.9369552077, -1161769.6180946978, -1289482.234983255, -1252321.8964857596, -1249380.1064703802, -1036586.7994722867, -516889.07234970934, -55426.26043779164
16, -240158.39874174795, -420563.324698634, -524727.7842532375, -588381.5277281887, -673789.8185706498, -744579.2334200206, -851851.5291024975, -939817.5693569552, -1027176.3491648157, -1120283.53451309, -1147802.4138955497, -1075845.7556962683, -896681.0424415614, -438139.74021190044, -23342.935989433678, -206519.08385509526, -420853.55129696405, -531749.2431644734, -594439.4902044088, -673018.5584609903, -766964.228199759, -876457.1888901957, -904784.0220539578, -1006778.3207791377, -1104566.0545601195, -1072470.969990746, -1042514.0983210762, -833777.0656004207, -434032.09378916747, -83334.4937467784
17, -244872.0228786129, -428284.1975443366, -532001.8190460894, -594058.5677388733, -676286.8796073382, -744106.3315394665, -846991.7845642872, -930831.4790767462, -1013353.5378235487, -1099345.7274005017, -1120801.064351797, -1040936.6574547472, -858236.9397222407, -407620.10171840707, -20324.590132945184, -154782.5169983058, -363363.9111896762, -472626.58129778, -545599.6864790139, -650462.904868815, -730052.4632444985, -801314.3507368151, -863284.125345207, -905658.9150540627, -934499.7837105776, -912143.3461204028, -813774.1351286916, -652930.1119775501, -339135.32881254604, -64586.11176101389
18, -245229.24582168506, -428774.1003549746, -532013.0380073558, -593430.1756351085, -674530.258308408, -741383.7838788771, -842919.6861354792, -925678.1540550038, -1007083.6407951433, -1091622.2283460123, -1112120.149178846, -1031537.9662386833, -849244.4692404442, -401905.760815463, -19885.346574615276, -141308.8922615033, -342268.2083764299, -455715.80232771265, -531329.9506174274, -651734.6571454583, -724381.1113610232, -789934.186463135, -843865.5460104506, -879586.4250801986, -896797.6890233917, -875858.4256016226, -773493.295093123, -620839.7524291016, -318076.67012559786, -47070.3423053865
19, -244589.5204183063, -428436.04473964934, -531706.336850066, -593170.9764970031, -674408.7693453599, -741445.7857401256, -843369.8360574276, -926558.3280996822, -1008531.3731177037, -1094066.637772841, -1115465.5023938818, -1036099.3391513375, -854354.9995669797, -405892.69162718963, -20252.389982180954, -139670.1471131313, -338549.0343162677, -453029.5541366647, -528574.5199239634, -650936.6558731408, -722924.2052962402, -787583.0864022772, -840366.0364914711, -875521.6080137993, -890969.0509004799, -869864.4008563452, -767146.309919255, -615456.0965811199, -316254.5689465216, -43736.05965005162
20, -244878.4347396522, -429193.7606924907, -532660.8923744421, -594262.0265075269, -675726.4731169922, -742990.3668380172, -845316.1836023387, -928892.6253491398, -1011326.423792767, -1097561.0473571366, -1119485.0775178047, -1040606.6881316439, -858776.1160091548, -408773.775990034, -20477.10467111854, -139499.48882367832, -338081.6745256264, -452816.57223181333, -528304.9367399277, -650915.063343048, -722900.2564270161, -787489.1659872385, -840142.2209180436, -875330.442315971, -890521.6716624388, -869433.3607397462, -766658.9501807662, -615012.7921478496, -316260.35519408755, -43475.81515200788
21, -245023.2091901747, -429502.85970073286, -533060.3874810921, -594728.2296974974, -676298.3078093093, -743662.0355339205, -846155.8391496553, -929887.5142396499, -1012498.9050331246, -1098988.8144120798, -1121089.6698166467, -1042341.7739021585, -860422.4347765371, -409783.5436454676, -20549.550083375405, -139499.665744257, -338050.82383119356, -452857.13054335373, -528342.7915091623, -651016.5335068456, -723015.5018722148, -787603.661591682, -840241.6490321578, -875448.7625628192, -890598.2406681116, -869516.6012347433, -766715.3770426321, -615053.3545314402, -316325.141136105, -43450.23790904145
22, -245066.91504696733, -429588.6180122888, -533171.7336751395, -594858.6388278375, -676458.5717930136, -743850.0242319341, -846389.6553887815, -930162.8093240627, -1012820.6104711272, -1099374.7606690926, -1121517.2198187257, -1042792.6930501398, -860839.4381694495, -410025.7046519444, -20565.341218551464, -139510.5775609123, -338068.0350823048, -452896.2257526711, -528386.5232179732, -651080.9238079257, -723087.3083511887, -787679.8838511498, -840318.7932149986, -875532.1640157446, -890674.8258368396, -869593.5769029063, -766780.048621907, -615104.5923931308, -316359.9576031989, -43448.827829166185
23, -245077.1981212573, -429607.8381437659, -533196.6324081534, -594887.7116893984, -676494.2075407727, -743891.7252560083, -846441.2138906257, -930223.1754821298, -1012890.637023138, -1099457.6790126252, -1121607.9334656233, -1042886.2481913946, -860923.8313794837, -410071.9563746836, -20568.029168245917, -139514.48553282174, -338074.82605746627, -452908.3347283429, -528400.4246334725, -651099.9990240469, -723108.3066372764, -787702.395995233, -840342.3074609449, -875556.9265467196, -890698.4935111813, -869617.271954886, -766800.3258504767, -615120.6930885172, -316369.8117352775, -43449.04248935058
24, -245079.19472307665, -429611.66282721114, -533201.6170142888, -594893.5497272222, -676501.3823994251, -743900.125866055, -846451.5907783547, -930235.296363986, -1012904.6573769678, -1099474.2068486074, -1121625.9343489048, -1042904.6600922825, -860940.2916983995, -410080.7839272172, -20568.514355258714, -139515.44680128235, -338076.33910000994, -452910.9283042854, -528403.4458729401, -651104.0938511717, -723112.7587184875, -787707.170888462, -840347.3718273545, -875562.1934716327, -890703.5676746428, -869622.3607721217, -766804.6878516888, -615124.1525284031, -316371.89257746167, -43449.10228068159
25, -245079.62596568593, -429612.4917267155, -533202.7040275418, -594894.8248720726, -676502.9496228007, -743901.960342629, -846453.856442538, -930237.9423938573, -1012907.7171013397, -1099477.8115218037, -1121629.858199683, -1042908.670509956, -860943.8744058684, -410082.70074279775, -20568.619042526734, -139515.60190186475, -338076.6770360719, -452911.50576094957, -528404.0989403992, -651104.9774503239, -723113.7495044698, -787708.2349604936, -840348.463836972, -875563.3621892252, -890704.6901636708, -869623.4694864507, -766805.6403277741, -615124.9132425617, -316372.34792646463, -43449.1138591435
