periods   2 
begin filament 
mirror NIL 
  1.352180638371712E+00   6.015271797225762E-01  -2.526041610997394E-01   1.000000000000000E+05
  1.352228629844338E+00   6.013961100028267E-01  -2.528301341234125E-01   1.000000000000000E+05
  1.352349774405016E+00   6.010289338714379E-01  -2.534671675129606E-01   1.000000000000000E+05
  1.352577766712070E+00   6.002555198305964E-01  -2.548167095455851E-01   1.000000000000000E+05
  1.352927542321672E+00   5.989101880949508E-01  -2.571757949936561E-01   1.000000000000000E+05
  1.353392654197578E+00   5.968354881562630E-01  -2.608287027782414E-01   1.000000000000000E+05
  1.353943098066574E+00   5.938855859239365E-01  -2.660384860562897E-01   1.000000000000000E+05
  1.354523733946315E+00   5.899291999904908E-01  -2.730386326907679E-01   1.000000000000000E+05
  1.355053437827056E+00   5.848520483682083E-01  -2.820251260110891E-01   1.000000000000000E+05
  1.355425096815366E+00   5.785587885109216E-01  -2.931491780552654E-01   1.000000000000000E+05
  1.355506533669504E+00   5.709744535896685E-01  -3.065108995278678E-01   1.000000000000000E+05
  1.355142413533140E+00   5.620454059562149E-01  -3.221541523531590E-01   1.000000000000000E+05
  1.354157148067441E+00   5.517398437737957E-01  -3.400628022255622E-01   1.000000000000000E+05
  1.352358771601886E+00   5.400479083666967E-01  -3.601585506664792E-01   1.000000000000000E+05
  1.349543722069114E+00   5.269814475857930E-01  -3.823004799076702E-01   1.000000000000000E+05
  1.345502418170141E+00   5.125734942638461E-01  -4.062863909347186E-01   1.000000000000000E+05
  1.340025485279995E+00   4.968775187137268E-01  -4.318559570616993E-01   1.000000000000000E+05
  1.332910447849209E+00   4.799665104810276E-01  -4.586956545482673E-01   1.000000000000000E+05
  1.323968677154178E+00   4.619319376624492E-01  -4.864453702669185E-01   1.000000000000000E+05
  1.313032361663453E+00   4.428826226644013E-01  -5.147065266213485E-01   1.000000000000000E+05
  1.299961254206607E+00   4.229435620479730E-01  -5.430515081383650E-01   1.000000000000000E+05
  1.284648946412862E+00   4.022547059154568E-01  -5.710341246330503E-01   1.000000000000000E+05
  1.267028427005117E+00   3.809697000072656E-01  -5.982008046095535E-01   1.000000000000000E+05
  1.247076696561614E+00   3.592545821560136E-01  -6.241021813538055E-01   1.000000000000000E+05
  1.224818236943797E+00   3.372864147932525E-01  -6.483047143855410E-01   1.000000000000000E+05
  1.200327167975117E+00   3.152518275343166E-01  -6.704019815295301E-01   1.000000000000000E+05
  1.173727965994475E+00   2.933454390545019E-01  -6.900252823369247E-01   1.000000000000000E+05
  1.145194667107586E+00   2.717681259268460E-01  -7.068532119406494E-01   1.000000000000000E+05
  1.114948530539336E+00   2.507251080414701E-01  -7.206198951669448E-01   1.000000000000000E+05
  1.083254192452410E+00   2.304238256905596E-01  -7.311216128654299E-01   1.000000000000000E+05
  1.050414395807080E+00   2.110715921982191E-01  -7.382216045268677E-01   1.000000000000000E+05
  1.016763435109703E+00   1.928730177189028E-01  -7.418528914961093E-01   1.000000000000000E+05
  9.826595040898032E-01   1.760272139585969E-01  -7.420190312922795E-01   1.000000000000000E+05
  9.484761774454168E-01   1.607248053706289E-01  -7.387927833073088E-01   1.000000000000000E+05
  9.145932930078243E-01   1.471447890027710E-01  -7.323127369029863E-01   1.000000000000000E+05
  8.813875264973687E-01   1.354513017034344E-01  -7.227780220493909E-01   1.000000000000000E+05
  8.492229663284252E-01   1.257903688760670E-01  -7.104412875788573E-01   1.000000000000000E+05
  8.184419999398101E-01   1.182867224587192E-01  -6.956001904574481E-01   1.000000000000000E+05
  7.893568155873980E-01   1.130407864169557E-01  -6.785876890367512E-01   1.000000000000000E+05
  7.622418046081698E-01   1.101259349962535E-01  -6.597614722135436E-01   1.000000000000000E+05
  7.373271194758445E-01   1.095861316564085E-01  -6.394928833711581E-01   1.000000000000000E+05
  7.147936035778175E-01   1.114340545607665E-01  -6.181557119444084E-01   1.000000000000000E+05
  6.947692610051884E-01   1.156498074840290E-01  -5.961152259799504E-01   1.000000000000000E+05
  6.773273805521045E-01   1.221803030299308E-01  -5.737178062127054E-01   1.000000000000000E+05
  6.624863696222787E-01   1.309393883470437E-01  -5.512815165162781E-01   1.000000000000000E+05
  6.502112930763359E-01   1.418087625635125E-01  -5.290879081687653E-01   1.000000000000000E+05
  6.404170515522849E-01   1.546397106149422E-01  -5.073753077064926E-01   1.000000000000000E+05
  6.329730757789441E-01   1.692556508933910E-01  -4.863337820999810E-01   1.000000000000000E+05
  6.277093601073824E-01   1.854554652387953E-01  -4.661019127662783E-01   1.000000000000000E+05
  6.244236119495827E-01   2.030175503838700E-01  -4.467654439323991E-01   1.000000000000000E+05
  6.228892558073243E-01   2.217045012749253E-01  -4.283578036069045E-01   1.000000000000000E+05
  6.228640025265531E-01   2.412683099651447E-01  -4.108624294385579E-01   1.000000000000000E+05
  6.240986773528898E-01   2.614559402155461E-01  -3.942167694964399E-01   1.000000000000000E+05
  6.263459948822440E-01   2.820151186505782E-01  -3.783177717682835E-01   1.000000000000000E+05
  6.293689752244067E-01   3.027001692638774E-01  -3.630286279476589E-01   1.000000000000000E+05
  6.329487132894606E-01   3.232777100283525E-01  -3.481864985254152E-01   1.000000000000000E+05
  6.368912412802369E-01   3.435320288776086E-01  -3.336109185695763E-01   1.000000000000000E+05
  6.410332620279600E-01   3.632699616786441E-01  -3.191125676734662E-01   1.000000000000000E+05
  6.452465761791518E-01   3.823251070178973E-01  -3.045020837020457E-01   1.000000000000000E+05
  6.494410775702469E-01   4.005612313995765E-01  -2.895986080191686E-01   1.000000000000000E+05
  6.535662463349261E-01   4.178747432540817E-01  -2.742377692167290E-01   1.000000000000000E+05
  6.576111261698198E-01   4.341961441615336E-01  -2.582788419425889E-01   1.000000000000000E+05
  6.616028284897228E-01   4.494903998653390E-01  -2.416108558102233E-01   1.000000000000000E+05
  6.656036597399202E-01   4.637562107449010E-01  -2.241574748283719E-01   1.000000000000000E+05
  6.697070168496854E-01   4.770242000518981E-01  -2.058805183375258E-01   1.000000000000000E+05
  6.740322378820248E-01   4.893540769181482E-01  -1.867820479570929E-01   1.000000000000000E+05
  6.787186288327917E-01   5.008308684117679E-01  -1.669049993503078E-01   1.000000000000000E+05
  6.839189120868743E-01   5.115603492803801E-01  -1.463323905554702E-01   1.000000000000000E+05
  6.897923564803040E-01   5.216638280960924E-01  -1.251851881867334E-01   1.000000000000000E+05
  6.964978529012065E-01   5.312724730778151E-01  -1.036189571545655E-01   1.000000000000000E+05
  7.041871929802360E-01   5.405213788857767E-01  -8.181945714936251E-02   1.000000000000000E+05
  7.129987921864080E-01   5.495435863814352E-01  -5.999737875863816E-02   1.000000000000000E+05
  7.230520734657911E-01   5.584642702255129E-01  -3.838243291047633E-02   1.000000000000000E+05
  7.344426946966128E-01   5.673953040545645E-01  -1.721701891486135E-02   1.000000000000000E+05
  7.472387642334775E-01   5.764303999546523E-01   3.250301322397188E-03   1.000000000000000E+05
  7.614781454434022E-01   5.856409984749611E-01   2.277130194846057E-02   1.000000000000000E+05
  7.771669053049082E-01   5.950730582280679E-01   4.110435850410228E-02   1.000000000000000E+05
  7.942789158119572E-01   6.047448612109729E-01   5.802029571060846E-02   1.000000000000000E+05
  8.127565720310369E-01   6.146459125872186E-01   7.330766119626037E-02   1.000000000000000E+05
  8.325125490239810E-01   6.247369732134943E-01   8.677730069241732E-02   1.000000000000000E+05
  8.534324831044348E-01   6.349512212185434E-01   9.826614492501269E-02   1.000000000000000E+05
  8.753784324199889E-01   6.451964970569659E-01   1.076401540992898E-01   1.000000000000000E+05
  8.981929487126697E-01   6.553585462748168E-01   1.147964008756316E-01   1.000000000000000E+05
  9.217035770253378E-01   6.653051372821623E-01   1.196643055241339E-01   1.000000000000000E+05
  9.457275934343720E-01   6.748908991476046E-01   1.222060661651919E-01   1.000000000000000E+05
  9.700767925629783E-01   6.839626980451010E-01   1.224163515296514E-01   1.000000000000000E+05
  9.945621462572243E-01   6.923653514947730E-01   1.203213426644002E-01   1.000000000000000E+05
  1.018998171637626E+00   6.999474676744215E-01   1.159772229411037E-01   1.000000000000000E+05
  1.043206869720128E+00   7.065671932630077E-01   1.094682224002711E-01   1.000000000000000E+05
  1.067021123631675E+00   7.120976576195146E-01   1.009043230123724E-01   1.000000000000000E+05
  1.090287476645581E+00   7.164319133875500E-01   9.041872630741105E-02   1.000000000000000E+05
  1.112868243238652E+00   7.194871933240682E-01   7.816517474059166E-02   1.000000000000000E+05
  1.134642939500554E+00   7.212083294679370E-01   6.431520408745336E-02   1.000000000000000E+05
  1.155509050923531E+00   7.215702126253459E-01   4.905538724079454E-02   1.000000000000000E+05
  1.175382184401442E+00   7.205792062799286E-01   3.258461127462107E-02   1.000000000000000E+05
  1.194195675887885E+00   7.182734680056608E-01   1.511141085587005E-02   1.000000000000000E+05
  1.211899744561298E+00   7.147221717427963E-01  -3.148636691007108E-03   1.000000000000000E+05
  1.228460297763208E+00   7.100236643296333E-01  -2.197546493347367E-02   1.000000000000000E+05
  1.243857497973964E+00   7.043026279329205E-01  -4.114704308931342E-02   1.000000000000000E+05
  1.258084203560413E+00   6.977063550451000E-01  -6.044190284318990E-02   1.000000000000000E+05
  1.271144389196855E+00   6.904002732228751E-01  -7.964170167526528E-02   1.000000000000000E+05
  1.283051640264886E+00   6.825628816329427E-01  -9.853385582114890E-02   1.000000000000000E+05
  1.293827799005735E+00   6.743802798912035E-01  -1.169142697207914E-01   1.000000000000000E+05
  1.303501819797110E+00   6.660404810470727E-01  -1.345901779410971E-01   1.000000000000000E+05
  1.312108867907315E+00   6.577277045812343E-01  -1.513831006777157E-01   1.000000000000000E+05
  1.319689671814885E+00   6.496168419583077E-01  -1.671318959199999E-01   1.000000000000000E+05
  1.326290115095455E+00   6.418682769031734E-01  -1.816958712804479E-01   1.000000000000000E+05
  1.331961031371020E+00   6.346232257244113E-01  -1.949578975890589E-01   1.000000000000000E+05
  1.336758146200193E+00   6.279997405101938E-01  -2.068274459756938E-01   1.000000000000000E+05
  1.340742094213276E+00   6.220894908986117E-01  -2.172434516805750E-01   1.000000000000000E+05
  1.343978429198267E+00   6.169554095643724E-01  -2.261768925725831E-01   1.000000000000000E+05
  1.346537539894045E+00   6.126302538635791E-01  -2.336329595310294E-01   1.000000000000000E+05
  1.348494385316205E+00   6.091161025859454E-01  -2.396526904921711E-01   1.000000000000000E+05
  1.349927970580501E+00   6.063847738210896E-01  -2.443139408697425E-01   1.000000000000000E+05
  1.350920497124616E+00   6.043791188315419E-01  -2.477315707331070E-01   1.000000000000000E+05
  1.351556139372767E+00   6.030151187038255E-01  -2.500567437465471E-01   1.000000000000000E+05
  1.351919422363007E+00   6.021846864223608E-01  -2.514752542727151E-01   1.000000000000000E+05
  1.352093200539804E+00   6.017590576807986E-01  -2.522048267065878E-01   1.000000000000000E+05
  1.352156265485446E+00   6.015926397837084E-01  -2.524913641800848E-01   1.000000000000000E+05
  1.352180638371712E+00   6.015271797225763E-01  -2.526041610997394E-01   1.000000000000000E+05
  1.352180638371712E+00   6.015271797225762E-01  -2.526041610997394E-01   0.000000000000000E+00 1 CurveXYZFourier1 
  4.717471299522538E-01   1.374546356588595E+00  -1.091135099021425E-01   7.313819387816537E+04
  4.717385507568105E-01   1.374684061637011E+00  -1.094800478485320E-01   7.313819387816537E+04
  4.717039355291356E-01   1.374990862812717E+00  -1.103591207907056E-01   7.313819387816537E+04
  4.716059506101949E-01   1.375545089293785E+00  -1.120824574566577E-01   7.313819387816537E+04
  4.713905218404941E-01   1.376394185081340E+00  -1.149599768561464E-01   7.313819387816537E+04
  4.709865926303750E-01   1.377551927101952E+00  -1.192677842022019E-01   7.313819387816537E+04
  4.703064322940192E-01   1.378996810780150E+00  -1.252374752425472E-01   7.313819387816537E+04
  4.692465279632038E-01   1.380671668447109E+00  -1.330471564070904E-01   7.313819387816537E+04
  4.676890774993453E-01   1.382484539221804E+00  -1.428145177241205E-01   7.313819387816537E+04
  4.655040831516611E-01   1.384310761862144E+00  -1.545922116231396E-01   7.313819387816537E+04
  4.625520267584606E-01   1.385996216444795E+00  -1.683656970713803E-01   7.313819387816537E+04
  4.586870876351994E-01   1.387361598424179E+00  -1.840536089310274E-01   7.313819387816537E+04
  4.537608445808261E-01   1.388207571319202E+00  -2.015106111541172E-01   7.313819387816537E+04
  4.476263843511454E-01   1.388320613431568E+00  -2.205325936835451E-01   7.313819387816537E+04
  4.401427212016252E-01   1.387479350779157E+00  -2.408639808041612E-01   7.313819387816537E+04
  4.311794163916506E-01   1.385461153667795E+00  -2.622068369859812E-01   7.313819387816537E+04
  4.206212735312761E-01   1.382048768497776E+00  -2.842313883148627E-01   7.313819387816537E+04
  4.083729759401177E-01   1.377036759601006E+00  -3.065875261410262E-01   7.313819387816537E+04
  3.943635262864224E-01   1.370237547844447E+00  -3.289168265987145E-01   7.313819387816537E+04
  3.785503470792392E-01   1.361486852766739E+00  -3.508646063648538E-01   7.313819387816537E+04
  3.609229033609783E-01   1.350648372157625E+00  -3.720915417851129E-01   7.313819387816537E+04
  3.415057163051951E-01   1.337617565979627E+00  -3.922844047972125E-01   7.313819387816537E+04
  3.203606483194674E-01   1.322324448877351E+00  -4.111655135868394E-01   7.313819387816537E+04
  2.975883564762781E-01   1.304735335571438E+00  -4.285005565158669E-01   7.313819387816537E+04
  2.733288312747361E-01   1.284853524455790E+00  -4.441045217889569E-01   7.313819387816537E+04
  2.477609613482036E-01   1.262718944963275E+00  -4.578455492500142E-01   7.313819387816537E+04
  2.211010911141262E-01   1.238406832059257E+00  -4.696466109037283E-01   7.313819387816537E+04
  1.936005667306334E-01   1.212025525025812E+00  -4.794850192863445E-01   7.313819387816537E+04
  1.655422952047095E-01   1.183713516179885E+00  -4.873898536523421E-01   7.313819387816537E+04
  1.372363711501327E-01   1.153635897253724E+00  -4.934374792056703E-01   7.313819387816537E+04
  1.090148545501087E-01   1.121980366088425E+00  -4.977454106783294E-01   7.313819387816537E+04
  8.122580997320795E-02   1.088952963617430E+00  -5.004648352805821E-01   7.313819387816537E+04
  5.422674209392528E-02   1.054773710760875E+00  -5.017721588290043E-01   7.313819387816537E+04
  2.837758322576757E-02   1.019672307074882E+00  -5.018599708005117E-01   7.313819387816537E+04
  4.033405134816168E-03   9.838840383927008E-01  -5.009278380264346E-01   7.313819387816537E+04
 -1.846296095165869E-02   9.476460201457535E-01  -4.991733324023204E-01   7.313819387816537E+04
 -3.878820595317027E-02   9.111938777034880E-01  -4.967836758331995E-01   7.313819387816537E+04
 -5.664553535460128E-02   8.747589362603466E-01  -4.939283469332867E-01   7.313819387816537E+04
 -7.177118676311756E-02   8.385659619977353E-01  -4.907529407486183E-01   7.313819387816537E+04
 -8.394029771773884E-02   8.028314649935429E-01  -4.873745075928059E-01   7.313819387816537E+04
 -9.297196501527688E-02   7.677625441677484E-01  -4.838785231056950E-01   7.313819387816537E+04
 -9.873335785555812E-02   7.335562268865697E-01  -4.803175623473759E-01   7.313819387816537E+04
 -1.011427723977180E-01   7.003992319999434E-01  -4.767116698103682E-01   7.313819387816537E+04
 -1.001715440725177E-01   6.684680661527272E-01  -4.730503383873902E-01   7.313819387816537E+04
 -9.584476530970532E-02   6.379293500289736E-01  -4.692959371512501E-01   7.313819387816537E+04
 -8.824078922477466E-02   6.089402643087299E-01  -4.653883635700906E-01   7.313819387816537E+04
 -7.748953322491063E-02   5.816490047705459E-01  -4.612506433348512E-01   7.313819387816537E+04
 -6.376962938350157E-02   5.561951420684200E-01  -4.567951625861444E-01   7.313819387816537E+04
 -4.730449976266138E-02   5.327097938402312E-01  -4.519301945958704E-01   7.313819387816537E+04
 -2.835746365845993E-02   5.113155342604663E-01  -4.465663767486617E-01   7.313819387816537E+04
 -7.226009120890082E-03   4.921259879673049E-01  -4.406228040717066E-01   7.313819387816537E+04
  1.576461770077352E-02   4.752450802932474E-01  -4.340324318994808E-01   7.313819387816537E+04
  4.026833542971599E-02   4.607659425736429E-01  -4.267465211176897E-01   7.313819387816537E+04
  6.592548142337154E-02   4.487694985711236E-01  -4.187379127271758E-01   7.313819387816537E+04
  9.237021003069294E-02   4.393227842854360E-01  -4.100029815552663E-01   7.313819387816537E+04
  1.192378482620580E-01   4.324770772137547E-01  -4.005621887282143E-01   7.313819387816537E+04
  1.461720273701587E-01   4.282659311970428E-01  -3.904592256153477E-01   7.313819387816537E+04
  1.728314194012422E-01   4.267032282211318E-01  -3.797588148346998E-01   7.313819387816537E+04
  1.988959230613490E-01   4.277813680558828E-01  -3.685433030665148E-01   7.313819387816537E+04
  2.240721626496595E-01   4.314697198057026E-01  -3.569082425368729E-01   7.313819387816537E+04
  2.480981866169507E-01   4.377134560090398E-01  -3.449572101304604E-01   7.313819387816537E+04
  2.707472776944237E-01   4.464328798845582E-01  -3.327961526689335E-01   7.313819387816537E+04
  2.918308136280655E-01   4.575233400225214E-01  -3.205275720427216E-01   7.313819387816537E+04
  3.112001454384742E-01   4.708558049167317E-01  -3.082448733850048E-01   7.313819387816537E+04
  3.287474879022835E-01   4.862781431624023E-01  -2.960271928417715E-01   7.313819387816537E+04
  3.444058437516502E-01   5.036171250865848E-01  -2.839349989985158E-01   7.313819387816537E+04
  3.581480081114236E-01   5.226811293957632E-01  -2.720067247000494E-01   7.313819387816537E+04
  3.699847222305407E-01   5.432635056113216E-01  -2.602566355769780E-01   7.313819387816537E+04
  3.799620650200099E-01   5.651465111663079E-01  -2.486740804279644E-01   7.313819387816537E+04
  3.881581868207709E-01   5.881057125905019E-01  -2.372241995758931E-01   7.313819387816537E+04
  3.946795018692832E-01   6.119147146636861E-01  -2.258500936793869E-01   7.313819387816537E+04
  3.996564639330791E-01   6.363500610633896E-01  -2.144763807358825E-01   7.313819387816537E+04
  4.032390535260514E-01   6.611961359516529E-01  -2.030139967307742E-01   7.313819387816537E+04
  4.055921050981894E-01   6.862498889452774E-01  -1.913660290512043E-01   7.313819387816537E+04
  4.068905988704786E-01   7.113252064963139E-01  -1.794343146234908E-01   7.313819387816537E+04
  4.073150349098722E-01   7.362567610383910E-01  -1.671264895783578E-01   7.313819387816537E+04
  4.070469970623419E-01   7.609031851458314E-01  -1.543631463911874E-01   7.313819387816537E+04
  4.062650020058933E-01   7.851494408773277E-01  -1.410847395342414E-01   7.313819387816537E+04
  4.051407145187451E-01   8.089082835797176E-01  -1.272578826382724E-01   7.313819387816537E+04
  4.038355946712843E-01   8.321207535638609E-01  -1.128806991439240E-01   7.313819387816537E+04
  4.024980266320775E-01   8.547556668436864E-01  -9.798692379534886E-02   7.313819387816537E+04
  4.012609626909139E-01   8.768081159757635E-01  -8.264850269378250E-02   7.313819387816537E+04
  4.002401004624713E-01   8.982970322578049E-01  -6.697650288678596E-02   7.313819387816537E+04
  3.995325964963716E-01   9.192618994042278E-01  -5.112021590388265E-02   7.313819387816537E+04
  3.992163060601884E-01   9.397587446120210E-01  -3.526442004903836E-02   7.313819387816537E+04
  3.993495269724950E-01   9.598555640661408E-01  -1.962485005701124E-02   7.313819387816537E+04
  3.999712152438817E-01   9.796273649957744E-01  -4.442006149321022E-03   7.313819387816537E+04
  4.011016320446631E-01   9.991510242110213E-01   1.002648620718650E-02   7.313819387816537E+04
  4.027433751815477E-01   1.018500172752146E+00   2.351468308209376E-02   7.313819387816537E+04
  4.048827437755541E-01   1.037740317338811E+00   3.575795234972861E-02   7.313819387816537E+04
  4.074913820657656E-01   1.056924401549735E+00   4.650303813521830E-02   7.313819387816537E+04
  4.105281470396818E-01   1.076088993306840E+00   5.551814020672192E-02   7.313819387816537E+04
  4.139411446937609E-01   1.095251260867416E+00   6.260257708160011E-02   7.313819387816537E+04
  4.176698809176262E-01   1.114406868078953E+00   6.759560834719935E-02   7.313819387816537E+04
  4.216474750265785E-01   1.133528882373258E+00   7.038401715377196E-02   7.313819387816537E+04
  4.258028866030978E-01   1.152567747380699E+00   7.090809718023310E-02   7.313819387816537E+04
  4.300631093356327E-01   1.171452327842635E+00   6.916574796723778E-02   7.313819387816537E+04
  4.343552887833971E-01   1.190091989528447E+00   6.521445598804616E-02   7.313819387816537E+04
  4.386087243133497E-01   1.208379633010348E+00   5.917102318301261E-02   7.313819387816537E+04
  4.427567187625508E-01   1.226195559270583E+00   5.120899640784860E-02   7.313819387816537E+04
  4.467382426380777E-01   1.243412008956713E+00   4.155384647112193E-02   7.313819387816537E+04
  4.504993828882237E-01   1.259898187220177E+00   3.047604010385745E-02   7.313819387816537E+04
  4.539945495163446E-01   1.275525563775588E+00   1.828223823983855E-02   7.313819387816537E+04
  4.571874166508680E-01   1.290173224096456E+00   5.304935478249461E-03   7.313819387816537E+04
  4.600515782442884E-01   1.303733043154811E+00  -8.109075026086434E-03   7.313819387816537E+04
  4.625709024749190E-01   1.316114458070857E+00  -2.161097283010889E-02   7.313819387816537E+04
  4.647395732905757E-01   1.327248630320665E+00  -3.486244270298419E-02   7.313819387816537E+04
  4.665618124705937E-01   1.337091811218685E+00  -4.754797630104036E-02   7.313819387816537E+04
  4.680512811703876E-01   1.345627755339964E+00  -5.938645409864358E-02   7.313819387816537E+04
  4.692301661894468E-01   1.352869064132427E+00  -7.014154210752570E-02   7.313819387816537E+04
  4.701279631573521E-01   1.358857384668078E+00  -7.963048084885756E-02   7.313819387816537E+04
  4.707799763941184E-01   1.363662434549833E+00  -8.773090478903342E-02   7.313819387816537E+04
  4.712255632411556E-01   1.367379871539031E+00  -9.438540657827384E-02   7.313819387816537E+04
  4.715061589866936E-01   1.370128073541773E+00  -9.960364884135346E-02   7.313819387816537E+04
  4.716631268768139E-01   1.372043939251249E+00  -1.034619233272753E-01   7.313819387816537E+04
  4.717354858125111E-01   1.373277860146660E+00  -1.061001589136612E-01   7.313819387816537E+04
  4.717575758479670E-01   1.373988049031796E+00  -1.077164820561544E-01   7.313819387816537E+04
  4.717567281638221E-01   1.374334437437746E+00  -1.085595315177642E-01   7.313819387816537E+04
  4.717510114217044E-01   1.374472372900103E+00  -1.089188195049816E-01   7.313819387816537E+04
  4.717471299522538E-01   1.374546356588595E+00  -1.091135099021425E-01   7.313819387816537E+04
  4.717471299522538E-01   1.374546356588595E+00  -1.091135099021425E-01   0.000000000000000E+00 2 CurveXYZFourier2 
  1.352180638371712E+00  -6.015271797225762E-01   2.526041610997394E-01  -1.000000000000000E+05
  1.352228629844338E+00  -6.013961100028267E-01   2.528301341234125E-01  -1.000000000000000E+05
  1.352349774405016E+00  -6.010289338714379E-01   2.534671675129606E-01  -1.000000000000000E+05
  1.352577766712070E+00  -6.002555198305964E-01   2.548167095455851E-01  -1.000000000000000E+05
  1.352927542321672E+00  -5.989101880949508E-01   2.571757949936561E-01  -1.000000000000000E+05
  1.353392654197578E+00  -5.968354881562630E-01   2.608287027782414E-01  -1.000000000000000E+05
  1.353943098066574E+00  -5.938855859239365E-01   2.660384860562897E-01  -1.000000000000000E+05
  1.354523733946315E+00  -5.899291999904908E-01   2.730386326907679E-01  -1.000000000000000E+05
  1.355053437827056E+00  -5.848520483682083E-01   2.820251260110891E-01  -1.000000000000000E+05
  1.355425096815366E+00  -5.785587885109216E-01   2.931491780552654E-01  -1.000000000000000E+05
  1.355506533669504E+00  -5.709744535896685E-01   3.065108995278678E-01  -1.000000000000000E+05
  1.355142413533140E+00  -5.620454059562149E-01   3.221541523531590E-01  -1.000000000000000E+05
  1.354157148067441E+00  -5.517398437737957E-01   3.400628022255622E-01  -1.000000000000000E+05
  1.352358771601886E+00  -5.400479083666967E-01   3.601585506664792E-01  -1.000000000000000E+05
  1.349543722069114E+00  -5.269814475857930E-01   3.823004799076702E-01  -1.000000000000000E+05
  1.345502418170141E+00  -5.125734942638461E-01   4.062863909347186E-01  -1.000000000000000E+05
  1.340025485279995E+00  -4.968775187137268E-01   4.318559570616993E-01  -1.000000000000000E+05
  1.332910447849209E+00  -4.799665104810276E-01   4.586956545482673E-01  -1.000000000000000E+05
  1.323968677154178E+00  -4.619319376624492E-01   4.864453702669185E-01  -1.000000000000000E+05
  1.313032361663453E+00  -4.428826226644013E-01   5.147065266213485E-01  -1.000000000000000E+05
  1.299961254206607E+00  -4.229435620479730E-01   5.430515081383650E-01  -1.000000000000000E+05
  1.284648946412862E+00  -4.022547059154568E-01   5.710341246330503E-01  -1.000000000000000E+05
  1.267028427005117E+00  -3.809697000072656E-01   5.982008046095535E-01  -1.000000000000000E+05
  1.247076696561614E+00  -3.592545821560136E-01   6.241021813538055E-01  -1.000000000000000E+05
  1.224818236943797E+00  -3.372864147932525E-01   6.483047143855410E-01  -1.000000000000000E+05
  1.200327167975117E+00  -3.152518275343166E-01   6.704019815295301E-01  -1.000000000000000E+05
  1.173727965994475E+00  -2.933454390545019E-01   6.900252823369247E-01  -1.000000000000000E+05
  1.145194667107586E+00  -2.717681259268460E-01   7.068532119406494E-01  -1.000000000000000E+05
  1.114948530539336E+00  -2.507251080414701E-01   7.206198951669448E-01  -1.000000000000000E+05
  1.083254192452410E+00  -2.304238256905596E-01   7.311216128654299E-01  -1.000000000000000E+05
  1.050414395807080E+00  -2.110715921982191E-01   7.382216045268677E-01  -1.000000000000000E+05
  1.016763435109703E+00  -1.928730177189028E-01   7.418528914961093E-01  -1.000000000000000E+05
  9.826595040898032E-01  -1.760272139585969E-01   7.420190312922795E-01  -1.000000000000000E+05
  9.484761774454168E-01  -1.607248053706289E-01   7.387927833073088E-01  -1.000000000000000E+05
  9.145932930078243E-01  -1.471447890027710E-01   7.323127369029863E-01  -1.000000000000000E+05
  8.813875264973687E-01  -1.354513017034344E-01   7.227780220493909E-01  -1.000000000000000E+05
  8.492229663284252E-01  -1.257903688760670E-01   7.104412875788573E-01  -1.000000000000000E+05
  8.184419999398101E-01  -1.182867224587192E-01   6.956001904574481E-01  -1.000000000000000E+05
  7.893568155873980E-01  -1.130407864169557E-01   6.785876890367512E-01  -1.000000000000000E+05
  7.622418046081698E-01  -1.101259349962535E-01   6.597614722135436E-01  -1.000000000000000E+05
  7.373271194758445E-01  -1.095861316564085E-01   6.394928833711581E-01  -1.000000000000000E+05
  7.147936035778175E-01  -1.114340545607665E-01   6.181557119444084E-01  -1.000000000000000E+05
  6.947692610051884E-01  -1.156498074840290E-01   5.961152259799504E-01  -1.000000000000000E+05
  6.773273805521045E-01  -1.221803030299308E-01   5.737178062127054E-01  -1.000000000000000E+05
  6.624863696222787E-01  -1.309393883470437E-01   5.512815165162781E-01  -1.000000000000000E+05
  6.502112930763359E-01  -1.418087625635125E-01   5.290879081687653E-01  -1.000000000000000E+05
  6.404170515522849E-01  -1.546397106149422E-01   5.073753077064926E-01  -1.000000000000000E+05
  6.329730757789441E-01  -1.692556508933910E-01   4.863337820999810E-01  -1.000000000000000E+05
  6.277093601073824E-01  -1.854554652387953E-01   4.661019127662783E-01  -1.000000000000000E+05
  6.244236119495827E-01  -2.030175503838700E-01   4.467654439323991E-01  -1.000000000000000E+05
  6.228892558073243E-01  -2.217045012749253E-01   4.283578036069045E-01  -1.000000000000000E+05
  6.228640025265531E-01  -2.412683099651447E-01   4.108624294385579E-01  -1.000000000000000E+05
  6.240986773528898E-01  -2.614559402155461E-01   3.942167694964399E-01  -1.000000000000000E+05
  6.263459948822440E-01  -2.820151186505782E-01   3.783177717682835E-01  -1.000000000000000E+05
  6.293689752244067E-01  -3.027001692638774E-01   3.630286279476589E-01  -1.000000000000000E+05
  6.329487132894606E-01  -3.232777100283525E-01   3.481864985254152E-01  -1.000000000000000E+05
  6.368912412802369E-01  -3.435320288776086E-01   3.336109185695763E-01  -1.000000000000000E+05
  6.410332620279600E-01  -3.632699616786441E-01   3.191125676734662E-01  -1.000000000000000E+05
  6.452465761791518E-01  -3.823251070178973E-01   3.045020837020457E-01  -1.000000000000000E+05
  6.494410775702469E-01  -4.005612313995765E-01   2.895986080191686E-01  -1.000000000000000E+05
  6.535662463349261E-01  -4.178747432540817E-01   2.742377692167290E-01  -1.000000000000000E+05
  6.576111261698198E-01  -4.341961441615336E-01   2.582788419425889E-01  -1.000000000000000E+05
  6.616028284897228E-01  -4.494903998653390E-01   2.416108558102233E-01  -1.000000000000000E+05
  6.656036597399202E-01  -4.637562107449010E-01   2.241574748283719E-01  -1.000000000000000E+05
  6.697070168496854E-01  -4.770242000518981E-01   2.058805183375258E-01  -1.000000000000000E+05
  6.740322378820248E-01  -4.893540769181482E-01   1.867820479570929E-01  -1.000000000000000E+05
  6.787186288327917E-01  -5.008308684117679E-01   1.669049993503078E-01  -1.000000000000000E+05
  6.839189120868743E-01  -5.115603492803801E-01   1.463323905554702E-01  -1.000000000000000E+05
  6.897923564803040E-01  -5.216638280960924E-01   1.251851881867334E-01  -1.000000000000000E+05
  6.964978529012065E-01  -5.312724730778151E-01   1.036189571545655E-01  -1.000000000000000E+05
  7.041871929802360E-01  -5.405213788857767E-01   8.181945714936251E-02  -1.000000000000000E+05
  7.129987921864080E-01  -5.495435863814352E-01   5.999737875863816E-02  -1.000000000000000E+05
  7.230520734657911E-01  -5.584642702255129E-01   3.838243291047633E-02  -1.000000000000000E+05
  7.344426946966128E-01  -5.673953040545645E-01   1.721701891486135E-02  -1.000000000000000E+05
  7.472387642334775E-01  -5.764303999546523E-01  -3.250301322397188E-03  -1.000000000000000E+05
  7.614781454434022E-01  -5.856409984749611E-01  -2.277130194846057E-02  -1.000000000000000E+05
  7.771669053049082E-01  -5.950730582280679E-01  -4.110435850410228E-02  -1.000000000000000E+05
  7.942789158119572E-01  -6.047448612109729E-01  -5.802029571060846E-02  -1.000000000000000E+05
  8.127565720310369E-01  -6.146459125872186E-01  -7.330766119626037E-02  -1.000000000000000E+05
  8.325125490239810E-01  -6.247369732134943E-01  -8.677730069241732E-02  -1.000000000000000E+05
  8.534324831044348E-01  -6.349512212185434E-01  -9.826614492501269E-02  -1.000000000000000E+05
  8.753784324199889E-01  -6.451964970569659E-01  -1.076401540992898E-01  -1.000000000000000E+05
  8.981929487126697E-01  -6.553585462748168E-01  -1.147964008756316E-01  -1.000000000000000E+05
  9.217035770253378E-01  -6.653051372821623E-01  -1.196643055241339E-01  -1.000000000000000E+05
  9.457275934343720E-01  -6.748908991476046E-01  -1.222060661651919E-01  -1.000000000000000E+05
  9.700767925629783E-01  -6.839626980451010E-01  -1.224163515296514E-01  -1.000000000000000E+05
  9.945621462572243E-01  -6.923653514947730E-01  -1.203213426644002E-01  -1.000000000000000E+05
  1.018998171637626E+00  -6.999474676744215E-01  -1.159772229411037E-01  -1.000000000000000E+05
  1.043206869720128E+00  -7.065671932630077E-01  -1.094682224002711E-01  -1.000000000000000E+05
  1.067021123631675E+00  -7.120976576195146E-01  -1.009043230123724E-01  -1.000000000000000E+05
  1.090287476645581E+00  -7.164319133875500E-01  -9.041872630741105E-02  -1.000000000000000E+05
  1.112868243238652E+00  -7.194871933240682E-01  -7.816517474059166E-02  -1.000000000000000E+05
  1.134642939500554E+00  -7.212083294679370E-01  -6.431520408745336E-02  -1.000000000000000E+05
  1.155509050923531E+00  -7.215702126253459E-01  -4.905538724079454E-02  -1.000000000000000E+05
  1.175382184401442E+00  -7.205792062799286E-01  -3.258461127462107E-02  -1.000000000000000E+05
  1.194195675887885E+00  -7.182734680056608E-01  -1.511141085587005E-02  -1.000000000000000E+05
  1.211899744561298E+00  -7.147221717427963E-01   3.148636691007108E-03  -1.000000000000000E+05
  1.228460297763208E+00  -7.100236643296333E-01   2.197546493347367E-02  -1.000000000000000E+05
  1.243857497973964E+00  -7.043026279329205E-01   4.114704308931342E-02  -1.000000000000000E+05
  1.258084203560413E+00  -6.977063550451000E-01   6.044190284318990E-02  -1.000000000000000E+05
  1.271144389196855E+00  -6.904002732228751E-01   7.964170167526528E-02  -1.000000000000000E+05
  1.283051640264886E+00  -6.825628816329427E-01   9.853385582114890E-02  -1.000000000000000E+05
  1.293827799005735E+00  -6.743802798912035E-01   1.169142697207914E-01  -1.000000000000000E+05
  1.303501819797110E+00  -6.660404810470727E-01   1.345901779410971E-01  -1.000000000000000E+05
  1.312108867907315E+00  -6.577277045812343E-01   1.513831006777157E-01  -1.000000000000000E+05
  1.319689671814885E+00  -6.496168419583077E-01   1.671318959199999E-01  -1.000000000000000E+05
  1.326290115095455E+00  -6.418682769031734E-01   1.816958712804479E-01  -1.000000000000000E+05
  1.331961031371020E+00  -6.346232257244113E-01   1.949578975890589E-01  -1.000000000000000E+05
  1.336758146200193E+00  -6.279997405101938E-01   2.068274459756938E-01  -1.000000000000000E+05
  1.340742094213276E+00  -6.220894908986117E-01   2.172434516805750E-01  -1.000000000000000E+05
  1.343978429198267E+00  -6.169554095643724E-01   2.261768925725831E-01  -1.000000000000000E+05
  1.346537539894045E+00  -6.126302538635791E-01   2.336329595310294E-01  -1.000000000000000E+05
  1.348494385316205E+00  -6.091161025859454E-01   2.396526904921711E-01  -1.000000000000000E+05
  1.349927970580501E+00  -6.063847738210896E-01   2.443139408697425E-01  -1.000000000000000E+05
  1.350920497124616E+00  -6.043791188315419E-01   2.477315707331070E-01  -1.000000000000000E+05
  1.351556139372767E+00  -6.030151187038255E-01   2.500567437465471E-01  -1.000000000000000E+05
  1.351919422363007E+00  -6.021846864223608E-01   2.514752542727151E-01  -1.000000000000000E+05
  1.352093200539804E+00  -6.017590576807986E-01   2.522048267065878E-01  -1.000000000000000E+05
  1.352156265485446E+00  -6.015926397837084E-01   2.524913641800848E-01  -1.000000000000000E+05
  1.352180638371712E+00  -6.015271797225763E-01   2.526041610997394E-01  -1.000000000000000E+05
  1.352180638371712E+00  -6.015271797225762E-01   2.526041610997394E-01   0.000000000000000E+00 3 RotatedCurve7 
  4.717471299522538E-01  -1.374546356588595E+00   1.091135099021425E-01  -7.313819387816537E+04
  4.717385507568105E-01  -1.374684061637011E+00   1.094800478485320E-01  -7.313819387816537E+04
  4.717039355291356E-01  -1.374990862812717E+00   1.103591207907056E-01  -7.313819387816537E+04
  4.716059506101949E-01  -1.375545089293785E+00   1.120824574566577E-01  -7.313819387816537E+04
  4.713905218404941E-01  -1.376394185081340E+00   1.149599768561464E-01  -7.313819387816537E+04
  4.709865926303750E-01  -1.377551927101952E+00   1.192677842022019E-01  -7.313819387816537E+04
  4.703064322940192E-01  -1.378996810780150E+00   1.252374752425472E-01  -7.313819387816537E+04
  4.692465279632038E-01  -1.380671668447109E+00   1.330471564070904E-01  -7.313819387816537E+04
  4.676890774993453E-01  -1.382484539221804E+00   1.428145177241205E-01  -7.313819387816537E+04
  4.655040831516611E-01  -1.384310761862144E+00   1.545922116231396E-01  -7.313819387816537E+04
  4.625520267584606E-01  -1.385996216444795E+00   1.683656970713803E-01  -7.313819387816537E+04
  4.586870876351994E-01  -1.387361598424179E+00   1.840536089310274E-01  -7.313819387816537E+04
  4.537608445808261E-01  -1.388207571319202E+00   2.015106111541172E-01  -7.313819387816537E+04
  4.476263843511454E-01  -1.388320613431568E+00   2.205325936835451E-01  -7.313819387816537E+04
  4.401427212016252E-01  -1.387479350779157E+00   2.408639808041612E-01  -7.313819387816537E+04
  4.311794163916506E-01  -1.385461153667795E+00   2.622068369859812E-01  -7.313819387816537E+04
  4.206212735312761E-01  -1.382048768497776E+00   2.842313883148627E-01  -7.313819387816537E+04
  4.083729759401177E-01  -1.377036759601006E+00   3.065875261410262E-01  -7.313819387816537E+04
  3.943635262864224E-01  -1.370237547844447E+00   3.289168265987145E-01  -7.313819387816537E+04
  3.785503470792392E-01  -1.361486852766739E+00   3.508646063648538E-01  -7.313819387816537E+04
  3.609229033609783E-01  -1.350648372157625E+00   3.720915417851129E-01  -7.313819387816537E+04
  3.415057163051951E-01  -1.337617565979627E+00   3.922844047972125E-01  -7.313819387816537E+04
  3.203606483194674E-01  -1.322324448877351E+00   4.111655135868394E-01  -7.313819387816537E+04
  2.975883564762781E-01  -1.304735335571438E+00   4.285005565158669E-01  -7.313819387816537E+04
  2.733288312747361E-01  -1.284853524455790E+00   4.441045217889569E-01  -7.313819387816537E+04
  2.477609613482036E-01  -1.262718944963275E+00   4.578455492500142E-01  -7.313819387816537E+04
  2.211010911141262E-01  -1.238406832059257E+00   4.696466109037283E-01  -7.313819387816537E+04
  1.936005667306334E-01  -1.212025525025812E+00   4.794850192863445E-01  -7.313819387816537E+04
  1.655422952047095E-01  -1.183713516179885E+00   4.873898536523421E-01  -7.313819387816537E+04
  1.372363711501327E-01  -1.153635897253724E+00   4.934374792056703E-01  -7.313819387816537E+04
  1.090148545501087E-01  -1.121980366088425E+00   4.977454106783294E-01  -7.313819387816537E+04
  8.122580997320795E-02  -1.088952963617430E+00   5.004648352805821E-01  -7.313819387816537E+04
  5.422674209392528E-02  -1.054773710760875E+00   5.017721588290043E-01  -7.313819387816537E+04
  2.837758322576757E-02  -1.019672307074882E+00   5.018599708005117E-01  -7.313819387816537E+04
  4.033405134816168E-03  -9.838840383927008E-01   5.009278380264346E-01  -7.313819387816537E+04
 -1.846296095165869E-02  -9.476460201457535E-01   4.991733324023204E-01  -7.313819387816537E+04
 -3.878820595317027E-02  -9.111938777034880E-01   4.967836758331995E-01  -7.313819387816537E+04
 -5.664553535460128E-02  -8.747589362603466E-01   4.939283469332867E-01  -7.313819387816537E+04
 -7.177118676311756E-02  -8.385659619977353E-01   4.907529407486183E-01  -7.313819387816537E+04
 -8.394029771773884E-02  -8.028314649935429E-01   4.873745075928059E-01  -7.313819387816537E+04
 -9.297196501527688E-02  -7.677625441677484E-01   4.838785231056950E-01  -7.313819387816537E+04
 -9.873335785555812E-02  -7.335562268865697E-01   4.803175623473759E-01  -7.313819387816537E+04
 -1.011427723977180E-01  -7.003992319999434E-01   4.767116698103682E-01  -7.313819387816537E+04
 -1.001715440725177E-01  -6.684680661527272E-01   4.730503383873902E-01  -7.313819387816537E+04
 -9.584476530970532E-02  -6.379293500289736E-01   4.692959371512501E-01  -7.313819387816537E+04
 -8.824078922477466E-02  -6.089402643087299E-01   4.653883635700906E-01  -7.313819387816537E+04
 -7.748953322491063E-02  -5.816490047705459E-01   4.612506433348512E-01  -7.313819387816537E+04
 -6.376962938350157E-02  -5.561951420684200E-01   4.567951625861444E-01  -7.313819387816537E+04
 -4.730449976266138E-02  -5.327097938402312E-01   4.519301945958704E-01  -7.313819387816537E+04
 -2.835746365845993E-02  -5.113155342604663E-01   4.465663767486617E-01  -7.313819387816537E+04
 -7.226009120890082E-03  -4.921259879673049E-01   4.406228040717066E-01  -7.313819387816537E+04
  1.576461770077352E-02  -4.752450802932474E-01   4.340324318994808E-01  -7.313819387816537E+04
  4.026833542971599E-02  -4.607659425736429E-01   4.267465211176897E-01  -7.313819387816537E+04
  6.592548142337154E-02  -4.487694985711236E-01   4.187379127271758E-01  -7.313819387816537E+04
  9.237021003069294E-02  -4.393227842854360E-01   4.100029815552663E-01  -7.313819387816537E+04
  1.192378482620580E-01  -4.324770772137547E-01   4.005621887282143E-01  -7.313819387816537E+04
  1.461720273701587E-01  -4.282659311970428E-01   3.904592256153477E-01  -7.313819387816537E+04
  1.728314194012422E-01  -4.267032282211318E-01   3.797588148346998E-01  -7.313819387816537E+04
  1.988959230613490E-01  -4.277813680558828E-01   3.685433030665148E-01  -7.313819387816537E+04
  2.240721626496595E-01  -4.314697198057026E-01   3.569082425368729E-01  -7.313819387816537E+04
  2.480981866169507E-01  -4.377134560090398E-01   3.449572101304604E-01  -7.313819387816537E+04
  2.707472776944237E-01  -4.464328798845582E-01   3.327961526689335E-01  -7.313819387816537E+04
  2.918308136280655E-01  -4.575233400225214E-01   3.205275720427216E-01  -7.313819387816537E+04
  3.112001454384742E-01  -4.708558049167317E-01   3.082448733850048E-01  -7.313819387816537E+04
  3.287474879022835E-01  -4.862781431624023E-01   2.960271928417715E-01  -7.313819387816537E+04
  3.444058437516502E-01  -5.036171250865848E-01   2.839349989985158E-01  -7.313819387816537E+04
  3.581480081114236E-01  -5.226811293957632E-01   2.720067247000494E-01  -7.313819387816537E+04
  3.699847222305407E-01  -5.432635056113216E-01   2.602566355769780E-01  -7.313819387816537E+04
  3.799620650200099E-01  -5.651465111663079E-01   2.486740804279644E-01  -7.313819387816537E+04
  3.881581868207709E-01  -5.881057125905019E-01   2.372241995758931E-01  -7.313819387816537E+04
  3.946795018692832E-01  -6.119147146636861E-01   2.258500936793869E-01  -7.313819387816537E+04
  3.996564639330791E-01  -6.363500610633896E-01   2.144763807358825E-01  -7.313819387816537E+04
  4.032390535260514E-01  -6.611961359516529E-01   2.030139967307742E-01  -7.313819387816537E+04
  4.055921050981894E-01  -6.862498889452774E-01   1.913660290512043E-01  -7.313819387816537E+04
  4.068905988704786E-01  -7.113252064963139E-01   1.794343146234908E-01  -7.313819387816537E+04
  4.073150349098722E-01  -7.362567610383910E-01   1.671264895783578E-01  -7.313819387816537E+04
  4.070469970623419E-01  -7.609031851458314E-01   1.543631463911874E-01  -7.313819387816537E+04
  4.062650020058933E-01  -7.851494408773277E-01   1.410847395342414E-01  -7.313819387816537E+04
  4.051407145187451E-01  -8.089082835797176E-01   1.272578826382724E-01  -7.313819387816537E+04
  4.038355946712843E-01  -8.321207535638609E-01   1.128806991439240E-01  -7.313819387816537E+04
  4.024980266320775E-01  -8.547556668436864E-01   9.798692379534886E-02  -7.313819387816537E+04
  4.012609626909139E-01  -8.768081159757635E-01   8.264850269378250E-02  -7.313819387816537E+04
  4.002401004624713E-01  -8.982970322578049E-01   6.697650288678596E-02  -7.313819387816537E+04
  3.995325964963716E-01  -9.192618994042278E-01   5.112021590388265E-02  -7.313819387816537E+04
  3.992163060601884E-01  -9.397587446120210E-01   3.526442004903836E-02  -7.313819387816537E+04
  3.993495269724950E-01  -9.598555640661408E-01   1.962485005701124E-02  -7.313819387816537E+04
  3.999712152438817E-01  -9.796273649957744E-01   4.442006149321022E-03  -7.313819387816537E+04
  4.011016320446631E-01  -9.991510242110213E-01  -1.002648620718650E-02  -7.313819387816537E+04
  4.027433751815477E-01  -1.018500172752146E+00  -2.351468308209376E-02  -7.313819387816537E+04
  4.048827437755541E-01  -1.037740317338811E+00  -3.575795234972861E-02  -7.313819387816537E+04
  4.074913820657656E-01  -1.056924401549735E+00  -4.650303813521830E-02  -7.313819387816537E+04
  4.105281470396818E-01  -1.076088993306840E+00  -5.551814020672192E-02  -7.313819387816537E+04
  4.139411446937609E-01  -1.095251260867416E+00  -6.260257708160011E-02  -7.313819387816537E+04
  4.176698809176262E-01  -1.114406868078953E+00  -6.759560834719935E-02  -7.313819387816537E+04
  4.216474750265785E-01  -1.133528882373258E+00  -7.038401715377196E-02  -7.313819387816537E+04
  4.258028866030978E-01  -1.152567747380699E+00  -7.090809718023310E-02  -7.313819387816537E+04
  4.300631093356327E-01  -1.171452327842635E+00  -6.916574796723778E-02  -7.313819387816537E+04
  4.343552887833971E-01  -1.190091989528447E+00  -6.521445598804616E-02  -7.313819387816537E+04
  4.386087243133497E-01  -1.208379633010348E+00  -5.917102318301261E-02  -7.313819387816537E+04
  4.427567187625508E-01  -1.226195559270583E+00  -5.120899640784860E-02  -7.313819387816537E+04
  4.467382426380777E-01  -1.243412008956713E+00  -4.155384647112193E-02  -7.313819387816537E+04
  4.504993828882237E-01  -1.259898187220177E+00  -3.047604010385745E-02  -7.313819387816537E+04
  4.539945495163446E-01  -1.275525563775588E+00  -1.828223823983855E-02  -7.313819387816537E+04
  4.571874166508680E-01  -1.290173224096456E+00  -5.304935478249461E-03  -7.313819387816537E+04
  4.600515782442884E-01  -1.303733043154811E+00   8.109075026086434E-03  -7.313819387816537E+04
  4.625709024749190E-01  -1.316114458070857E+00   2.161097283010889E-02  -7.313819387816537E+04
  4.647395732905757E-01  -1.327248630320665E+00   3.486244270298419E-02  -7.313819387816537E+04
  4.665618124705937E-01  -1.337091811218685E+00   4.754797630104036E-02  -7.313819387816537E+04
  4.680512811703876E-01  -1.345627755339964E+00   5.938645409864358E-02  -7.313819387816537E+04
  4.692301661894468E-01  -1.352869064132427E+00   7.014154210752570E-02  -7.313819387816537E+04
  4.701279631573521E-01  -1.358857384668078E+00   7.963048084885756E-02  -7.313819387816537E+04
  4.707799763941184E-01  -1.363662434549833E+00   8.773090478903342E-02  -7.313819387816537E+04
  4.712255632411556E-01  -1.367379871539031E+00   9.438540657827384E-02  -7.313819387816537E+04
  4.715061589866936E-01  -1.370128073541773E+00   9.960364884135346E-02  -7.313819387816537E+04
  4.716631268768139E-01  -1.372043939251249E+00   1.034619233272753E-01  -7.313819387816537E+04
  4.717354858125111E-01  -1.373277860146660E+00   1.061001589136612E-01  -7.313819387816537E+04
  4.717575758479670E-01  -1.373988049031796E+00   1.077164820561544E-01  -7.313819387816537E+04
  4.717567281638221E-01  -1.374334437437746E+00   1.085595315177642E-01  -7.313819387816537E+04
  4.717510114217044E-01  -1.374472372900103E+00   1.089188195049816E-01  -7.313819387816537E+04
  4.717471299522538E-01  -1.374546356588595E+00   1.091135099021425E-01  -7.313819387816537E+04
  4.717471299522538E-01  -1.374546356588595E+00   1.091135099021425E-01   0.000000000000000E+00 4 RotatedCurve8 
 -1.352180638371712E+00  -6.015271797225761E-01  -2.526041610997394E-01   1.000000000000000E+05
 -1.352228629844338E+00  -6.013961100028266E-01  -2.528301341234125E-01   1.000000000000000E+05
 -1.352349774405016E+00  -6.010289338714377E-01  -2.534671675129606E-01   1.000000000000000E+05
 -1.352577766712070E+00  -6.002555198305963E-01  -2.548167095455851E-01   1.000000000000000E+05
 -1.352927542321672E+00  -5.989101880949507E-01  -2.571757949936561E-01   1.000000000000000E+05
 -1.353392654197578E+00  -5.968354881562629E-01  -2.608287027782414E-01   1.000000000000000E+05
 -1.353943098066574E+00  -5.938855859239364E-01  -2.660384860562897E-01   1.000000000000000E+05
 -1.354523733946315E+00  -5.899291999904906E-01  -2.730386326907679E-01   1.000000000000000E+05
 -1.355053437827056E+00  -5.848520483682081E-01  -2.820251260110891E-01   1.000000000000000E+05
 -1.355425096815366E+00  -5.785587885109215E-01  -2.931491780552654E-01   1.000000000000000E+05
 -1.355506533669504E+00  -5.709744535896684E-01  -3.065108995278678E-01   1.000000000000000E+05
 -1.355142413533140E+00  -5.620454059562148E-01  -3.221541523531590E-01   1.000000000000000E+05
 -1.354157148067441E+00  -5.517398437737956E-01  -3.400628022255622E-01   1.000000000000000E+05
 -1.352358771601886E+00  -5.400479083666966E-01  -3.601585506664792E-01   1.000000000000000E+05
 -1.349543722069114E+00  -5.269814475857929E-01  -3.823004799076702E-01   1.000000000000000E+05
 -1.345502418170141E+00  -5.125734942638460E-01  -4.062863909347186E-01   1.000000000000000E+05
 -1.340025485279995E+00  -4.968775187137267E-01  -4.318559570616993E-01   1.000000000000000E+05
 -1.332910447849209E+00  -4.799665104810274E-01  -4.586956545482673E-01   1.000000000000000E+05
 -1.323968677154178E+00  -4.619319376624490E-01  -4.864453702669185E-01   1.000000000000000E+05
 -1.313032361663453E+00  -4.428826226644011E-01  -5.147065266213485E-01   1.000000000000000E+05
 -1.299961254206607E+00  -4.229435620479728E-01  -5.430515081383650E-01   1.000000000000000E+05
 -1.284648946412862E+00  -4.022547059154566E-01  -5.710341246330503E-01   1.000000000000000E+05
 -1.267028427005117E+00  -3.809697000072654E-01  -5.982008046095535E-01   1.000000000000000E+05
 -1.247076696561614E+00  -3.592545821560134E-01  -6.241021813538055E-01   1.000000000000000E+05
 -1.224818236943797E+00  -3.372864147932523E-01  -6.483047143855410E-01   1.000000000000000E+05
 -1.200327167975117E+00  -3.152518275343164E-01  -6.704019815295301E-01   1.000000000000000E+05
 -1.173727965994475E+00  -2.933454390545017E-01  -6.900252823369247E-01   1.000000000000000E+05
 -1.145194667107586E+00  -2.717681259268458E-01  -7.068532119406494E-01   1.000000000000000E+05
 -1.114948530539336E+00  -2.507251080414700E-01  -7.206198951669448E-01   1.000000000000000E+05
 -1.083254192452410E+00  -2.304238256905594E-01  -7.311216128654299E-01   1.000000000000000E+05
 -1.050414395807080E+00  -2.110715921982189E-01  -7.382216045268677E-01   1.000000000000000E+05
 -1.016763435109703E+00  -1.928730177189027E-01  -7.418528914961093E-01   1.000000000000000E+05
 -9.826595040898032E-01  -1.760272139585968E-01  -7.420190312922795E-01   1.000000000000000E+05
 -9.484761774454168E-01  -1.607248053706288E-01  -7.387927833073088E-01   1.000000000000000E+05
 -9.145932930078243E-01  -1.471447890027709E-01  -7.323127369029863E-01   1.000000000000000E+05
 -8.813875264973687E-01  -1.354513017034343E-01  -7.227780220493909E-01   1.000000000000000E+05
 -8.492229663284252E-01  -1.257903688760669E-01  -7.104412875788573E-01   1.000000000000000E+05
 -8.184419999398101E-01  -1.182867224587191E-01  -6.956001904574481E-01   1.000000000000000E+05
 -7.893568155873980E-01  -1.130407864169556E-01  -6.785876890367512E-01   1.000000000000000E+05
 -7.622418046081698E-01  -1.101259349962534E-01  -6.597614722135436E-01   1.000000000000000E+05
 -7.373271194758445E-01  -1.095861316564084E-01  -6.394928833711581E-01   1.000000000000000E+05
 -7.147936035778175E-01  -1.114340545607664E-01  -6.181557119444084E-01   1.000000000000000E+05
 -6.947692610051884E-01  -1.156498074840289E-01  -5.961152259799504E-01   1.000000000000000E+05
 -6.773273805521045E-01  -1.221803030299308E-01  -5.737178062127054E-01   1.000000000000000E+05
 -6.624863696222787E-01  -1.309393883470436E-01  -5.512815165162781E-01   1.000000000000000E+05
 -6.502112930763359E-01  -1.418087625635125E-01  -5.290879081687653E-01   1.000000000000000E+05
 -6.404170515522849E-01  -1.546397106149422E-01  -5.073753077064926E-01   1.000000000000000E+05
 -6.329730757789441E-01  -1.692556508933909E-01  -4.863337820999810E-01   1.000000000000000E+05
 -6.277093601073824E-01  -1.854554652387952E-01  -4.661019127662783E-01   1.000000000000000E+05
 -6.244236119495827E-01  -2.030175503838699E-01  -4.467654439323991E-01   1.000000000000000E+05
 -6.228892558073243E-01  -2.217045012749252E-01  -4.283578036069045E-01   1.000000000000000E+05
 -6.228640025265531E-01  -2.412683099651446E-01  -4.108624294385579E-01   1.000000000000000E+05
 -6.240986773528898E-01  -2.614559402155460E-01  -3.942167694964399E-01   1.000000000000000E+05
 -6.263459948822440E-01  -2.820151186505781E-01  -3.783177717682835E-01   1.000000000000000E+05
 -6.293689752244067E-01  -3.027001692638774E-01  -3.630286279476589E-01   1.000000000000000E+05
 -6.329487132894606E-01  -3.232777100283525E-01  -3.481864985254152E-01   1.000000000000000E+05
 -6.368912412802369E-01  -3.435320288776085E-01  -3.336109185695763E-01   1.000000000000000E+05
 -6.410332620279600E-01  -3.632699616786440E-01  -3.191125676734662E-01   1.000000000000000E+05
 -6.452465761791518E-01  -3.823251070178972E-01  -3.045020837020457E-01   1.000000000000000E+05
 -6.494410775702469E-01  -4.005612313995764E-01  -2.895986080191686E-01   1.000000000000000E+05
 -6.535662463349261E-01  -4.178747432540817E-01  -2.742377692167290E-01   1.000000000000000E+05
 -6.576111261698198E-01  -4.341961441615336E-01  -2.582788419425889E-01   1.000000000000000E+05
 -6.616028284897228E-01  -4.494903998653389E-01  -2.416108558102233E-01   1.000000000000000E+05
 -6.656036597399203E-01  -4.637562107449009E-01  -2.241574748283719E-01   1.000000000000000E+05
 -6.697070168496855E-01  -4.770242000518980E-01  -2.058805183375258E-01   1.000000000000000E+05
 -6.740322378820249E-01  -4.893540769181481E-01  -1.867820479570929E-01   1.000000000000000E+05
 -6.787186288327918E-01  -5.008308684117678E-01  -1.669049993503078E-01   1.000000000000000E+05
 -6.839189120868744E-01  -5.115603492803800E-01  -1.463323905554702E-01   1.000000000000000E+05
 -6.897923564803041E-01  -5.216638280960922E-01  -1.251851881867334E-01   1.000000000000000E+05
 -6.964978529012066E-01  -5.312724730778150E-01  -1.036189571545655E-01   1.000000000000000E+05
 -7.041871929802361E-01  -5.405213788857766E-01  -8.181945714936251E-02   1.000000000000000E+05
 -7.129987921864082E-01  -5.495435863814351E-01  -5.999737875863816E-02   1.000000000000000E+05
 -7.230520734657913E-01  -5.584642702255128E-01  -3.838243291047633E-02   1.000000000000000E+05
 -7.344426946966129E-01  -5.673953040545644E-01  -1.721701891486135E-02   1.000000000000000E+05
 -7.472387642334776E-01  -5.764303999546522E-01   3.250301322397188E-03   1.000000000000000E+05
 -7.614781454434023E-01  -5.856409984749610E-01   2.277130194846057E-02   1.000000000000000E+05
 -7.771669053049083E-01  -5.950730582280678E-01   4.110435850410228E-02   1.000000000000000E+05
 -7.942789158119573E-01  -6.047448612109728E-01   5.802029571060846E-02   1.000000000000000E+05
 -8.127565720310370E-01  -6.146459125872185E-01   7.330766119626037E-02   1.000000000000000E+05
 -8.325125490239811E-01  -6.247369732134942E-01   8.677730069241732E-02   1.000000000000000E+05
 -8.534324831044349E-01  -6.349512212185433E-01   9.826614492501269E-02   1.000000000000000E+05
 -8.753784324199890E-01  -6.451964970569658E-01   1.076401540992898E-01   1.000000000000000E+05
 -8.981929487126699E-01  -6.553585462748167E-01   1.147964008756316E-01   1.000000000000000E+05
 -9.217035770253379E-01  -6.653051372821622E-01   1.196643055241339E-01   1.000000000000000E+05
 -9.457275934343721E-01  -6.748908991476045E-01   1.222060661651919E-01   1.000000000000000E+05
 -9.700767925629784E-01  -6.839626980451009E-01   1.224163515296514E-01   1.000000000000000E+05
 -9.945621462572244E-01  -6.923653514947729E-01   1.203213426644002E-01   1.000000000000000E+05
 -1.018998171637626E+00  -6.999474676744214E-01   1.159772229411037E-01   1.000000000000000E+05
 -1.043206869720128E+00  -7.065671932630075E-01   1.094682224002711E-01   1.000000000000000E+05
 -1.067021123631675E+00  -7.120976576195145E-01   1.009043230123724E-01   1.000000000000000E+05
 -1.090287476645581E+00  -7.164319133875499E-01   9.041872630741105E-02   1.000000000000000E+05
 -1.112868243238652E+00  -7.194871933240681E-01   7.816517474059166E-02   1.000000000000000E+05
 -1.134642939500554E+00  -7.212083294679369E-01   6.431520408745336E-02   1.000000000000000E+05
 -1.155509050923531E+00  -7.215702126253458E-01   4.905538724079454E-02   1.000000000000000E+05
 -1.175382184401442E+00  -7.205792062799284E-01   3.258461127462107E-02   1.000000000000000E+05
 -1.194195675887885E+00  -7.182734680056607E-01   1.511141085587005E-02   1.000000000000000E+05
 -1.211899744561298E+00  -7.147221717427962E-01  -3.148636691007108E-03   1.000000000000000E+05
 -1.228460297763208E+00  -7.100236643296332E-01  -2.197546493347367E-02   1.000000000000000E+05
 -1.243857497973964E+00  -7.043026279329204E-01  -4.114704308931342E-02   1.000000000000000E+05
 -1.258084203560413E+00  -6.977063550450999E-01  -6.044190284318990E-02   1.000000000000000E+05
 -1.271144389196855E+00  -6.904002732228750E-01  -7.964170167526528E-02   1.000000000000000E+05
 -1.283051640264886E+00  -6.825628816329425E-01  -9.853385582114890E-02   1.000000000000000E+05
 -1.293827799005735E+00  -6.743802798912034E-01  -1.169142697207914E-01   1.000000000000000E+05
 -1.303501819797110E+00  -6.660404810470726E-01  -1.345901779410971E-01   1.000000000000000E+05
 -1.312108867907315E+00  -6.577277045812342E-01  -1.513831006777157E-01   1.000000000000000E+05
 -1.319689671814885E+00  -6.496168419583076E-01  -1.671318959199999E-01   1.000000000000000E+05
 -1.326290115095455E+00  -6.418682769031733E-01  -1.816958712804479E-01   1.000000000000000E+05
 -1.331961031371020E+00  -6.346232257244112E-01  -1.949578975890589E-01   1.000000000000000E+05
 -1.336758146200193E+00  -6.279997405101937E-01  -2.068274459756938E-01   1.000000000000000E+05
 -1.340742094213276E+00  -6.220894908986115E-01  -2.172434516805750E-01   1.000000000000000E+05
 -1.343978429198267E+00  -6.169554095643723E-01  -2.261768925725831E-01   1.000000000000000E+05
 -1.346537539894045E+00  -6.126302538635789E-01  -2.336329595310294E-01   1.000000000000000E+05
 -1.348494385316205E+00  -6.091161025859453E-01  -2.396526904921711E-01   1.000000000000000E+05
 -1.349927970580501E+00  -6.063847738210895E-01  -2.443139408697425E-01   1.000000000000000E+05
 -1.350920497124616E+00  -6.043791188315418E-01  -2.477315707331070E-01   1.000000000000000E+05
 -1.351556139372767E+00  -6.030151187038254E-01  -2.500567437465471E-01   1.000000000000000E+05
 -1.351919422363007E+00  -6.021846864223607E-01  -2.514752542727151E-01   1.000000000000000E+05
 -1.352093200539804E+00  -6.017590576807985E-01  -2.522048267065878E-01   1.000000000000000E+05
 -1.352156265485446E+00  -6.015926397837082E-01  -2.524913641800848E-01   1.000000000000000E+05
 -1.352180638371712E+00  -6.015271797225762E-01  -2.526041610997394E-01   1.000000000000000E+05
 -1.352180638371712E+00  -6.015271797225761E-01  -2.526041610997394E-01   0.000000000000000E+00 5 RotatedCurve9 
 -4.717471299522539E-01  -1.374546356588595E+00  -1.091135099021425E-01   7.313819387816537E+04
 -4.717385507568106E-01  -1.374684061637011E+00  -1.094800478485320E-01   7.313819387816537E+04
 -4.717039355291358E-01  -1.374990862812717E+00  -1.103591207907056E-01   7.313819387816537E+04
 -4.716059506101951E-01  -1.375545089293785E+00  -1.120824574566577E-01   7.313819387816537E+04
 -4.713905218404942E-01  -1.376394185081340E+00  -1.149599768561464E-01   7.313819387816537E+04
 -4.709865926303751E-01  -1.377551927101952E+00  -1.192677842022019E-01   7.313819387816537E+04
 -4.703064322940194E-01  -1.378996810780150E+00  -1.252374752425472E-01   7.313819387816537E+04
 -4.692465279632040E-01  -1.380671668447109E+00  -1.330471564070904E-01   7.313819387816537E+04
 -4.676890774993455E-01  -1.382484539221804E+00  -1.428145177241205E-01   7.313819387816537E+04
 -4.655040831516613E-01  -1.384310761862144E+00  -1.545922116231396E-01   7.313819387816537E+04
 -4.625520267584607E-01  -1.385996216444795E+00  -1.683656970713803E-01   7.313819387816537E+04
 -4.586870876351996E-01  -1.387361598424179E+00  -1.840536089310274E-01   7.313819387816537E+04
 -4.537608445808263E-01  -1.388207571319202E+00  -2.015106111541172E-01   7.313819387816537E+04
 -4.476263843511455E-01  -1.388320613431568E+00  -2.205325936835451E-01   7.313819387816537E+04
 -4.401427212016254E-01  -1.387479350779157E+00  -2.408639808041612E-01   7.313819387816537E+04
 -4.311794163916508E-01  -1.385461153667795E+00  -2.622068369859812E-01   7.313819387816537E+04
 -4.206212735312763E-01  -1.382048768497776E+00  -2.842313883148627E-01   7.313819387816537E+04
 -4.083729759401178E-01  -1.377036759601006E+00  -3.065875261410262E-01   7.313819387816537E+04
 -3.943635262864225E-01  -1.370237547844447E+00  -3.289168265987145E-01   7.313819387816537E+04
 -3.785503470792394E-01  -1.361486852766739E+00  -3.508646063648538E-01   7.313819387816537E+04
 -3.609229033609785E-01  -1.350648372157625E+00  -3.720915417851129E-01   7.313819387816537E+04
 -3.415057163051952E-01  -1.337617565979627E+00  -3.922844047972125E-01   7.313819387816537E+04
 -3.203606483194675E-01  -1.322324448877351E+00  -4.111655135868394E-01   7.313819387816537E+04
 -2.975883564762783E-01  -1.304735335571438E+00  -4.285005565158669E-01   7.313819387816537E+04
 -2.733288312747363E-01  -1.284853524455790E+00  -4.441045217889569E-01   7.313819387816537E+04
 -2.477609613482038E-01  -1.262718944963275E+00  -4.578455492500142E-01   7.313819387816537E+04
 -2.211010911141263E-01  -1.238406832059257E+00  -4.696466109037283E-01   7.313819387816537E+04
 -1.936005667306335E-01  -1.212025525025812E+00  -4.794850192863445E-01   7.313819387816537E+04
 -1.655422952047097E-01  -1.183713516179885E+00  -4.873898536523421E-01   7.313819387816537E+04
 -1.372363711501328E-01  -1.153635897253724E+00  -4.934374792056703E-01   7.313819387816537E+04
 -1.090148545501089E-01  -1.121980366088425E+00  -4.977454106783294E-01   7.313819387816537E+04
 -8.122580997320809E-02  -1.088952963617430E+00  -5.004648352805821E-01   7.313819387816537E+04
 -5.422674209392541E-02  -1.054773710760875E+00  -5.017721588290043E-01   7.313819387816537E+04
 -2.837758322576769E-02  -1.019672307074882E+00  -5.018599708005117E-01   7.313819387816537E+04
 -4.033405134816289E-03  -9.838840383927008E-01  -5.009278380264346E-01   7.313819387816537E+04
  1.846296095165857E-02  -9.476460201457535E-01  -4.991733324023204E-01   7.313819387816537E+04
  3.878820595317016E-02  -9.111938777034880E-01  -4.967836758331995E-01   7.313819387816537E+04
  5.664553535460118E-02  -8.747589362603466E-01  -4.939283469332867E-01   7.313819387816537E+04
  7.177118676311746E-02  -8.385659619977353E-01  -4.907529407486183E-01   7.313819387816537E+04
  8.394029771773874E-02  -8.028314649935429E-01  -4.873745075928059E-01   7.313819387816537E+04
  9.297196501527678E-02  -7.677625441677484E-01  -4.838785231056950E-01   7.313819387816537E+04
  9.873335785555803E-02  -7.335562268865697E-01  -4.803175623473759E-01   7.313819387816537E+04
  1.011427723977180E-01  -7.003992319999434E-01  -4.767116698103682E-01   7.313819387816537E+04
  1.001715440725176E-01  -6.684680661527272E-01  -4.730503383873902E-01   7.313819387816537E+04
  9.584476530970523E-02  -6.379293500289736E-01  -4.692959371512501E-01   7.313819387816537E+04
  8.824078922477459E-02  -6.089402643087299E-01  -4.653883635700906E-01   7.313819387816537E+04
  7.748953322491056E-02  -5.816490047705459E-01  -4.612506433348512E-01   7.313819387816537E+04
  6.376962938350150E-02  -5.561951420684200E-01  -4.567951625861444E-01   7.313819387816537E+04
  4.730449976266132E-02  -5.327097938402312E-01  -4.519301945958704E-01   7.313819387816537E+04
  2.835746365845987E-02  -5.113155342604663E-01  -4.465663767486617E-01   7.313819387816537E+04
  7.226009120890022E-03  -4.921259879673049E-01  -4.406228040717066E-01   7.313819387816537E+04
 -1.576461770077358E-02  -4.752450802932474E-01  -4.340324318994808E-01   7.313819387816537E+04
 -4.026833542971605E-02  -4.607659425736429E-01  -4.267465211176897E-01   7.313819387816537E+04
 -6.592548142337160E-02  -4.487694985711236E-01  -4.187379127271758E-01   7.313819387816537E+04
 -9.237021003069300E-02  -4.393227842854360E-01  -4.100029815552663E-01   7.313819387816537E+04
 -1.192378482620580E-01  -4.324770772137547E-01  -4.005621887282143E-01   7.313819387816537E+04
 -1.461720273701587E-01  -4.282659311970428E-01  -3.904592256153477E-01   7.313819387816537E+04
 -1.728314194012423E-01  -4.267032282211318E-01  -3.797588148346998E-01   7.313819387816537E+04
 -1.988959230613490E-01  -4.277813680558828E-01  -3.685433030665148E-01   7.313819387816537E+04
 -2.240721626496596E-01  -4.314697198057026E-01  -3.569082425368729E-01   7.313819387816537E+04
 -2.480981866169507E-01  -4.377134560090397E-01  -3.449572101304604E-01   7.313819387816537E+04
 -2.707472776944238E-01  -4.464328798845582E-01  -3.327961526689335E-01   7.313819387816537E+04
 -2.918308136280655E-01  -4.575233400225213E-01  -3.205275720427216E-01   7.313819387816537E+04
 -3.112001454384743E-01  -4.708558049167316E-01  -3.082448733850048E-01   7.313819387816537E+04
 -3.287474879022836E-01  -4.862781431624023E-01  -2.960271928417715E-01   7.313819387816537E+04
 -3.444058437516503E-01  -5.036171250865848E-01  -2.839349989985158E-01   7.313819387816537E+04
 -3.581480081114236E-01  -5.226811293957632E-01  -2.720067247000494E-01   7.313819387816537E+04
 -3.699847222305408E-01  -5.432635056113216E-01  -2.602566355769780E-01   7.313819387816537E+04
 -3.799620650200100E-01  -5.651465111663079E-01  -2.486740804279644E-01   7.313819387816537E+04
 -3.881581868207710E-01  -5.881057125905019E-01  -2.372241995758931E-01   7.313819387816537E+04
 -3.946795018692833E-01  -6.119147146636861E-01  -2.258500936793869E-01   7.313819387816537E+04
 -3.996564639330792E-01  -6.363500610633896E-01  -2.144763807358825E-01   7.313819387816537E+04
 -4.032390535260514E-01  -6.611961359516529E-01  -2.030139967307742E-01   7.313819387816537E+04
 -4.055921050981895E-01  -6.862498889452774E-01  -1.913660290512043E-01   7.313819387816537E+04
 -4.068905988704787E-01  -7.113252064963139E-01  -1.794343146234908E-01   7.313819387816537E+04
 -4.073150349098723E-01  -7.362567610383910E-01  -1.671264895783578E-01   7.313819387816537E+04
 -4.070469970623420E-01  -7.609031851458314E-01  -1.543631463911874E-01   7.313819387816537E+04
 -4.062650020058934E-01  -7.851494408773277E-01  -1.410847395342414E-01   7.313819387816537E+04
 -4.051407145187452E-01  -8.089082835797176E-01  -1.272578826382724E-01   7.313819387816537E+04
 -4.038355946712844E-01  -8.321207535638609E-01  -1.128806991439240E-01   7.313819387816537E+04
 -4.024980266320776E-01  -8.547556668436864E-01  -9.798692379534886E-02   7.313819387816537E+04
 -4.012609626909140E-01  -8.768081159757635E-01  -8.264850269378250E-02   7.313819387816537E+04
 -4.002401004624714E-01  -8.982970322578049E-01  -6.697650288678596E-02   7.313819387816537E+04
 -3.995325964963717E-01  -9.192618994042278E-01  -5.112021590388265E-02   7.313819387816537E+04
 -3.992163060601885E-01  -9.397587446120210E-01  -3.526442004903836E-02   7.313819387816537E+04
 -3.993495269724952E-01  -9.598555640661408E-01  -1.962485005701124E-02   7.313819387816537E+04
 -3.999712152438818E-01  -9.796273649957744E-01  -4.442006149321022E-03   7.313819387816537E+04
 -4.011016320446632E-01  -9.991510242110213E-01   1.002648620718650E-02   7.313819387816537E+04
 -4.027433751815478E-01  -1.018500172752146E+00   2.351468308209376E-02   7.313819387816537E+04
 -4.048827437755542E-01  -1.037740317338811E+00   3.575795234972861E-02   7.313819387816537E+04
 -4.074913820657657E-01  -1.056924401549735E+00   4.650303813521830E-02   7.313819387816537E+04
 -4.105281470396819E-01  -1.076088993306840E+00   5.551814020672192E-02   7.313819387816537E+04
 -4.139411446937610E-01  -1.095251260867416E+00   6.260257708160011E-02   7.313819387816537E+04
 -4.176698809176263E-01  -1.114406868078953E+00   6.759560834719935E-02   7.313819387816537E+04
 -4.216474750265787E-01  -1.133528882373258E+00   7.038401715377196E-02   7.313819387816537E+04
 -4.258028866030980E-01  -1.152567747380699E+00   7.090809718023310E-02   7.313819387816537E+04
 -4.300631093356329E-01  -1.171452327842635E+00   6.916574796723778E-02   7.313819387816537E+04
 -4.343552887833972E-01  -1.190091989528447E+00   6.521445598804616E-02   7.313819387816537E+04
 -4.386087243133499E-01  -1.208379633010348E+00   5.917102318301261E-02   7.313819387816537E+04
 -4.427567187625510E-01  -1.226195559270583E+00   5.120899640784860E-02   7.313819387816537E+04
 -4.467382426380778E-01  -1.243412008956713E+00   4.155384647112193E-02   7.313819387816537E+04
 -4.504993828882238E-01  -1.259898187220177E+00   3.047604010385745E-02   7.313819387816537E+04
 -4.539945495163448E-01  -1.275525563775588E+00   1.828223823983855E-02   7.313819387816537E+04
 -4.571874166508682E-01  -1.290173224096456E+00   5.304935478249461E-03   7.313819387816537E+04
 -4.600515782442886E-01  -1.303733043154811E+00  -8.109075026086434E-03   7.313819387816537E+04
 -4.625709024749192E-01  -1.316114458070857E+00  -2.161097283010889E-02   7.313819387816537E+04
 -4.647395732905759E-01  -1.327248630320665E+00  -3.486244270298419E-02   7.313819387816537E+04
 -4.665618124705939E-01  -1.337091811218685E+00  -4.754797630104036E-02   7.313819387816537E+04
 -4.680512811703877E-01  -1.345627755339964E+00  -5.938645409864358E-02   7.313819387816537E+04
 -4.692301661894470E-01  -1.352869064132427E+00  -7.014154210752570E-02   7.313819387816537E+04
 -4.701279631573522E-01  -1.358857384668078E+00  -7.963048084885756E-02   7.313819387816537E+04
 -4.707799763941186E-01  -1.363662434549833E+00  -8.773090478903342E-02   7.313819387816537E+04
 -4.712255632411557E-01  -1.367379871539031E+00  -9.438540657827384E-02   7.313819387816537E+04
 -4.715061589866938E-01  -1.370128073541773E+00  -9.960364884135346E-02   7.313819387816537E+04
 -4.716631268768141E-01  -1.372043939251249E+00  -1.034619233272753E-01   7.313819387816537E+04
 -4.717354858125113E-01  -1.373277860146660E+00  -1.061001589136612E-01   7.313819387816537E+04
 -4.717575758479671E-01  -1.373988049031796E+00  -1.077164820561544E-01   7.313819387816537E+04
 -4.717567281638223E-01  -1.374334437437746E+00  -1.085595315177642E-01   7.313819387816537E+04
 -4.717510114217046E-01  -1.374472372900103E+00  -1.089188195049816E-01   7.313819387816537E+04
 -4.717471299522539E-01  -1.374546356588595E+00  -1.091135099021425E-01   7.313819387816537E+04
 -4.717471299522539E-01  -1.374546356588595E+00  -1.091135099021425E-01   0.000000000000000E+00 6 RotatedCurve10 
 -1.352180638371712E+00   6.015271797225761E-01   2.526041610997394E-01  -1.000000000000000E+05
 -1.352228629844338E+00   6.013961100028266E-01   2.528301341234125E-01  -1.000000000000000E+05
 -1.352349774405016E+00   6.010289338714377E-01   2.534671675129606E-01  -1.000000000000000E+05
 -1.352577766712070E+00   6.002555198305963E-01   2.548167095455851E-01  -1.000000000000000E+05
 -1.352927542321672E+00   5.989101880949507E-01   2.571757949936561E-01  -1.000000000000000E+05
 -1.353392654197578E+00   5.968354881562629E-01   2.608287027782414E-01  -1.000000000000000E+05
 -1.353943098066574E+00   5.938855859239364E-01   2.660384860562897E-01  -1.000000000000000E+05
 -1.354523733946315E+00   5.899291999904906E-01   2.730386326907679E-01  -1.000000000000000E+05
 -1.355053437827056E+00   5.848520483682081E-01   2.820251260110891E-01  -1.000000000000000E+05
 -1.355425096815366E+00   5.785587885109215E-01   2.931491780552654E-01  -1.000000000000000E+05
 -1.355506533669504E+00   5.709744535896684E-01   3.065108995278678E-01  -1.000000000000000E+05
 -1.355142413533140E+00   5.620454059562148E-01   3.221541523531590E-01  -1.000000000000000E+05
 -1.354157148067441E+00   5.517398437737956E-01   3.400628022255622E-01  -1.000000000000000E+05
 -1.352358771601886E+00   5.400479083666966E-01   3.601585506664792E-01  -1.000000000000000E+05
 -1.349543722069114E+00   5.269814475857929E-01   3.823004799076702E-01  -1.000000000000000E+05
 -1.345502418170141E+00   5.125734942638460E-01   4.062863909347186E-01  -1.000000000000000E+05
 -1.340025485279995E+00   4.968775187137267E-01   4.318559570616993E-01  -1.000000000000000E+05
 -1.332910447849209E+00   4.799665104810274E-01   4.586956545482673E-01  -1.000000000000000E+05
 -1.323968677154178E+00   4.619319376624490E-01   4.864453702669185E-01  -1.000000000000000E+05
 -1.313032361663453E+00   4.428826226644011E-01   5.147065266213485E-01  -1.000000000000000E+05
 -1.299961254206607E+00   4.229435620479728E-01   5.430515081383650E-01  -1.000000000000000E+05
 -1.284648946412862E+00   4.022547059154566E-01   5.710341246330503E-01  -1.000000000000000E+05
 -1.267028427005117E+00   3.809697000072654E-01   5.982008046095535E-01  -1.000000000000000E+05
 -1.247076696561614E+00   3.592545821560134E-01   6.241021813538055E-01  -1.000000000000000E+05
 -1.224818236943797E+00   3.372864147932523E-01   6.483047143855410E-01  -1.000000000000000E+05
 -1.200327167975117E+00   3.152518275343164E-01   6.704019815295301E-01  -1.000000000000000E+05
 -1.173727965994475E+00   2.933454390545017E-01   6.900252823369247E-01  -1.000000000000000E+05
 -1.145194667107586E+00   2.717681259268458E-01   7.068532119406494E-01  -1.000000000000000E+05
 -1.114948530539336E+00   2.507251080414700E-01   7.206198951669448E-01  -1.000000000000000E+05
 -1.083254192452410E+00   2.304238256905594E-01   7.311216128654299E-01  -1.000000000000000E+05
 -1.050414395807080E+00   2.110715921982189E-01   7.382216045268677E-01  -1.000000000000000E+05
 -1.016763435109703E+00   1.928730177189027E-01   7.418528914961093E-01  -1.000000000000000E+05
 -9.826595040898032E-01   1.760272139585968E-01   7.420190312922795E-01  -1.000000000000000E+05
 -9.484761774454168E-01   1.607248053706288E-01   7.387927833073088E-01  -1.000000000000000E+05
 -9.145932930078243E-01   1.471447890027709E-01   7.323127369029863E-01  -1.000000000000000E+05
 -8.813875264973687E-01   1.354513017034343E-01   7.227780220493909E-01  -1.000000000000000E+05
 -8.492229663284252E-01   1.257903688760669E-01   7.104412875788573E-01  -1.000000000000000E+05
 -8.184419999398101E-01   1.182867224587191E-01   6.956001904574481E-01  -1.000000000000000E+05
 -7.893568155873980E-01   1.130407864169556E-01   6.785876890367512E-01  -1.000000000000000E+05
 -7.622418046081698E-01   1.101259349962534E-01   6.597614722135436E-01  -1.000000000000000E+05
 -7.373271194758445E-01   1.095861316564084E-01   6.394928833711581E-01  -1.000000000000000E+05
 -7.147936035778175E-01   1.114340545607664E-01   6.181557119444084E-01  -1.000000000000000E+05
 -6.947692610051884E-01   1.156498074840289E-01   5.961152259799504E-01  -1.000000000000000E+05
 -6.773273805521045E-01   1.221803030299308E-01   5.737178062127054E-01  -1.000000000000000E+05
 -6.624863696222787E-01   1.309393883470436E-01   5.512815165162781E-01  -1.000000000000000E+05
 -6.502112930763359E-01   1.418087625635125E-01   5.290879081687653E-01  -1.000000000000000E+05
 -6.404170515522849E-01   1.546397106149422E-01   5.073753077064926E-01  -1.000000000000000E+05
 -6.329730757789441E-01   1.692556508933909E-01   4.863337820999810E-01  -1.000000000000000E+05
 -6.277093601073824E-01   1.854554652387952E-01   4.661019127662783E-01  -1.000000000000000E+05
 -6.244236119495827E-01   2.030175503838699E-01   4.467654439323991E-01  -1.000000000000000E+05
 -6.228892558073243E-01   2.217045012749252E-01   4.283578036069045E-01  -1.000000000000000E+05
 -6.228640025265531E-01   2.412683099651446E-01   4.108624294385579E-01  -1.000000000000000E+05
 -6.240986773528898E-01   2.614559402155460E-01   3.942167694964399E-01  -1.000000000000000E+05
 -6.263459948822440E-01   2.820151186505781E-01   3.783177717682835E-01  -1.000000000000000E+05
 -6.293689752244067E-01   3.027001692638774E-01   3.630286279476589E-01  -1.000000000000000E+05
 -6.329487132894606E-01   3.232777100283525E-01   3.481864985254152E-01  -1.000000000000000E+05
 -6.368912412802369E-01   3.435320288776085E-01   3.336109185695763E-01  -1.000000000000000E+05
 -6.410332620279600E-01   3.632699616786440E-01   3.191125676734662E-01  -1.000000000000000E+05
 -6.452465761791518E-01   3.823251070178972E-01   3.045020837020457E-01  -1.000000000000000E+05
 -6.494410775702469E-01   4.005612313995764E-01   2.895986080191686E-01  -1.000000000000000E+05
 -6.535662463349261E-01   4.178747432540817E-01   2.742377692167290E-01  -1.000000000000000E+05
 -6.576111261698198E-01   4.341961441615336E-01   2.582788419425889E-01  -1.000000000000000E+05
 -6.616028284897228E-01   4.494903998653389E-01   2.416108558102233E-01  -1.000000000000000E+05
 -6.656036597399203E-01   4.637562107449009E-01   2.241574748283719E-01  -1.000000000000000E+05
 -6.697070168496855E-01   4.770242000518980E-01   2.058805183375258E-01  -1.000000000000000E+05
 -6.740322378820249E-01   4.893540769181481E-01   1.867820479570929E-01  -1.000000000000000E+05
 -6.787186288327918E-01   5.008308684117678E-01   1.669049993503078E-01  -1.000000000000000E+05
 -6.839189120868744E-01   5.115603492803800E-01   1.463323905554702E-01  -1.000000000000000E+05
 -6.897923564803041E-01   5.216638280960922E-01   1.251851881867334E-01  -1.000000000000000E+05
 -6.964978529012066E-01   5.312724730778150E-01   1.036189571545655E-01  -1.000000000000000E+05
 -7.041871929802361E-01   5.405213788857766E-01   8.181945714936251E-02  -1.000000000000000E+05
 -7.129987921864082E-01   5.495435863814351E-01   5.999737875863816E-02  -1.000000000000000E+05
 -7.230520734657913E-01   5.584642702255128E-01   3.838243291047633E-02  -1.000000000000000E+05
 -7.344426946966129E-01   5.673953040545644E-01   1.721701891486135E-02  -1.000000000000000E+05
 -7.472387642334776E-01   5.764303999546522E-01  -3.250301322397188E-03  -1.000000000000000E+05
 -7.614781454434023E-01   5.856409984749610E-01  -2.277130194846057E-02  -1.000000000000000E+05
 -7.771669053049083E-01   5.950730582280678E-01  -4.110435850410228E-02  -1.000000000000000E+05
 -7.942789158119573E-01   6.047448612109728E-01  -5.802029571060846E-02  -1.000000000000000E+05
 -8.127565720310370E-01   6.146459125872185E-01  -7.330766119626037E-02  -1.000000000000000E+05
 -8.325125490239811E-01   6.247369732134942E-01  -8.677730069241732E-02  -1.000000000000000E+05
 -8.534324831044349E-01   6.349512212185433E-01  -9.826614492501269E-02  -1.000000000000000E+05
 -8.753784324199890E-01   6.451964970569658E-01  -1.076401540992898E-01  -1.000000000000000E+05
 -8.981929487126699E-01   6.553585462748167E-01  -1.147964008756316E-01  -1.000000000000000E+05
 -9.217035770253379E-01   6.653051372821622E-01  -1.196643055241339E-01  -1.000000000000000E+05
 -9.457275934343721E-01   6.748908991476045E-01  -1.222060661651919E-01  -1.000000000000000E+05
 -9.700767925629784E-01   6.839626980451009E-01  -1.224163515296514E-01  -1.000000000000000E+05
 -9.945621462572244E-01   6.923653514947729E-01  -1.203213426644002E-01  -1.000000000000000E+05
 -1.018998171637626E+00   6.999474676744214E-01  -1.159772229411037E-01  -1.000000000000000E+05
 -1.043206869720128E+00   7.065671932630075E-01  -1.094682224002711E-01  -1.000000000000000E+05
 -1.067021123631675E+00   7.120976576195145E-01  -1.009043230123724E-01  -1.000000000000000E+05
 -1.090287476645581E+00   7.164319133875499E-01  -9.041872630741105E-02  -1.000000000000000E+05
 -1.112868243238652E+00   7.194871933240681E-01  -7.816517474059166E-02  -1.000000000000000E+05
 -1.134642939500554E+00   7.212083294679369E-01  -6.431520408745336E-02  -1.000000000000000E+05
 -1.155509050923531E+00   7.215702126253458E-01  -4.905538724079454E-02  -1.000000000000000E+05
 -1.175382184401442E+00   7.205792062799284E-01  -3.258461127462107E-02  -1.000000000000000E+05
 -1.194195675887885E+00   7.182734680056607E-01  -1.511141085587005E-02  -1.000000000000000E+05
 -1.211899744561298E+00   7.147221717427962E-01   3.148636691007108E-03  -1.000000000000000E+05
 -1.228460297763208E+00   7.100236643296332E-01   2.197546493347367E-02  -1.000000000000000E+05
 -1.243857497973964E+00   7.043026279329204E-01   4.114704308931342E-02  -1.000000000000000E+05
 -1.258084203560413E+00   6.977063550450999E-01   6.044190284318990E-02  -1.000000000000000E+05
 -1.271144389196855E+00   6.904002732228750E-01   7.964170167526528E-02  -1.000000000000000E+05
 -1.283051640264886E+00   6.825628816329425E-01   9.853385582114890E-02  -1.000000000000000E+05
 -1.293827799005735E+00   6.743802798912034E-01   1.169142697207914E-01  -1.000000000000000E+05
 -1.303501819797110E+00   6.660404810470726E-01   1.345901779410971E-01  -1.000000000000000E+05
 -1.312108867907315E+00   6.577277045812342E-01   1.513831006777157E-01  -1.000000000000000E+05
 -1.319689671814885E+00   6.496168419583076E-01   1.671318959199999E-01  -1.000000000000000E+05
 -1.326290115095455E+00   6.418682769031733E-01   1.816958712804479E-01  -1.000000000000000E+05
 -1.331961031371020E+00   6.346232257244112E-01   1.949578975890589E-01  -1.000000000000000E+05
 -1.336758146200193E+00   6.279997405101937E-01   2.068274459756938E-01  -1.000000000000000E+05
 -1.340742094213276E+00   6.220894908986115E-01   2.172434516805750E-01  -1.000000000000000E+05
 -1.343978429198267E+00   6.169554095643723E-01   2.261768925725831E-01  -1.000000000000000E+05
 -1.346537539894045E+00   6.126302538635789E-01   2.336329595310294E-01  -1.000000000000000E+05
 -1.348494385316205E+00   6.091161025859453E-01   2.396526904921711E-01  -1.000000000000000E+05
 -1.349927970580501E+00   6.063847738210895E-01   2.443139408697425E-01  -1.000000000000000E+05
 -1.350920497124616E+00   6.043791188315418E-01   2.477315707331070E-01  -1.000000000000000E+05
 -1.351556139372767E+00   6.030151187038254E-01   2.500567437465471E-01  -1.000000000000000E+05
 -1.351919422363007E+00   6.021846864223607E-01   2.514752542727151E-01  -1.000000000000000E+05
 -1.352093200539804E+00   6.017590576807985E-01   2.522048267065878E-01  -1.000000000000000E+05
 -1.352156265485446E+00   6.015926397837082E-01   2.524913641800848E-01  -1.000000000000000E+05
 -1.352180638371712E+00   6.015271797225762E-01   2.526041610997394E-01  -1.000000000000000E+05
 -1.352180638371712E+00   6.015271797225761E-01   2.526041610997394E-01   0.000000000000000E+00 7 RotatedCurve11 
 -4.717471299522539E-01   1.374546356588595E+00   1.091135099021425E-01  -7.313819387816537E+04
 -4.717385507568106E-01   1.374684061637011E+00   1.094800478485320E-01  -7.313819387816537E+04
 -4.717039355291358E-01   1.374990862812717E+00   1.103591207907056E-01  -7.313819387816537E+04
 -4.716059506101951E-01   1.375545089293785E+00   1.120824574566577E-01  -7.313819387816537E+04
 -4.713905218404942E-01   1.376394185081340E+00   1.149599768561464E-01  -7.313819387816537E+04
 -4.709865926303751E-01   1.377551927101952E+00   1.192677842022019E-01  -7.313819387816537E+04
 -4.703064322940194E-01   1.378996810780150E+00   1.252374752425472E-01  -7.313819387816537E+04
 -4.692465279632040E-01   1.380671668447109E+00   1.330471564070904E-01  -7.313819387816537E+04
 -4.676890774993455E-01   1.382484539221804E+00   1.428145177241205E-01  -7.313819387816537E+04
 -4.655040831516613E-01   1.384310761862144E+00   1.545922116231396E-01  -7.313819387816537E+04
 -4.625520267584607E-01   1.385996216444795E+00   1.683656970713803E-01  -7.313819387816537E+04
 -4.586870876351996E-01   1.387361598424179E+00   1.840536089310274E-01  -7.313819387816537E+04
 -4.537608445808263E-01   1.388207571319202E+00   2.015106111541172E-01  -7.313819387816537E+04
 -4.476263843511455E-01   1.388320613431568E+00   2.205325936835451E-01  -7.313819387816537E+04
 -4.401427212016254E-01   1.387479350779157E+00   2.408639808041612E-01  -7.313819387816537E+04
 -4.311794163916508E-01   1.385461153667795E+00   2.622068369859812E-01  -7.313819387816537E+04
 -4.206212735312763E-01   1.382048768497776E+00   2.842313883148627E-01  -7.313819387816537E+04
 -4.083729759401178E-01   1.377036759601006E+00   3.065875261410262E-01  -7.313819387816537E+04
 -3.943635262864225E-01   1.370237547844447E+00   3.289168265987145E-01  -7.313819387816537E+04
 -3.785503470792394E-01   1.361486852766739E+00   3.508646063648538E-01  -7.313819387816537E+04
 -3.609229033609785E-01   1.350648372157625E+00   3.720915417851129E-01  -7.313819387816537E+04
 -3.415057163051952E-01   1.337617565979627E+00   3.922844047972125E-01  -7.313819387816537E+04
 -3.203606483194675E-01   1.322324448877351E+00   4.111655135868394E-01  -7.313819387816537E+04
 -2.975883564762783E-01   1.304735335571438E+00   4.285005565158669E-01  -7.313819387816537E+04
 -2.733288312747363E-01   1.284853524455790E+00   4.441045217889569E-01  -7.313819387816537E+04
 -2.477609613482038E-01   1.262718944963275E+00   4.578455492500142E-01  -7.313819387816537E+04
 -2.211010911141263E-01   1.238406832059257E+00   4.696466109037283E-01  -7.313819387816537E+04
 -1.936005667306335E-01   1.212025525025812E+00   4.794850192863445E-01  -7.313819387816537E+04
 -1.655422952047097E-01   1.183713516179885E+00   4.873898536523421E-01  -7.313819387816537E+04
 -1.372363711501328E-01   1.153635897253724E+00   4.934374792056703E-01  -7.313819387816537E+04
 -1.090148545501089E-01   1.121980366088425E+00   4.977454106783294E-01  -7.313819387816537E+04
 -8.122580997320809E-02   1.088952963617430E+00   5.004648352805821E-01  -7.313819387816537E+04
 -5.422674209392541E-02   1.054773710760875E+00   5.017721588290043E-01  -7.313819387816537E+04
 -2.837758322576769E-02   1.019672307074882E+00   5.018599708005117E-01  -7.313819387816537E+04
 -4.033405134816289E-03   9.838840383927008E-01   5.009278380264346E-01  -7.313819387816537E+04
  1.846296095165857E-02   9.476460201457535E-01   4.991733324023204E-01  -7.313819387816537E+04
  3.878820595317016E-02   9.111938777034880E-01   4.967836758331995E-01  -7.313819387816537E+04
  5.664553535460118E-02   8.747589362603466E-01   4.939283469332867E-01  -7.313819387816537E+04
  7.177118676311746E-02   8.385659619977353E-01   4.907529407486183E-01  -7.313819387816537E+04
  8.394029771773874E-02   8.028314649935429E-01   4.873745075928059E-01  -7.313819387816537E+04
  9.297196501527678E-02   7.677625441677484E-01   4.838785231056950E-01  -7.313819387816537E+04
  9.873335785555803E-02   7.335562268865697E-01   4.803175623473759E-01  -7.313819387816537E+04
  1.011427723977180E-01   7.003992319999434E-01   4.767116698103682E-01  -7.313819387816537E+04
  1.001715440725176E-01   6.684680661527272E-01   4.730503383873902E-01  -7.313819387816537E+04
  9.584476530970523E-02   6.379293500289736E-01   4.692959371512501E-01  -7.313819387816537E+04
  8.824078922477459E-02   6.089402643087299E-01   4.653883635700906E-01  -7.313819387816537E+04
  7.748953322491056E-02   5.816490047705459E-01   4.612506433348512E-01  -7.313819387816537E+04
  6.376962938350150E-02   5.561951420684200E-01   4.567951625861444E-01  -7.313819387816537E+04
  4.730449976266132E-02   5.327097938402312E-01   4.519301945958704E-01  -7.313819387816537E+04
  2.835746365845987E-02   5.113155342604663E-01   4.465663767486617E-01  -7.313819387816537E+04
  7.226009120890022E-03   4.921259879673049E-01   4.406228040717066E-01  -7.313819387816537E+04
 -1.576461770077358E-02   4.752450802932474E-01   4.340324318994808E-01  -7.313819387816537E+04
 -4.026833542971605E-02   4.607659425736429E-01   4.267465211176897E-01  -7.313819387816537E+04
 -6.592548142337160E-02   4.487694985711236E-01   4.187379127271758E-01  -7.313819387816537E+04
 -9.237021003069300E-02   4.393227842854360E-01   4.100029815552663E-01  -7.313819387816537E+04
 -1.192378482620580E-01   4.324770772137547E-01   4.005621887282143E-01  -7.313819387816537E+04
 -1.461720273701587E-01   4.282659311970428E-01   3.904592256153477E-01  -7.313819387816537E+04
 -1.728314194012423E-01   4.267032282211318E-01   3.797588148346998E-01  -7.313819387816537E+04
 -1.988959230613490E-01   4.277813680558828E-01   3.685433030665148E-01  -7.313819387816537E+04
 -2.240721626496596E-01   4.314697198057026E-01   3.569082425368729E-01  -7.313819387816537E+04
 -2.480981866169507E-01   4.377134560090397E-01   3.449572101304604E-01  -7.313819387816537E+04
 -2.707472776944238E-01   4.464328798845582E-01   3.327961526689335E-01  -7.313819387816537E+04
 -2.918308136280655E-01   4.575233400225213E-01   3.205275720427216E-01  -7.313819387816537E+04
 -3.112001454384743E-01   4.708558049167316E-01   3.082448733850048E-01  -7.313819387816537E+04
 -3.287474879022836E-01   4.862781431624023E-01   2.960271928417715E-01  -7.313819387816537E+04
 -3.444058437516503E-01   5.036171250865848E-01   2.839349989985158E-01  -7.313819387816537E+04
 -3.581480081114236E-01   5.226811293957632E-01   2.720067247000494E-01  -7.313819387816537E+04
 -3.699847222305408E-01   5.432635056113216E-01   2.602566355769780E-01  -7.313819387816537E+04
 -3.799620650200100E-01   5.651465111663079E-01   2.486740804279644E-01  -7.313819387816537E+04
 -3.881581868207710E-01   5.881057125905019E-01   2.372241995758931E-01  -7.313819387816537E+04
 -3.946795018692833E-01   6.119147146636861E-01   2.258500936793869E-01  -7.313819387816537E+04
 -3.996564639330792E-01   6.363500610633896E-01   2.144763807358825E-01  -7.313819387816537E+04
 -4.032390535260514E-01   6.611961359516529E-01   2.030139967307742E-01  -7.313819387816537E+04
 -4.055921050981895E-01   6.862498889452774E-01   1.913660290512043E-01  -7.313819387816537E+04
 -4.068905988704787E-01   7.113252064963139E-01   1.794343146234908E-01  -7.313819387816537E+04
 -4.073150349098723E-01   7.362567610383910E-01   1.671264895783578E-01  -7.313819387816537E+04
 -4.070469970623420E-01   7.609031851458314E-01   1.543631463911874E-01  -7.313819387816537E+04
 -4.062650020058934E-01   7.851494408773277E-01   1.410847395342414E-01  -7.313819387816537E+04
 -4.051407145187452E-01   8.089082835797176E-01   1.272578826382724E-01  -7.313819387816537E+04
 -4.038355946712844E-01   8.321207535638609E-01   1.128806991439240E-01  -7.313819387816537E+04
 -4.024980266320776E-01   8.547556668436864E-01   9.798692379534886E-02  -7.313819387816537E+04
 -4.012609626909140E-01   8.768081159757635E-01   8.264850269378250E-02  -7.313819387816537E+04
 -4.002401004624714E-01   8.982970322578049E-01   6.697650288678596E-02  -7.313819387816537E+04
 -3.995325964963717E-01   9.192618994042278E-01   5.112021590388265E-02  -7.313819387816537E+04
 -3.992163060601885E-01   9.397587446120210E-01   3.526442004903836E-02  -7.313819387816537E+04
 -3.993495269724952E-01   9.598555640661408E-01   1.962485005701124E-02  -7.313819387816537E+04
 -3.999712152438818E-01   9.796273649957744E-01   4.442006149321022E-03  -7.313819387816537E+04
 -4.011016320446632E-01   9.991510242110213E-01  -1.002648620718650E-02  -7.313819387816537E+04
 -4.027433751815478E-01   1.018500172752146E+00  -2.351468308209376E-02  -7.313819387816537E+04
 -4.048827437755542E-01   1.037740317338811E+00  -3.575795234972861E-02  -7.313819387816537E+04
 -4.074913820657657E-01   1.056924401549735E+00  -4.650303813521830E-02  -7.313819387816537E+04
 -4.105281470396819E-01   1.076088993306840E+00  -5.551814020672192E-02  -7.313819387816537E+04
 -4.139411446937610E-01   1.095251260867416E+00  -6.260257708160011E-02  -7.313819387816537E+04
 -4.176698809176263E-01   1.114406868078953E+00  -6.759560834719935E-02  -7.313819387816537E+04
 -4.216474750265787E-01   1.133528882373258E+00  -7.038401715377196E-02  -7.313819387816537E+04
 -4.258028866030980E-01   1.152567747380699E+00  -7.090809718023310E-02  -7.313819387816537E+04
 -4.300631093356329E-01   1.171452327842635E+00  -6.916574796723778E-02  -7.313819387816537E+04
 -4.343552887833972E-01   1.190091989528447E+00  -6.521445598804616E-02  -7.313819387816537E+04
 -4.386087243133499E-01   1.208379633010348E+00  -5.917102318301261E-02  -7.313819387816537E+04
 -4.427567187625510E-01   1.226195559270583E+00  -5.120899640784860E-02  -7.313819387816537E+04
 -4.467382426380778E-01   1.243412008956713E+00  -4.155384647112193E-02  -7.313819387816537E+04
 -4.504993828882238E-01   1.259898187220177E+00  -3.047604010385745E-02  -7.313819387816537E+04
 -4.539945495163448E-01   1.275525563775588E+00  -1.828223823983855E-02  -7.313819387816537E+04
 -4.571874166508682E-01   1.290173224096456E+00  -5.304935478249461E-03  -7.313819387816537E+04
 -4.600515782442886E-01   1.303733043154811E+00   8.109075026086434E-03  -7.313819387816537E+04
 -4.625709024749192E-01   1.316114458070857E+00   2.161097283010889E-02  -7.313819387816537E+04
 -4.647395732905759E-01   1.327248630320665E+00   3.486244270298419E-02  -7.313819387816537E+04
 -4.665618124705939E-01   1.337091811218685E+00   4.754797630104036E-02  -7.313819387816537E+04
 -4.680512811703877E-01   1.345627755339964E+00   5.938645409864358E-02  -7.313819387816537E+04
 -4.692301661894470E-01   1.352869064132427E+00   7.014154210752570E-02  -7.313819387816537E+04
 -4.701279631573522E-01   1.358857384668078E+00   7.963048084885756E-02  -7.313819387816537E+04
 -4.707799763941186E-01   1.363662434549833E+00   8.773090478903342E-02  -7.313819387816537E+04
 -4.712255632411557E-01   1.367379871539031E+00   9.438540657827384E-02  -7.313819387816537E+04
 -4.715061589866938E-01   1.370128073541773E+00   9.960364884135346E-02  -7.313819387816537E+04
 -4.716631268768141E-01   1.372043939251249E+00   1.034619233272753E-01  -7.313819387816537E+04
 -4.717354858125113E-01   1.373277860146660E+00   1.061001589136612E-01  -7.313819387816537E+04
 -4.717575758479671E-01   1.373988049031796E+00   1.077164820561544E-01  -7.313819387816537E+04
 -4.717567281638223E-01   1.374334437437746E+00   1.085595315177642E-01  -7.313819387816537E+04
 -4.717510114217046E-01   1.374472372900103E+00   1.089188195049816E-01  -7.313819387816537E+04
 -4.717471299522539E-01   1.374546356588595E+00   1.091135099021425E-01  -7.313819387816537E+04
 -4.717471299522539E-01   1.374546356588595E+00   1.091135099021425E-01   0.000000000000000E+00 8 RotatedCurve12 
end 
