s
0.01020408163265306, 0.13265306122448978, 0.2551020408163265, 0.37755102040816324, 0.5, 0.6224489795918366, 0.7448979591836734, 0.8673469387755102, 0.9897959183673469
iteration, j dot B Redl, j dot B vmec
0, -272206.784408104, -555385.0096180192, -692929.3863155214, -842959.1235214017, -1027147.4533107597, -1205203.986510384, -1245493.2445682334, -902573.9844053513, -28117.368160855127, -223539.80240654375, -475275.639666694, -657224.5878101257, -822664.2693917449, -1002907.7475906153, -1164784.4593256467, -1164381.2710359737, -841364.4868112336, -53605.96092599003
1, -272206.784408104, -555385.0096180192, -692929.3863155214, -842959.1235214017, -1027147.4533107597, -1205203.986510384, -1245493.2445682334, -902573.9844053513, -28117.368160855127, -223539.80240654375, -475275.639666694, -657224.5878101257, -822664.2693917449, -1002907.7475906153, -1164784.4593256467, -1164381.2710359737, -841364.4868112336, -53605.96092599003
2, -272206.784408104, -555385.0096180192, -692929.3863155214, -842959.1235214017, -1027147.4533107597, -1205203.986510384, -1245493.2445682334, -902573.9844053513, -28117.368160855127, -223539.80240654375, -475275.639666694, -657224.5878101257, -822664.2693917449, -1002907.7475906153, -1164784.4593256467, -1164381.2710359737, -841364.4868112336, -53605.96092599003
3, -272204.3752560369, -555378.5915437563, -692921.260978449, -842949.1988594315, -1027135.3823851419, -1205190.0721170725, -1245479.3857173207, -902564.8934950512, -28117.241758238026, -223533.56432612997, -475262.8730446819, -657206.9815031706, -822642.236632271, -1002880.9062730402, -1164753.382825, -1164350.2832142443, -841342.1048224553, -53604.4372127846
4, -272206.5556898162, -555384.9294357869, -692929.2826584779, -842958.9960949768, -1027147.2391489979, -1205203.6721234943, -1245492.9137092135, -902573.8129769837, -28117.374504938103, -223539.54278488836, -475275.3876777815, -657224.1905800169, -822663.7404403498, -1002907.0786452385, -1164783.6976655892, -1164380.5025554253, -841363.9210570724, -53605.887018693335
5, -260225.8929315589, -549814.1225834507, -692850.0984881112, -850612.8385305129, -1043574.5989447294, -1228563.4923191136, -1266945.1416666175, -905162.1003376846, -25693.10651953917, -258761.27440989457, -540167.4002702393, -691721.346633744, -848352.3496928565, -1041878.9338098778, -1232393.2241856575, -1257234.5585644976, -888847.1483050465, -27874.56165587854
6, -252137.78229970948, -531650.2437775217, -669319.5453093777, -821615.249843233, -1008346.4716509465, -1188078.702990722, -1227430.123145034, -881190.2296841515, -25670.11274499506, -246853.1753712802, -515645.08219111344, -664607.8394862693, -817501.3039838416, -1002841.7522906753, -1184174.6338943155, -1206671.6041781, -855455.6781031748, -30380.28513841075
7, -265442.32726173947, -546660.6150046927, -684233.0712580413, -834929.4146719966, -1019811.4259291145, -1198424.2727609032, -1239044.3630684991, -896718.4080452914, -27594.509948236664, -232977.53826762323, -490126.5140514299, -662160.3688492455, -825762.2947707548, -1007663.2336488239, -1176260.5749772643, -1183181.309822079, -849759.5459611951, -48519.57086565578
8, -265442.32726173947, -546660.6150046927, -684233.0712580413, -834929.4146719966, -1019811.4259291145, -1198424.2727609032, -1239044.3630684991, -896718.4080452914, -27594.509948236664, -232977.53826762323, -490126.5140514299, -662160.3688492455, -825762.2947707548, -1007663.2336488239, -1176260.5749772643, -1183181.309822079, -849759.5459611951, -48519.57086565578
9, -265439.70149593893, -546654.5771543146, -684225.48536034, -834920.065967036, -1019799.8941215225, -1198410.7217533796, -1239030.6512081884, -896709.2237255638, -27594.350606088614, -232971.11863159068, -490113.41162965656, -662142.6471035331, -825740.1879990032, -1007636.3404892111, -1176229.2855477545, -1183149.9651678116, -849737.0167559758, -48518.15049996106
10, -265442.2232458909, -546660.3615340698, -684232.7225699532, -834928.9922945225, -1019810.9220798386, -1198423.7034233683, -1239043.8403195173, -896718.1644673701, -27594.52614386894, -232977.2204886905, -490126.23982679495, -662159.943825434, -825761.7129028612, -1007662.5339495386, -1176259.7644572586, -1183180.5324113378, -849758.947809518, -48519.42142787212
11, -265086.4416642178, -546222.1740906122, -683740.8365189454, -834309.8802728271, -1018912.1729996908, -1197045.524647208, -1236953.4504612044, -893993.0505038117, -27301.966540315327, -234814.15411788604, -493276.9676367402, -664048.0293411737, -827488.0554445732, -1009896.8697622097, -1179628.5294540098, -1187957.7655022906, -852543.0608748995, -46103.65553610305
12, -265086.4416642178, -546222.1740906122, -683740.8365189454, -834309.8802728271, -1018912.1729996908, -1197045.524647208, -1236953.4504612044, -893993.0505038117, -27301.966540315327, -234814.15411788604, -493276.9676367402, -664048.0293411737, -827488.0554445732, -1009896.8697622097, -1179628.5294540098, -1187957.7655022906, -852543.0608748995, -46103.65553610305
13, -265083.95311062504, -546215.9030950507, -683732.8821177331, -834300.1091277584, -1018900.220118831, -1197031.692922259, -1236939.6907458883, -893984.0666039751, -27301.85130089541, -234807.4508728306, -493263.69443128095, -664030.1818463695, -827465.831687121, -1009869.791102706, -1179597.0236180834, -1187926.1269374727, -852520.3573523363, -46102.35481501647
14, -265086.3300917224, -546221.911186839, -683740.4831627213, -834309.4381632372, -1018911.6345775488, -1197044.9122058137, -1236952.8775261552, -893992.7676559286, -27301.98164390808, -234814.03688095466, -493276.7133703976, -664047.6679208465, -827487.5807119014, -1009896.2598612332, -1179627.781043678, -1187956.97368543, -852542.4621114508, -46103.62067142349
15, -262243.03286455973, -541035.609031639, -677689.263684216, -827540.6877081806, -1011309.6523258537, -1188709.2796971356, -1228641.815526695, -887739.2424658762, -27002.321296684637, -238988.81535593737, -499923.1614932719, -666045.730073278, -828106.6619789394, -1011246.719314421, -1183842.9338646461, -1195888.7144296437, -856463.0801726339, -43736.14415260729
16, -262243.03286455973, -541035.609031639, -677689.263684216, -827540.6877081806, -1011309.6523258537, -1188709.2796971356, -1228641.815526695, -887739.2424658762, -27002.321296684637, -238988.81535593737, -499923.1614932719, -666045.730073278, -828106.6619789394, -1011246.719314421, -1183842.9338646461, -1195888.7144296437, -856463.0801726339, -43736.14415260729
17, -262240.692210027, -541029.3143041101, -677681.1600872162, -827530.7712045764, -1011297.7292227959, -1188695.3624434709, -1228627.9181546876, -887730.3439635247, -27002.248279154457, -238981.86323574424, -499909.6783253928, -666027.7841672706, -828084.3804183861, -1011219.5694054005, -1183811.272914107, -1195856.818208978, -856440.2583330773, -43734.9362329452
18, -262242.90498883696, -541035.368740798, -677688.9447585518, -827540.2837951339, -1011309.1443313488, -1188708.6810777197, -1228641.2314501228, -887738.9124983517, -27002.329364209534, -238988.72848128187, -499922.9133898981, -666045.3788923438, -828106.200186711, -1011246.1231584342, -1183842.1960329101, -1195887.9272368012, -856462.4844956943, -43736.11166541364
19, -259929.48019882754, -539721.0948249548, -677184.8667052272, -828226.9147610185, -1013330.4928845086, -1191813.9977405132, -1231698.8247934962, -888507.2106660154, -26709.94644941268, -242024.48701108547, -505140.3875680731, -667114.4004965874, -827739.9981872484, -1011729.3100391628, -1186919.0197379212, -1202545.6849835385, -861030.2712363839, -41640.85955381801
20, -259929.48019882754, -539721.0948249548, -677184.8667052272, -828226.9147610185, -1013330.4928845086, -1191813.9977405132, -1231698.8247934962, -888507.2106660154, -26709.94644941268, -242024.48701108547, -505140.3875680731, -667114.4004965874, -827739.9981872484, -1011729.3100391628, -1186919.0197379212, -1202545.6849835385, -861030.2712363839, -41640.85955381801
21, -259928.88460815302, -539706.0632638065, -677148.8016103322, -828169.977083137, -1013254.8365394807, -1191722.373217564, -1231602.9098508032, -888434.8711943978, -26706.896640035557, -242004.35254096985, -505125.2744179998, -667096.0779788675, -827718.193556298, -1011703.0811776915, -1186888.5308017062, -1202515.0278067896, -861008.1885005557, -41641.15110198525
22, -259932.44042956544, -539718.3071699962, -677179.2406556609, -828220.141785818, -1013325.475735629, -1191812.120948452, -1231701.4949475874, -888515.8586572844, -26711.135508424, -242018.31582503332, -505139.4316201915, -667113.329248338, -827738.4609067419, -1011727.3850810436, -1186917.4350784495, -1202544.3131427716, -861029.431135461, -41640.478664978975
23, -257552.78995448793, -534866.5507696068, -671392.8811079287, -821540.1131409077, -1005451.2001160202, -1182655.973544483, -1222032.0779466813, -881074.250816065, -26428.22158721411, -246558.92233951399, -519724.41793695453, -673632.5999802714, -828257.0289175627, -1013421.5916072058, -1192713.024172296, -1216128.5993892427, -868396.8985680006, -33915.40477279351
24, -257552.78995448793, -534866.5507696068, -671392.8811079287, -821540.1131409077, -1005451.2001160202, -1182655.973544483, -1222032.0779466813, -881074.250816065, -26428.22158721411, -246558.92233951399, -519724.41793695453, -673632.5999802714, -828257.0289175627, -1013421.5916072058, -1192713.024172296, -1216128.5993892427, -868396.8985680006, -33915.40477279351
25, -257561.5903300732, -534852.4458807944, -671366.8916176545, -821509.6829289538, -1005414.5916223945, -1182610.9170213512, -1221990.9843708961, -881071.2866868469, -26431.66229466543, -246535.56498911342, -519708.7601837187, -673612.2522546331, -828232.0083049407, -1013391.467615227, -1192679.4130998107, -1216095.2205920801, -868373.4439948081, -33913.57730077623
26, -257556.44490735332, -534866.8892111152, -671392.5855136317, -821539.7230437667, -1005450.8057415035, -1182655.762758772, -1222032.17082469, -881075.1128282689, -26428.299632637158, -246525.804699965, -519720.50596685254, -673626.1079245441, -828248.9029433463, -1013412.6292159375, -1192707.3279791994, -1216125.126204933, -868395.6570316529, -33914.06372448157
27, -255442.30522283074, -531737.5575923251, -667985.9795437427, -818061.798772693, -1001890.464370102, -1178922.1989773754, -1218090.1509023765, -877283.1458934805, -26101.68472918261, -242994.1757416419, -520775.2368829244, -669903.590237814, -821346.5978022284, -1007433.7594716143, -1190913.0519210254, -1218015.3836596555, -870314.824033105, -29378.541766627648
28, -255995.34953436942, -532463.5980594892, -668725.7489549132, -818697.4871602028, -1002439.7417293843, -1179533.3112354376, -1219010.700871124, -878664.8499379127, -26270.958531707976, -246033.5665824509, -520442.08755253884, -672452.9872325691, -825594.9649429072, -1011229.1896362936, -1192268.482250569, -1217508.7301405214, -869381.8013582609, -32206.9727392193
29, -257364.1030928332, -534544.8225027164, -671052.6581184753, -821248.8397786651, -1005265.2229104771, -1182633.5636177615, -1222262.6431020943, -881565.6662603852, -26474.407353256724, -246656.64410399253, -520089.34965436155, -673671.4998844735, -828127.3360795439, -1013395.2758866946, -1193006.3073675288, -1216675.6804711542, -868735.5282986505, -33685.799350498695
30, -257685.8301032744, -535009.6917715052, -671560.8308060062, -821776.9234324367, -1005796.7500644648, -1183131.4174865414, -1222647.0012482926, -881742.5260124438, -26478.7217441918, -246489.85004425267, -519662.073598939, -673522.4156491603, -828124.467097746, -1013283.9868450385, -1192598.971356625, -1216045.1338725649, -868344.5024239548, -33897.90511155105
31, -257685.8301032744, -535009.6917715052, -671560.8308060062, -821776.9234324367, -1005796.7500644648, -1183131.4174865414, -1222647.0012482926, -881742.5260124438, -26478.7217441918, -246489.85004425267, -519662.073598939, -673522.4156491603, -828124.467097746, -1013283.9868450385, -1192598.971356625, -1216045.1338725649, -868344.5024239548, -33897.90511155105
32, -257685.56298161804, -535003.0682506838, -671551.6643321466, -821766.6988633941, -1005786.1760837066, -1183120.3830870164, -1222636.7035747296, -881737.3422886734, -26479.052938365887, -246481.47933200104, -519648.03591963905, -673504.1507120547, -828101.8983647062, -1013256.5096638759, -1192567.1372065158, -1216012.9598881693, -868321.2392747625, -33896.50183258967
33, -257685.48560147363, -535009.4915935816, -671560.6718146235, -821776.5809476096, -1005796.0984366966, -1183130.5619484615, -1222646.131317647, -881741.8720143153, -26478.688354410304, -246489.8705998014, -519661.8285726682, -673522.0289740636, -828123.996197228, -1013283.3602618545, -1192598.2062703557, -1216044.321934697, -868343.8633254113, -33897.90944492121
34, -257753.32123062058, -535242.8658060385, -671916.3833024215, -822289.9871166485, -1006516.8677095964, -1184086.9382614936, -1223763.6960892314, -882686.4793850539, -26518.943381082947, -246669.07497560442, -519992.77844989416, -673871.9792827092, -828552.1888398412, -1013836.8284657787, -1193321.2176717222, -1216822.1258720441, -868893.9271157453, -33885.477157575224
35, -257753.32123062058, -535242.8658060385, -671916.3833024215, -822289.9871166485, -1006516.8677095964, -1184086.9382614936, -1223763.6960892314, -882686.4793850539, -26518.943381082947, -246669.07497560442, -519992.77844989416, -673871.9792827092, -828552.1888398412, -1013836.8284657787, -1193321.2176717222, -1216822.1258720441, -868893.9271157453, -33885.477157575224
36, -257746.56053883384, -535237.3518683342, -671911.2190001132, -822281.2538374519, -1006502.5918261106, -1184068.047977387, -1223743.6017191953, -882670.5907675424, -26518.051369282544, -246665.3220843229, -519979.1108303829, -673854.1664317899, -828530.3665646765, -1013810.1701087032, -1193289.4942824498, -1216789.8255636909, -868870.6398970294, -33884.40659406615
37, -257751.88317909234, -535242.633764848, -671916.4942463469, -822289.3527648873, -1006515.2444446501, -1184084.4554135818, -1223760.887125361, -882684.1210179845, -26518.791981006965, -246670.24108326618, -519992.5529161769, -673871.599251512, -828551.5669301751, -1013836.1482630027, -1193320.3689088707, -1216821.1442656817, -868892.9201473563, -33885.04443725728
38, -257537.0943409981, -534865.1389890134, -671374.9239770379, -821488.0946800103, -1005372.547323022, -1182542.3830994593, -1221837.1720828912, -880785.1771464916, -26408.49517381664, -246669.26019122126, -519726.41707842844, -673458.3478598741, -827994.4787293152, -1013103.823310674, -1192367.7782906904, -1215795.6794973204, -868107.9505371592, -33848.12646490165
39, -257668.11115746107, -535036.0010562526, -671629.2806720888, -821906.6152995685, -1006013.5626001426, -1183451.4663229026, -1223048.8916826863, -882107.0452440627, -26497.515314611686, -246568.89345165348, -519778.3190651017, -673578.001994448, -828175.9298236932, -1013361.9087329899, -1192741.6764184446, -1216215.7397575045, -868445.734975775, -33865.99613209856
40, -257727.0226000043, -535185.074506463, -671839.3474519404, -822188.2538888758, -1006384.9570331651, -1183924.2081077257, -1223587.4211501677, -882552.2343727684, -26514.610678330642, -246642.1877920209, -519935.30232348986, -673792.9097982809, -828450.7743607718, -1013708.8326969517, -1193165.3503298433, -1216659.6577798715, -868773.9356419197, -33880.13360407954
41, -257750.50134904514, -535235.3174159806, -671906.9398051049, -822277.1777562296, -1006500.9417174255, -1184068.8106868672, -1223746.5693101028, -882676.590031562, -26518.871538561132, -246667.34162869473, -519989.56780032115, -673867.0060952227, -828545.3786185784, -1013828.3103551256, -1193311.0960971452, -1216811.8949179417, -868886.3820643105, -33884.62888981342
42, -257749.7234030416, -535243.1149227191, -671918.4559399021, -822290.4441927643, -1006514.5722074495, -1184082.9382700294, -1223759.8504190007, -882682.9809380199, -26518.43686851319, -246672.05271072572, -519994.0515345496, -673873.4436093407, -828554.0426663215, -1013839.212313216, -1193323.838521734, -1216825.1187629849, -868896.0271845063, -33885.41328323557
43, -257749.7234030416, -535243.1149227191, -671918.4559399021, -822290.4441927643, -1006514.5722074495, -1184082.9382700294, -1223759.8504190007, -882682.9809380199, -26518.43686851319, -246672.05271072572, -519994.0515345496, -673873.4436093407, -828554.0426663215, -1013839.212313216, -1193323.838521734, -1216825.1187629849, -868896.0271845063, -33885.41328323557
44, -257749.81922627968, -535236.6752790711, -671909.0797606513, -822280.1484087568, -1006504.0513115199, -1184071.9040831407, -1223749.3112111478, -882677.7070523329, -26518.803535530984, -246663.96887712032, -519980.05568979867, -673855.32831331, -828531.6212583171, -1013811.9325993926, -1193291.946973752, -1216792.8082202862, -868872.7809341666, -33884.48378629131
45, -257749.31622719992, -535242.9734030813, -671918.4449850604, -822290.2439099525, -1006514.0305995406, -1184082.128522469, -1223758.9571271925, -882682.2526867135, -26518.395112831713, -246672.14922574855, -519993.802852032, -673873.0975983383, -828553.6016794493, -1013838.6363577202, -1193323.094896609, -1216824.3005806296, -868895.4138678563, -33885.39253264631
