s
0.01020408163265306, 0.07142857142857142, 0.1530612244897959, 0.21428571428571425, 0.2959183673469387, 0.3571428571428571, 0.43877551020408156, 0.5, 0.5612244897959183, 0.6428571428571428, 0.7040816326530611, 0.7857142857142856, 0.846938775510204, 0.9285714285714285, 0.9897959183673469
iteration, j dot B Redl, j dot B vmec
0, -264121.379939531, -462206.27729850035, -576443.8648709091, -645154.6004302071, -736615.7599844902, -812307.016594865, -927161.253345415, -1021026.9686480318, -1114074.6535751624, -1213469.951148383, -1242717.2393527525, -1165744.849559727, -973858.7900120401, -479456.2556794823, -26014.096944724653, -253202.83781714403, -417313.32162459916, -555559.1204788896, -630045.7098151612, -724222.6616027766, -801492.3008181562, -917065.8314773004, -1012064.619497816, -1107908.7608648685, -1210190.311664641, -1237157.6693235415, -1149875.1106807173, -958253.3413891178, -508220.4286945926, -30281.69706513088
1, -264121.379939531, -462206.27729850035, -576443.8648709091, -645154.6004302071, -736615.7599844902, -812307.016594865, -927161.253345415, -1021026.9686480318, -1114074.6535751624, -1213469.951148383, -1242717.2393527525, -1165744.849559727, -973858.7900120401, -479456.2556794823, -26014.096944724653, -253202.83781714403, -417313.32162459916, -555559.1204788896, -630045.7098151612, -724222.6616027766, -801492.3008181562, -917065.8314773004, -1012064.619497816, -1107908.7608648685, -1210190.311664641, -1237157.6693235415, -1149875.1106807173, -958253.3413891178, -508220.4286945926, -30281.69706513088
2, -264121.379939531, -462206.27729850035, -576443.8648709091, -645154.6004302071, -736615.7599844902, -812307.016594865, -927161.253345415, -1021026.9686480318, -1114074.6535751624, -1213469.951148383, -1242717.2393527525, -1165744.849559727, -973858.7900120401, -479456.2556794823, -26014.096944724653, -253202.83781714403, -417313.32162459916, -555559.1204788896, -630045.7098151612, -724222.6616027766, -801492.3008181562, -917065.8314773004, -1012064.619497816, -1107908.7608648685, -1210190.311664641, -1237157.6693235415, -1149875.1106807173, -958253.3413891178, -508220.4286945926, -30281.69706513088
3, -264121.37994302384, -462206.27730281494, -576443.8648759355, -645154.6004324133, -736615.7599902062, -812307.0165999205, -927161.2533453449, -1021026.9686516027, -1114074.653580813, -1213469.951162819, -1242717.2393666194, -1165744.849577042, -973858.7900075756, -479456.2556993065, -26014.096947500093, -253202.8379083306, -417313.32163486193, -555559.1204970133, -630045.7096994775, -724222.6616031172, -801492.3009437555, -917065.8313254097, -1012064.6195187436, -1107908.761108221, -1210190.3116277065, -1237157.6694719174, -1149875.1111467772, -958253.3452868058, -508220.43740152346, -30282.16492235195
4, -264109.7078900361, -462200.2703103348, -576437.143830755, -645148.130979632, -736613.4235511353, -812308.1015980911, -927165.195004803, -1021031.1783574194, -1114078.4382100273, -1213471.495934526, -1242716.4166122258, -1165742.4113861276, -973856.9108531566, -479455.9476231585, -26014.176125361453, -253243.52567850062, -417310.3330584555, -555553.0700354929, -630053.6254505333, -724233.3543019856, -801481.6713070974, -917053.5060630392, -1012078.0137915111, -1107897.9586990376, -1210182.5093731596, -1237163.1014135405, -1149878.375717318, -958251.5241250074, -508219.63247558894, -30284.6618671163
5, -264121.38077881606, -462206.27326630533, -576443.8595512358, -645154.5950955531, -736615.7551997444, -812307.0124434122, -927161.2502317517, -1021026.9664943038, -1114074.652606646, -1213469.952264407, -1242717.2425863638, -1165744.8564976119, -973858.8000609424, -479456.2668829919, -26014.098580734935, -253202.83695528563, -417313.32050582225, -555559.1195042238, -630045.7089092312, -724222.6609366403, -801492.3003084336, -917065.8303817867, -1012064.6183725728, -1107908.760123327, -1210190.3102914542, -1237157.6672454048, -1149875.1087828702, -958253.3396707909, -508220.42776858003, -30281.696354911808
6, -264122.9122732745, -462209.8018862097, -576444.9895289433, -645152.7989352745, -736612.8933115924, -812305.6951320395, -927161.9079101109, -1021027.88335299, -1114075.276475322, -1213470.0855489, -1242717.0374466125, -1165744.504271831, -973858.5961714273, -479456.4054922111, -26014.059788726845, -253388.2969017037, -417300.56527191866, -555532.4479880126, -630081.0312632609, -724268.7261222242, -801440.5300836847, -917007.8661626753, -1012124.9066076886, -1107860.9519202423, -1210157.4750584795, -1237181.33583392, -1149888.4691487513, -958245.9257933587, -508217.6311685436, -30287.045531477255
7, -264110.3428006382, -462200.6507795765, -576437.6546481414, -645148.6943127599, -736613.8683305291, -812308.5033878447, -927165.6058858756, -1021031.5582291142, -1114078.7227050827, -1213471.5012337165, -1242716.0775257754, -1165741.5986621398, -973855.8482496399, -479455.2005254584, -26014.12075156743, -253237.14901891237, -417310.8134094381, -555554.109806763, -630052.2759931276, -724231.4524756242, -801483.7899867576, -917055.9855358391, -1012075.3133126869, -1107900.209046013, -1210184.127576917, -1237161.8157279738, -1149877.4800380182, -958252.083391586, -508219.8952178207, -30283.668291584807
8, -264121.4069504582, -462206.2906939963, -576443.8751606243, -645154.6091649168, -736615.7661493649, -812307.0194140943, -927161.253967382, -1021026.9680232119, -1114074.6554134644, -1213469.9547190764, -1242717.242116422, -1165744.849028279, -973858.7889171815, -479456.2575464256, -26014.096753185062, -253202.76749159, -417313.3269919163, -555559.1344451056, -630045.6964576576, -724222.6432617947, -801492.31216503, -917065.851508261, -1012064.5653229781, -1107908.7885186665, -1210190.3320921164, -1237157.6541401856, -1149875.1276499792, -958253.36222569, -508220.42161744135, -30281.687490111683
9, -264109.84475897456, -462200.3560093632, -576437.2000495815, -645148.2311114464, -736613.5606071056, -812308.25616539, -927165.3355979199, -1021031.2787291893, -1114078.4612059994, -1213471.3522921717, -1242716.117214321, -1165741.9676955044, -973856.4333257745, -479455.63843751536, -26014.15365055056, -253243.6345413211, -417310.3395243787, -555553.0404043782, -630053.6618278542, -724233.4209441588, -801481.6259600122, -917053.4213540477, -1012078.1105146647, -1107897.8601564814, -1210182.4263553082, -1237163.151535907, -1149878.407574566, -958251.5007825857, -508219.6715971624, -30284.749011340595
10, -264107.56476758193, -462199.2174413552, -576435.6898676122, -645146.6514197134, -736612.1847222913, -812306.9527424504, -927164.1472597235, -1021030.344603502, -1114078.0585348513, -1213472.1302107205, -1242718.134862986, -1165745.5486114868, -973860.6560997012, -479458.60784505145, -26014.371299254897, -253250.59949265508, -417309.78616556164, -555551.9835397128, -630055.0567966326, -724235.329165516, -801479.4981640774, -917050.9632562059, -1012080.8372951637, -1107895.7044267852, -1210180.8639627758, -1237164.2814039655, -1149879.1071873272, -958251.0138024505, -508219.4702813138, -30285.362334935315
11, -264109.2465265124, -462200.1467430907, -576436.9271856169, -645147.8990795556, -736613.1709834159, -812307.8755879425, -927165.0461346197, -1021031.0925662381, -1114078.4281971613, -1213471.6144628786, -1242716.634095917, -1165742.7293021875, -973857.2415928593, -479456.18258970126, -26014.192595026434, -253241.64526466263, -417310.50746767374, -555553.3788445555, -630053.2080355642, -724232.7241873933, -801482.404367534, -917054.4065950883, -1012076.9991168879, -1107898.8230298506, -1210183.1162177871, -1237162.6101007387, -1149878.0244855378, -958251.720827964, -508219.7617009798, -30284.240999534275
12, -278833.73936343787, -485491.75747522834, -607689.2387529847, -681756.0822042322, -780397.0728882095, -862216.298092782, -986628.2353584042, -1088383.4841122627, -1189733.8040229385, -1299773.9862160876, -1334732.6563311685, -1258500.1067620174, -1057831.8779428334, -529314.521178585, -29855.876596736733, -319078.6374567098, -482906.2181240483, -599239.7105048604, -687329.0933461969, -787445.5334701805, -850002.9795187316, -971745.1181334218, -1098830.0972073812, -1175664.9083113482, -1289983.6129838459, -1343670.8265597147, -1257756.395551523, -1055402.4295564399, -529509.9252454457, -29751.262004294054
13, -256029.37530362207, -450799.00311477727, -564153.4036009654, -633110.6018242221, -725211.506939216, -801442.6859639946, -916989.951275517, -1011336.239399661, -1104823.386848182, -1204727.0859637295, -1234211.9844422545, -1157355.9754412093, -965646.953151644, -473237.34218837053, -25319.949509334354, -258775.9879459552, -449916.0465031268, -565921.8667472415, -635586.7539958804, -726781.2222208293, -804185.1765090687, -917039.2304221853, -1014476.6530841744, -1105483.3416438745, -1208343.833265569, -1240080.400506087, -1161071.97192921, -970097.487866658, -476603.8222097901, -21709.83000499128
14, -256730.75867037228, -452238.7966488158, -565728.0260716197, -634599.9087084294, -726533.0100810536, -802617.9972107473, -917931.7872872882, -1012089.8993041312, -1105364.5889802938, -1204952.6796154943, -1234231.4740533687, -1157175.8532491974, -965395.4795988435, -473002.30814008834, -25286.544427387093, -261633.3977631987, -439276.8899798112, -563082.4165972976, -634397.5282339256, -726353.7344946172, -804231.3768592278, -918259.9163413666, -1013046.9380302288, -1107592.3062771563, -1208924.0046571316, -1238151.977663113, -1156467.3607507374, -964763.2023284293, -486835.90233085013, -20954.072520880014
15, -261309.70434929253, -458754.0107909235, -573228.175873916, -642438.3808524075, -734734.5932072537, -811136.9357277821, -927007.8263521427, -1021682.6728978606, -1115545.359271521, -1215944.6127032458, -1245745.7245605974, -1168954.5374576822, -976542.8071138844, -480434.9092434835, -25974.088227561875, -257118.77582683464, -423674.53015973023, -557859.1245831731, -632504.9967838345, -725837.6715960078, -803268.4791018093, -918542.1638625726, -1013788.5399310158, -1108866.971833413, -1210925.4037036304, -1238202.514507709, -1151907.3260922234, -960495.9293293054, -503538.08035748865, -27209.441183332965
16, -263060.25655382243, -460708.58883364685, -574930.3181482258, -643774.5420477003, -735494.8405936689, -811416.0903818995, -926596.1661036066, -1020717.9910513383, -1114021.9920987193, -1213740.5918569656, -1243187.0181454148, -1166357.861178592, -974427.8842718311, -479706.1628051835, -26009.32851465608, -253908.10651403357, -418177.0773639862, -555914.5068629379, -630434.4425094513, -724433.5916875924, -801561.9233606377, -916970.756101789, -1011957.4667633099, -1107491.756551426, -1209544.375748811, -1236451.1394911127, -1149184.520966377, -957649.046185247, -507123.1962605685, -29836.622116398445
17, -263740.47308786, -461607.55676260433, -575791.4811004135, -644514.10078164, -736015.8309998222, -811740.6341229526, -926629.8213477763, -1020512.6479572419, -1113569.676025872, -1212969.652767891, -1242221.7685663272, -1165277.672714474, -973449.208211669, -479216.0615366915, -25993.786418695097, -253316.6385212854, -417411.5935309063, -555556.3181190921, -630029.7050736911, -724146.8466197868, -801349.4141441149, -916844.0737139673, -1011803.2380771628, -1107534.6167336574, -1209708.9839515334, -1236630.7948558198, -1149341.4725789977, -957774.8471112315, -507835.49804041185, -30204.079114234817
18, -264020.4318836946, -462033.0309465945, -576257.7318585354, -644970.6853246215, -736438.1073437962, -812132.6145173402, -926982.6352065648, -1020836.8310896698, -1113866.905184187, -1213233.477502414, -1242461.1588012397, -1165481.4703530548, -973619.5850719799, -479319.3331735099, -26004.529803588644, -253365.39954700926, -417284.7262757589, -555485.3525909084, -630014.6480382708, -724177.4795490279, -801337.2613784827, -916873.1113379224, -1011954.3070284436, -1107665.562256061, -1209920.8937747832, -1236921.3526600585, -1149633.541103627, -958024.9165085477, -508074.07078819105, -30267.491016307133
19, -264096.50666534045, -462163.81116825424, -576400.0733927772, -645112.2135904151, -736577.0165623672, -812270.1995155984, -927123.2420659652, -1020984.550629952, -1114025.8401512208, -1213410.216233079, -1242649.646377788, -1165674.3549356684, -973796.3307963134, -479423.55285369384, -26012.18225787331, -253207.54485575203, -417300.4307244592, -555536.6352934594, -630022.5803518544, -724193.7732449664, -801452.5219351858, -917016.9805055913, -1012014.5522991117, -1107844.531089384, -1210116.7586604182, -1237082.6428535155, -1149802.0382233218, -958189.957148399, -508182.3995534477, -30277.884876172175
20, -264118.7395989946, -462201.05633054324, -576435.7880067748, -645143.9290476986, -736604.5022848861, -812297.5060837481, -927153.7075719449, -1021019.5053308147, -1114066.6455535693, -1213461.2213245016, -1242708.2812363787, -1165736.6873195479, -973852.3927302946, -479453.5610611195, -26013.859929275517, -253390.58544156185, -417298.7611269272, -555529.318892002, -630078.2701794235, -724265.2507924414, -801435.0877737202, -917001.4501823584, -1012119.0139088595, -1107852.938105473, -1210148.467494138, -1237172.2309439902, -1149879.444904257, -958238.0001372257, -508212.86216866336, -30286.443518872664
21, -264121.38071554754, -462205.27538616676, -576442.7091881883, -645153.3820263125, -736614.6679030628, -812306.1613523548, -927160.7608658348, -1021026.7201469544, -1114074.6723145703, -1213470.2973231208, -1242717.7999398366, -1165745.6896900863, -973859.7915402801, -479457.08906671713, -26014.151707009678, -253202.16077695746, -417313.1437245842, -555558.9427532749, -630045.3796630368, -724222.3558514054, -801492.4216772238, -917065.8573045282, -1012064.374324817, -1107908.859092266, -1210190.3763559966, -1237157.6136824463, -1149875.0703178106, -958253.3063102273, -508220.263945917, -30281.77174726191
