s
0.01020408163265306, 0.07142857142857142, 0.1530612244897959, 0.21428571428571425, 0.2959183673469387, 0.3571428571428571, 0.43877551020408156, 0.5, 0.5612244897959183, 0.6428571428571428, 0.7040816326530611, 0.7857142857142856, 0.846938775510204, 0.9285714285714285, 0.9897959183673469
iteration, j dot B Redl, j dot B vmec
0, -265971.91775702755, -464487.88080116955, -578067.6273522507, -646124.2068753033, -736742.0156530531, -811858.5968813228, -926042.5908078628, -1019502.795569856, -1112271.627770847, -1211587.0005846051, -1241063.8555233635, -1164809.3349011347, -973647.7870208883, -479869.3296966613, -26067.234365855104, -252616.60670645512, -416488.0035872919, -555270.697436513, -629830.5191475416, -724268.7360909489, -801645.455348592, -917405.5623546715, -1012480.6419330832, -1108499.352824859, -1210841.3493142612, -1237645.688493583, -1150387.7331849865, -958629.951804052, -508965.34519980237, -30620.866942674067
1, -265971.91775702755, -464487.88080116955, -578067.6273522507, -646124.2068753033, -736742.0156530531, -811858.5968813228, -926042.5908078628, -1019502.795569856, -1112271.627770847, -1211587.0005846051, -1241063.8555233635, -1164809.3349011347, -973647.7870208883, -479869.3296966613, -26067.234365855104, -252616.60670645512, -416488.0035872919, -555270.697436513, -629830.5191475416, -724268.7360909489, -801645.455348592, -917405.5623546715, -1012480.6419330832, -1108499.352824859, -1210841.3493142612, -1237645.688493583, -1150387.7331849865, -958629.951804052, -508965.34519980237, -30620.866942674067
2, -265971.91775702755, -464487.88080116955, -578067.6273522507, -646124.2068753033, -736742.0156530531, -811858.5968813228, -926042.5908078628, -1019502.795569856, -1112271.627770847, -1211587.0005846051, -1241063.8555233635, -1164809.3349011347, -973647.7870208883, -479869.3296966613, -26067.234365855104, -252616.60670645512, -416488.0035872919, -555270.697436513, -629830.5191475416, -724268.7360909489, -801645.455348592, -917405.5623546715, -1012480.6419330832, -1108499.352824859, -1210841.3493142612, -1237645.688493583, -1150387.7331849865, -958629.951804052, -508965.34519980237, -30620.866942674067
3, -265971.91774511995, -464487.8807863759, -578067.6273509031, -646124.2068773556, -736742.0156610713, -811858.5968884206, -926042.5908132821, -1019502.7955783724, -1112271.6277802417, -1211587.000600311, -1241063.8555332806, -1164809.334923472, -973647.7870156383, -479869.32971573225, -26067.23436852928, -252616.6065096691, -416488.0035617886, -555270.6974697359, -629830.5190779868, -724268.7361065906, -801645.4552408878, -917405.5627876859, -1012480.641758442, -1108499.352321224, -1210841.3490002444, -1237645.6891743608, -1150387.7333359935, -958629.9556950323, -508965.3538992468, -30621.33440366754
4, -265971.864565926, -464487.82111655426, -578067.520141279, -646124.0570707713, -736741.8000443485, -811858.3232965685, -926042.2251555696, -1019502.3491159026, -1112271.0921267406, -1211586.342773107, -1241063.1185572403, -1164808.5490511337, -973647.0533483975, -479868.8910137417, -26067.20325340738, -252616.29598620647, -416487.48183377745, -555270.0218045902, -629829.7723920447, -724267.8992998794, -801644.5388301065, -917404.5353007653, -1012479.5298387496, -1108498.1440140149, -1210840.0472937452, -1237644.370764276, -1150386.5162255343, -958628.9401234833, -508964.8069694962, -30620.8312465059
5, -265971.93163219315, -464488.00446084765, -578067.8039614621, -646124.4138599485, -736742.259293007, -811858.8669773858, -926042.8940306683, -1019503.1195377943, -1112271.9643776584, -1211587.3309063897, -1241064.1538662622, -1164809.5405992332, -973647.8848410005, -479869.2838653197, -26067.21891311829, -252616.7620453587, -416488.2310716441, -555270.9938813673, -629830.854685551, -724269.1140269963, -801645.8600813996, -917406.015379903, -1012481.1396805819, -1108499.8811881628, -1210841.9122606814, -1237646.2543948046, -1150388.2428942225, -958630.3664938773, -508965.5588315144, -30620.877718766904
6, -265971.90524833696, -464487.8554941411, -578067.6009274919, -646124.1802615651, -736741.9887558098, -811858.5697578347, -926042.5637784306, -1019502.7694762989, -1112271.6039426997, -1211586.9828318453, -1241063.8451180342, -1164809.3374702698, -973647.7992934048, -479869.3450711826, -26067.23588405149, -252616.60859414758, -416487.99925585894, -555270.6893870028, -629830.5094702137, -724268.7229320775, -801645.4373242529, -917405.5406709851, -1012480.6188433308, -1108499.3250475891, -1210841.3188588468, -1237645.6589388985, -1150387.7066727912, -958629.9307700004, -508965.33522502275, -30620.865013413975
7, -279252.6167873356, -481993.1756744727, -601195.579427946, -673471.5686549295, -769927.6412483135, -849762.8572174564, -971048.936896966, -1070703.0598949254, -1170155.63234606, -1278244.9707712915, -1313174.0686985133, -1239643.1235287325, -1043708.9569535727, -524873.3802405493, -30027.709154152653, -260015.0633479911, -491376.8394196777, -613907.26387011, -679017.0849219016, -775413.8986581811, -869321.0809262056, -992958.4989202879, -1078337.241066354, -1193572.492614526, -1301079.5278066413, -1332630.368135509, -1271177.4998251651, -1063055.8945535528, -536603.1578748849, -34371.95371442553
8, -257975.92191090732, -452267.04122371686, -564638.4012513477, -632647.0749488015, -723349.0284847115, -798385.4127957672, -912178.6138595723, -1005251.2591603553, -1097557.7280362202, -1196230.9919183082, -1225412.5067193608, -1149337.7233223412, -959389.2542715765, -470798.82747573295, -25263.367599687, -245554.5061701082, -449593.34231411543, -566188.0381631478, -628627.0977948338, -718972.014174977, -800950.0346461996, -914712.665768021, -998823.0908411413, -1099450.6605272011, -1196525.711556003, -1222982.5534635799, -1154999.1360158136, -958301.049792164, -473462.16552196426, -25742.297298925667
9, -260689.37756822878, -457345.33769282175, -570538.3990196382, -638676.8737461638, -729409.229261364, -804491.4907862159, -918399.9982846377, -1011492.7761166702, -1103743.4757987626, -1202148.8452444216, -1230831.9689319604, -1153560.5701204129, -962216.8543125222, -471310.47558499954, -25168.505645973106, -257963.0799638064, -436899.7769465963, -563562.8929556137, -633032.3132947395, -724692.0990094134, -802520.2874723625, -916457.8452488631, -1008135.9582188532, -1103944.821367921, -1202978.0841101059, -1230434.6044065787, -1155393.5337037512, -958533.6288280594, -487301.45277484984, -22760.385379734056
10, -265424.41193105205, -464130.9675920991, -578138.4098183893, -646489.553447615, -737455.6440460447, -812805.3066535034, -927264.9527986324, -1020894.3870792538, -1113776.8957570489, -1213088.5368281177, -1242364.2780845908, -1165437.3929780158, -973452.2808986984, -478689.0581395935, -25832.072470735562, -255486.73275559107, -421588.0752767452, -557129.2504167716, -631712.0205337141, -725209.126605448, -802640.2639763461, -917913.2971161247, -1012957.9478035292, -1108433.5076209994, -1210343.9953821043, -1237372.46164956, -1152848.835913544, -960126.1880639816, -505336.1727959653, -28487.666679266054
11, -265849.70304070367, -464428.6902575221, -578164.4180049532, -646316.005221183, -737038.6537234054, -812222.2098968686, -926487.4551767646, -1020001.4904567195, -1112813.8901402294, -1212153.801049478, -1241601.0540727044, -1165195.8492015316, -973814.7337994644, -479690.8818706424, -26012.484688420045, -253222.59881890507, -417568.51438609057, -555652.4953055045, -630211.6423301934, -724411.1937231608, -801800.9927436381, -917429.1913448492, -1012433.4317187499, -1108356.6655014937, -1210584.1032620822, -1237412.1417930399, -1150743.1904709926, -958839.1010735616, -508217.95246025536, -30182.285350932274
12, -265846.7778818537, -464341.15828665276, -577957.6399981044, -646040.6969139649, -736689.8544468044, -811826.8840670293, -926037.9709622343, -1019519.4745598158, -1112310.398677105, -1211653.4188921247, -1241144.8420665443, -1164887.6188977067, -973695.2434624778, -479839.34718574793, -26053.902013184306, -252730.69169278175, -416746.5572671248, -555365.1456166964, -629906.6519666897, -724277.1288786905, -801667.2048584356, -917386.7081701527, -1012411.5712708259, -1108422.8028410915, -1210726.732638183, -1237522.4462040688, -1150407.4877614307, -958634.0246284066, -508776.92362083745, -30519.056559615565
13, -265905.1278870734, -464398.69634410087, -577985.9416297087, -646050.9993606806, -736678.8681035119, -811801.1132839915, -925993.2222409309, -1019460.6061250358, -1112237.9005461019, -1211566.4618726654, -1241053.5931879692, -1164810.231335426, -973650.5895401642, -479861.34196522844, -26063.759150049093, -252578.82362442635, -416546.6801533042, -555291.1780086779, -629822.5499598779, -724236.7378036644, -801645.8820834826, -917393.5063627352, -1012413.3965831378, -1108463.1391733014, -1210787.50966911, -1237568.7836285534, -1150351.613102344, -958604.3892700782, -508908.13511847844, -30594.98469208568
14, -265951.49987906305, -464457.98094425723, -578038.0939323087, -646095.8304678714, -736715.3808872509, -811833.210442773, -926018.9748982484, -1019480.8081050441, -1112251.744417058, -1211570.965151095, -1241051.4929076345, -1164802.1339431517, -973643.485804522, -479865.6933005835, -26066.309698566354, -252616.20259421962, -416493.957335621, -555263.89108496, -629819.834095117, -724251.1498345565, -801627.2580756671, -917381.6085092494, -1012449.8457051311, -1108466.4161852286, -1210803.2839542173, -1237606.0846327627, -1150358.7984354936, -958605.631320762, -508942.12998256285, -30615.01969651015
15, -265951.49987906305, -464457.98094425723, -578038.0939323087, -646095.8304678714, -736715.3808872509, -811833.210442773, -926018.9748982484, -1019480.8081050441, -1112251.744417058, -1211570.965151095, -1241051.4929076345, -1164802.1339431517, -973643.485804522, -479865.6933005835, -26066.309698566354, -252616.20259421962, -416493.957335621, -555263.89108496, -629819.834095117, -724251.1498345565, -801627.2580756671, -917381.6085092494, -1012449.8457051311, -1108466.4161852286, -1210803.2839542173, -1237606.0846327627, -1150358.7984354936, -958605.631320762, -508942.12998256285, -30615.01969651015
16, -265951.49987968476, -464457.980944969, -578038.0939326559, -646095.8304711466, -736715.3808941649, -811833.2104486452, -926018.9749057157, -1019480.8081139959, -1112251.7444258868, -1211570.9651684938, -1241051.492913076, -1164802.1339586426, -973643.4858048067, -479865.69332125, -26066.3097009529, -252616.20256672817, -416493.95729569066, -555263.8911037119, -629819.8341315018, -724251.149759976, -801627.2579555638, -917381.6086375583, -1012449.8458152212, -1108466.416366945, -1210803.2834901838, -1237606.085257814, -1150358.7990289687, -958605.6351190972, -508942.13879642135, -30615.487108096393
17, -265951.44724789076, -464457.9216435232, -578037.9868986342, -646095.6804643665, -736715.1649198299, -811832.936713333, -926018.6094737708, -1019480.3620276002, -1112251.2092134792, -1211570.3077857266, -1241050.756365948, -1164801.3484274542, -973642.7523576594, -479865.2546065019, -26066.27859089329, -252615.8852297808, -416493.43604547565, -555263.216312559, -629819.0862139997, -724250.3113893478, -801626.3432360546, -917380.5834131105, -1012448.7317783039, -1108465.209570635, -1210801.982843724, -1237604.7663242847, -1150357.5816288688, -958604.6194630344, -508941.59149354236, -30614.98333263751
18, -265951.5144854564, -464458.1051969109, -578038.2709062677, -646096.0373575008, -736715.6241989008, -811833.4804095802, -926019.2783335997, -1019481.1323827908, -1112252.0813405574, -1211571.2956924844, -1241051.7913784478, -1164802.339634237, -973643.5835259686, -479865.6472828088, -26066.294243869106, -252616.3504915385, -416494.1853881201, -555264.1886405111, -629820.1683860812, -724251.5260070985, -801627.6649456082, -917382.0638963714, -1012450.3412744157, -1108466.946438692, -1210803.8476724462, -1237606.6498651286, -1150359.3082853118, -958606.046361762, -508942.34364553547, -30615.031189443573
19, -265951.4875145436, -464457.9557041583, -578038.0675366168, -646095.803785038, -736715.3538706119, -811833.1832309293, -926018.9478414516, -1019480.7819993896, -1112251.7205726253, -1211570.9473665282, -1241051.482460624, -1164802.1364868265, -973643.498073996, -479865.7086804375, -26066.311221706215, -252616.20251049462, -416493.95308232115, -555263.8831988662, -629819.8241041962, -724251.1360641832, -801627.240796594, -917381.5870642496, -1012449.8220682017, -1108466.3892253134, -1210803.2535587829, -1237606.0549587298, -1150358.7718537613, -958605.6103745814, -508942.1203799284, -30615.018743230103
20, -265961.6420280621, -464473.8672017006, -578056.0889336064, -646114.8670286738, -736735.7128585258, -811854.6014404357, -926041.849401452, -1019504.7178569864, -1112276.4173118125, -1211595.6760278712, -1241074.9738448388, -1164821.5264136, -973657.6886310263, -479871.0117089324, -26066.499264038503, -252622.15794421488, -416499.5382249767, -555269.4811963027, -629827.8035811218, -724260.6603572285, -801636.9323329456, -917393.3266917364, -1012465.2025337855, -1108481.8565761654, -1210821.5451993376, -1237627.3557735437, -1150377.7374995057, -958621.5837783106, -508948.4754647618, -30613.96062254817
21, -265961.6420280621, -464473.8672017006, -578056.0889336064, -646114.8670286738, -736735.7128585258, -811854.6014404357, -926041.849401452, -1019504.7178569864, -1112276.4173118125, -1211595.6760278712, -1241074.9738448388, -1164821.5264136, -973657.6886310263, -479871.0117089324, -26066.499264038503, -252622.15794421488, -416499.5382249767, -555269.4811963027, -629827.8035811218, -724260.6603572285, -801636.9323329456, -917393.3266917364, -1012465.2025337855, -1108481.8565761654, -1210821.5451993376, -1237627.3557735437, -1150377.7374995057, -958621.5837783106, -508948.4754647618, -30613.96062254817
22, -265961.64203423384, -464473.86720669526, -578056.0889361299, -646114.867031441, -736735.7128632797, -811854.6014430157, -926041.8494061835, -1019504.7178634771, -1112276.4173197406, -1211595.6760411575, -1241074.9738535597, -1164821.5264310907, -973657.6886304484, -479871.011724398, -26066.499266567753, -252622.1580826544, -416499.53821280185, -555269.4811670075, -629827.803746226, -724260.6604122405, -801636.932509837, -917393.3265876279, -1012465.202399264, -1108481.856512362, -1210821.545123407, -1237627.356517451, -1150377.7379169995, -958621.5876989512, -508948.4840288806, -30614.428059445156
23, -265961.58999024524, -464473.8087420729, -578055.9822414115, -646114.7170275134, -736735.4967127793, -811854.3275456867, -926041.4838298967, -1019504.2716361871, -1112275.8819336183, -1211595.0184480187, -1241074.237076168, -1164820.74069811, -973656.9550548672, -479870.57301970787, -26066.46815152062, -252621.8498870817, -416499.0162189033, -555268.8050421721, -629827.0575544848, -724259.8240138033, -801636.0153392546, -917392.2978803422, -1012464.0919363591, -1108480.646616819, -1210820.2426826858, -1237626.0381708536, -1150376.5209482948, -958620.5715619609, -508947.93728422094, -30613.927198196558
24, -265961.65733615105, -464473.99246677087, -578056.2662906973, -646115.0738760316, -736735.9559222542, -811854.8711931501, -926042.15269401, -1019505.0420314502, -1112276.7541236212, -1211596.0064608334, -1241075.2722215645, -1164821.732064803, -973657.786365141, -479870.9657711409, -26066.483805344425, -252622.31682888622, -416499.76554703806, -555269.7771663232, -629828.1400450917, -724261.0394184031, -801637.3366012442, -917393.7784114857, -1012465.7017957519, -1108482.3839971016, -1210822.107460511, -1237627.922188882, -1150378.2479407922, -958621.9989157702, -508948.68945340684, -30613.973444771007
25, -265961.6298359181, -464473.8422043092, -578056.0626313324, -646114.8403434068, -736735.6857897199, -811854.5741906995, -926041.8223231878, -1019504.6917381296, -1112276.3934593368, -1211595.658228601, -1241074.9633905883, -1164821.5289479804, -973657.7008915148, -479871.0270927374, -26066.50078438566, -252622.16072487296, -416499.5338106655, -555269.4729524367, -629827.7941871085, -724260.6471973805, -801636.914713659, -917393.3043025272, -1012465.179681386, -1108481.8282619643, -1210821.5148449545, -1237627.3262930096, -1150377.7112572268, -958621.5629858535, -508948.4656705377, -30613.96071611496
