s
0.01020408163265306, 0.07142857142857142, 0.1530612244897959, 0.21428571428571425, 0.2959183673469387, 0.3571428571428571, 0.43877551020408156, 0.5, 0.5612244897959183, 0.6428571428571428, 0.7040816326530611, 0.7857142857142856, 0.846938775510204, 0.9285714285714285, 0.9897959183673469
iteration, j dot B Redl, j dot B vmec
0, -265862.24894335296, -464314.24509934336, -577857.5278812428, -645898.4368790428, -736480.7110561439, -811553.1448180422, -925653.8039640877, -1019031.8606682802, -1111705.7933214721, -1210883.9097881657, -1240264.9457640338, -1163934.7566089155, -972806.5067316008, -479330.13446364074, -26026.28025990916, -252761.3927383545, -416642.7223878873, -555257.6204774634, -629833.0840384455, -724218.023774559, -801560.326423597, -917282.2722386835, -1012377.1423491248, -1108329.5673924475, -1210675.852860183, -1237569.2038183743, -1150306.385919423, -958577.27937987, -508765.253399276, -30512.99485386911
1, -265862.24894335296, -464314.24509934336, -577857.5278812428, -645898.4368790428, -736480.7110561439, -811553.1448180422, -925653.8039640877, -1019031.8606682802, -1111705.7933214721, -1210883.9097881657, -1240264.9457640338, -1163934.7566089155, -972806.5067316008, -479330.13446364074, -26026.28025990916, -252761.3927383545, -416642.7223878873, -555257.6204774634, -629833.0840384455, -724218.023774559, -801560.326423597, -917282.2722386835, -1012377.1423491248, -1108329.5673924475, -1210675.852860183, -1237569.2038183743, -1150306.385919423, -958577.27937987, -508765.253399276, -30512.99485386911
2, -265862.24894335296, -464314.24509934336, -577857.5278812428, -645898.4368790428, -736480.7110561439, -811553.1448180422, -925653.8039640877, -1019031.8606682802, -1111705.7933214721, -1210883.9097881657, -1240264.9457640338, -1163934.7566089155, -972806.5067316008, -479330.13446364074, -26026.28025990916, -252761.3927383545, -416642.7223878873, -555257.6204774634, -629833.0840384455, -724218.023774559, -801560.326423597, -917282.2722386835, -1012377.1423491248, -1108329.5673924475, -1210675.852860183, -1237569.2038183743, -1150306.385919423, -958577.27937987, -508765.253399276, -30512.99485386911
3, -265862.2492272867, -464314.2456000125, -577857.5281235789, -645898.4366529686, -736480.710683031, -811553.1446461917, -925653.8041633344, -1019031.8611731369, -1111705.7937270019, -1210883.909737002, -1240264.945448901, -1163934.7562576535, -972806.5065569784, -479330.1344327033, -26026.280247553077, -252761.36793854833, -416642.72420812136, -555257.6239308172, -629833.0791724996, -724218.017167018, -801560.3336433966, -917282.281164528, -1012377.1329636205, -1108329.574395277, -1210675.8579680491, -1237569.200305875, -1150306.3841595384, -958577.2842058713, -508765.2621203865, -30513.462712334018
4, -265861.0784820337, -464313.3099448343, -577856.8485996063, -645898.0161391358, -736480.637972207, -811552.5529007093, -925653.0569754799, -1019032.1107929486, -1111706.928119568, -1210885.2751608705, -1240265.77023488, -1163934.7542686844, -972806.3686020477, -479329.8693676748, -26026.233554220504, -252665.93415948877, -416649.6428421382, -555271.1345093561, -629814.9915128361, -724193.5873272954, -801586.5012254387, -917312.8004922442, -1012345.5298124454, -1108354.682685783, -1210693.0107765773, -1237556.294259392, -1150299.715985042, -958581.1091343152, -508766.7604985414, -30513.42985963769
5, -265862.5252247151, -464314.4606263232, -577857.7380428691, -645898.4073539907, -736480.5572166832, -811553.1140786582, -925653.9436555605, -1019032.1143269956, -1111705.9584470887, -1210883.9907095074, -1240264.9204837303, -1163934.63491936, -972806.4927279622, -479330.17874159716, -26026.281673142854, -252745.58880642412, -416643.9286180279, -555259.7253878291, -629829.9602337884, -724213.8387753682, -801565.1297540553, -917287.9553554907, -1012371.3081605432, -1108334.3158272887, -1210679.336387167, -1237566.466673305, -1150305.2226777724, -958577.9643311967, -508765.8509980527, -30512.75540105776
6, -265862.28014261095, -464314.26872921514, -577857.5488188373, -645898.4248792394, -736480.6860087492, -811553.1403997266, -925653.8246046756, -1019031.8942202372, -1111705.8172942507, -1210883.9228359344, -1240264.935085397, -1163934.7247935727, -972806.4773018032, -479330.1120914533, -26026.278515474696, -252759.1206410861, -416642.8723898968, -555257.943352774, -629832.581500523, -724217.498031971, -801561.0561919592, -917283.0441365179, -1012376.3497202514, -1108330.188530762, -1210676.3168356859, -1237568.877253794, -1150306.188741878, -958577.3298606938, -508765.27882771427, -30513.277284967815
7, -265861.98488365917, -464313.81482012826, -577856.9775213716, -645897.6629342599, -736480.2073582435, -811552.5404730139, -925653.7115807044, -1019032.8934446753, -1111707.436288508, -1210884.9745733251, -1240265.0234286035, -1163933.9141261647, -972805.5573466339, -479329.3940072167, -26026.208947317813, -252680.07815501778, -416648.43570977176, -555269.3913927483, -629817.4702515724, -724196.9932347886, -801583.5837867934, -917308.1475201594, -1012349.6691223448, -1108352.0365033848, -1210690.2048279215, -1237558.242215999, -1150300.3638811768, -958580.6311505509, -508767.24756920285, -30512.56357099091
8, -265861.4221489048, -464313.32868679997, -577856.8592937532, -645898.0290844854, -736480.7058382782, -811552.7218205603, -925653.2985129408, -1019032.3417508218, -1111707.0771502275, -1210885.184883883, -1240265.416955504, -1163934.0198840855, -972805.4456572371, -479329.15730946127, -26026.178639935657, -252666.5696535459, -416649.6572555558, -555270.9531424923, -629815.195865993, -724193.8437144322, -801586.2019425692, -917312.7708134796, -1012345.5327496977, -1108354.5072884427, -1210693.077539289, -1237556.426404541, -1150299.5162092908, -958581.1363902325, -508766.73627329955, -30513.208499278335
9, -278733.29847715213, -484596.49793320725, -603085.5661227688, -674596.5763027056, -770068.5047333718, -848990.101589794, -968864.318439673, -1067185.3502829557, -1164624.255578287, -1268987.4545926328, -1300189.1479981197, -1220348.7686930294, -1019995.4594354025, -502521.43026372045, -27236.356787458764, -248410.6215068796, -484269.3666392614, -609143.5582262822, -672538.6531760303, -759055.9654586402, -868988.5115119911, -957968.2911956013, -1047740.9178777685, -1184145.6646855536, -1245915.8520107614, -1293745.2257378122, -1229481.1718968018, -1017565.0413481942, -517184.7561719411, -48625.9120598055
10, -265501.1069486919, -463287.8260891534, -577087.1740433957, -645711.075911847, -737253.2444749811, -812971.509641976, -927908.2598455739, -1021985.75274442, -1115142.0642816117, -1214566.3670114027, -1243660.6719324025, -1165706.2470054897, -972581.1180287555, -476825.6969906738, -25542.58489052037, -252194.06887235894, -457667.1804837608, -580138.4615474114, -645575.2869956513, -730263.489061414, -823113.6371114681, -918929.3899676142, -1008435.0087344543, -1125111.716334112, -1196952.28550876, -1239909.099210467, -1174175.9299261477, -973347.2662894317, -493019.3658656379, -34942.75008848542
11, -262756.78330090025, -459014.0353448326, -571926.2147119453, -639917.6001770904, -730560.6946969136, -805572.2931860092, -919441.4350830814, -1012580.6972524722, -1104818.878789574, -1203218.746407117, -1231917.628000988, -1154553.4103983834, -963140.5091887834, -472029.96372280584, -25269.821330734394, -257522.89518754638, -441795.1975054314, -569762.1820829802, -638210.788192984, -725277.4109717265, -810602.6347876759, -912533.0015703813, -1004200.9164433528, -1112240.7865200527, -1192723.425154128, -1230802.6588556974, -1160170.2969899133, -962380.8027559541, -495140.7814532992, -29589.374418542488
12, -264240.55133140355, -461405.43053364026, -574805.5746621678, -642946.9056406375, -733709.40295558, -808883.1212248773, -923044.324561557, -1016410.9310414146, -1108983.3041654015, -1207896.990518352, -1236989.3596557819, -1160197.7576256017, -968887.9491918978, -476291.43861570477, -25701.96042756435, -255396.5848945502, -422432.2988352084, -558508.8103759742, -632523.6619853938, -725272.7725015482, -803924.2102640037, -916949.9860278431, -1011260.338143015, -1109341.1712999153, -1206993.6436143508, -1235552.9913717776, -1151409.1036617877, -958356.6918203816, -505600.79398819624, -29965.258379198232
13, -265334.4598739772, -463230.77258563566, -576603.4562984138, -644574.2177319353, -735065.9085333443, -810051.3767606805, -923994.434591875, -1017223.3235231871, -1109722.5374000082, -1208657.2609961396, -1237885.082365335, -1161491.0323568732, -970541.5599256543, -477926.9141857, -25910.009072604968, -253043.46034649797, -417193.9980281733, -555572.0853200534, -630074.290185896, -724278.3777217204, -801595.9460993019, -917046.2453737676, -1011881.7836100659, -1107758.9713694302, -1209624.816941784, -1236397.0044493407, -1149111.0522538126, -957394.2795063618, -507751.12237227114, -30338.084230645283
14, -265709.2834528909, -463980.6556846881, -577436.9460273188, -645421.5130366614, -735927.51169414, -810936.6140394124, -924938.3354411627, -1018232.439166219, -1110817.0151942659, -1209885.487405614, -1239212.177771745, -1162893.3071473483, -971882.2901470629, -478803.77775696927, -25987.37951881117, -252722.9851751129, -416682.286840182, -555235.7203150728, -629759.9038206274, -724081.4389679171, -801416.4295671624, -917057.3025470487, -1012034.0846266149, -1107955.3262678746, -1210174.4612339449, -1236993.405039741, -1149717.9861246555, -958048.0412584149, -508403.8396907253, -30465.338907155165
15, -265802.7680019395, -464199.22329822055, -577713.0273784483, -645734.9892877808, -736292.4262998777, -811344.2638880005, -925414.1949597966, -1018767.8960108717, -1111416.9050022815, -1210566.9259108203, -1239937.891659276, -1163623.5762311923, -972541.234451755, -479189.7437410821, -26016.96291816602, -252671.51537018144, -416620.5155802325, -555213.7730427622, -629751.1635553893, -724108.5871368771, -801473.5648871701, -917170.1968166892, -1012188.3358038595, -1108160.9207993408, -1210464.7620532054, -1237316.6307051263, -1150061.8720556137, -958370.3641719631, -508637.0646318248, -30500.101059419598
16, -265848.0182150534, -464285.215860416, -577821.1566627271, -645855.0769075917, -736428.328243336, -811495.2083817158, -925588.7353360914, -1018962.0955984276, -1111631.9520439245, -1210808.548791808, -1240194.11639296, -1163879.3664803354, -972768.9697203429, -479318.2920838087, -26026.061171512425, -252681.7387009015, -416632.14844390575, -555243.5766675206, -629791.5279876097, -724165.8637840919, -801539.6479353004, -917256.7772915671, -1012300.1214223981, -1108286.1312678047, -1210618.3348442914, -1237486.588684468, -1150230.299321784, -958519.083090337, -508730.92199339153, -30511.067785374544
17, -265861.4013032583, -464314.16059666045, -577857.6926879771, -645896.0100916706, -736474.7900804693, -811545.9066978381, -925645.5886325104, -1019023.8081301544, -1111698.2491160545, -1210879.284268028, -1240265.5861583268, -1163945.6377041615, -972824.3858615662, -479346.3144569581, -26027.738624374073, -252686.7506256443, -416645.56877186755, -555264.1048558076, -629814.9395490747, -724194.7429728471, -801574.4507054561, -917298.9771458805, -1012346.5197475487, -1108340.5152744926, -1210680.247082726, -1237550.654811964, -1150292.1844937706, -958572.679955723, -508762.0724772084, -30513.167823353346
