s
0.01020408163265306, 0.2551020408163265, 0.5, 0.7448979591836734, 0.9897959183673469
iteration, j dot B Redl, j dot B vmec
0, -288655.72553019086, -1914857.8031591894, -2218816.3627407067, -1586806.9854171476, -4839.840765209702, -27073.279276897974, -503972.29752777785, -670218.7023930635, -511158.2622642735, -27379.35318305251
1, -288655.72553019086, -1914857.8031591894, -2218816.3627407067, -1586806.9854171476, -4839.840765209702, -27073.279276897974, -503972.29752777785, -670218.7023930635, -511158.2622642735, -27379.35318305251
2, -288655.72553019086, -1914857.8031591894, -2218816.3627407067, -1586806.9854171476, -4839.840765209702, -27073.279276897974, -503972.29752777785, -670218.7023930635, -511158.2622642735, -27379.35318305251
3, -250301.77758036947, -1627962.7800038932, -1897946.9720576368, -1354167.8117904603, -3966.021595337661, -95390.66766480301, -789629.3135920434, -964750.1704925157, -714594.0279788728, -32164.467014258837
4, -250301.77758036947, -1627962.7800038932, -1897946.9720576368, -1354167.8117904603, -3966.021595337661, -95390.66766480301, -789629.3135920434, -964750.1704925157, -714594.0279788728, -32164.467014258837
5, -263612.9717245861, -1596124.7392902588, -1895659.2758683027, -1396474.4482677043, -4332.709561057223, -194632.13142549526, -1324733.6677956793, -1562274.2558150566, -1167318.0653552392, -21210.99766639198
6, -263612.9717245861, -1596124.7392902588, -1895659.2758683027, -1396474.4482677043, -4332.709561057223, -194632.13142549526, -1324733.6677956793, -1562274.2558150566, -1167318.0653552392, -21210.99766639198
