s
0.01020408163265306, 0.07142857142857142, 0.1530612244897959, 0.21428571428571425, 0.2959183673469387, 0.3571428571428571, 0.43877551020408156, 0.5, 0.5612244897959183, 0.6428571428571428, 0.7040816326530611, 0.7857142857142856, 0.846938775510204, 0.9285714285714285, 0.9897959183673469
iteration, j dot B Redl, j dot B vmec
0, -260633.74238689017, -927658.2272040799, -1259685.0871971438, -1397876.6285001962, -1530772.4716709112, -1610259.957762779, -1694049.01178713, -1730137.962351901, -1728112.6983562687, -1632658.7060338818, -1466464.0610925488, -1098040.0391526436, -727433.1482279854, -218715.21248796093, -4572.09164111963, -279009.5933756273, -896964.9305875185, -1267110.7422310866, -1398887.687835866, -1530240.7667237488, -1610664.9233939664, -1694265.726514819, -1731809.317110691, -1729779.599122546, -1633438.5327617999, -1467004.7364499806, -1096796.2782681105, -725622.9914552247, -232283.60564737246, -1682.513043160743
1, -260633.74238689017, -927658.2272040799, -1259685.0871971438, -1397876.6285001962, -1530772.4716709112, -1610259.957762779, -1694049.01178713, -1730137.962351901, -1728112.6983562687, -1632658.7060338818, -1466464.0610925488, -1098040.0391526436, -727433.1482279854, -218715.21248796093, -4572.09164111963, -279009.5933756273, -896964.9305875185, -1267110.7422310866, -1398887.687835866, -1530240.7667237488, -1610664.9233939664, -1694265.726514819, -1731809.317110691, -1729779.599122546, -1633438.5327617999, -1467004.7364499806, -1096796.2782681105, -725622.9914552247, -232283.60564737246, -1682.513043160743
2, -260633.74238689017, -927658.2272040799, -1259685.0871971438, -1397876.6285001962, -1530772.4716709112, -1610259.957762779, -1694049.01178713, -1730137.962351901, -1728112.6983562687, -1632658.7060338818, -1466464.0610925488, -1098040.0391526436, -727433.1482279854, -218715.21248796093, -4572.09164111963, -279009.5933756273, -896964.9305875185, -1267110.7422310866, -1398887.687835866, -1530240.7667237488, -1610664.9233939664, -1694265.726514819, -1731809.317110691, -1729779.599122546, -1633438.5327617999, -1467004.7364499806, -1096796.2782681105, -725622.9914552247, -232283.60564737246, -1682.513043160743
3, -260633.74947014486, -927658.2856123075, -1259685.1735287276, -1397876.7251188173, -1530772.571903566, -1610260.0578445392, -1694049.0818345766, -1730138.0292188665, -1728112.515010203, -1632658.3145815183, -1466463.8000474067, -1098039.9116407144, -727433.0941669068, -218715.20732486568, -4572.091808070575, -279009.5857848408, -896964.9306099431, -1267110.7393004731, -1398887.6900100675, -1530240.7181105665, -1610664.9538369593, -1694265.0656377363, -1731809.49908561, -1729796.0123940476, -1633438.863167476, -1467003.9893628568, -1096796.2751277601, -725622.9063504572, -232283.58646690467, -1682.461899499689
4, -260633.70696135203, -927658.1270003602, -1259684.9523308652, -1397876.4732174552, -1530772.2896476635, -1610259.7547935618, -1694048.7800893872, -1730137.710781239, -1728112.4317380907, -1632658.4350794624, -1466463.805767072, -1098039.8377383705, -727433.010257609, -218715.1688796532, -4572.090692766809, -279009.59675666055, -896964.9421502706, -1267110.7592820553, -1398887.7074875953, -1530240.7892267315, -1610664.9482034233, -1694265.7542321496, -1731809.3459466035, -1729779.628385142, -1633438.561372124, -1467004.7623978243, -1096796.2989498002, -725623.0060928495, -232283.610228709, -1682.512525007376
5, -260633.7410013689, -927658.2236422199, -1259685.0802681406, -1397876.619917232, -1530772.461442978, -1610259.9466685115, -1694049.0000230705, -1730137.950318467, -1728112.6863980768, -1632658.694588006, -1466464.0505323336, -1098040.0309970127, -727433.1426284857, -218715.21071634477, -4572.09160447925, -279009.59270527493, -896964.9299874614, -1267110.7413550455, -1398887.6868011814, -1530240.765793432, -1610664.9231445382, -1694265.7262714305, -1731809.3164637524, -1729779.5984734374, -1633438.5323297996, -1467004.7352244293, -1096796.2779547707, -725622.9912565111, -232283.6052072527, -1682.5124713001605
6, -260633.76088025415, -927658.2874478522, -1259685.172762647, -1397876.7263843776, -1530772.5833972318, -1610260.0790546066, -1694049.1452898672, -1730138.103591144, -1728112.8449713225, -1632658.852043325, -1466464.1976567174, -1098040.1465777531, -727433.2216552038, -218715.23544838815, -4572.09215172191, -279009.5958064969, -896964.9328459674, -1267110.7442662027, -1398887.6901136318, -1530240.768401608, -1610664.9241727828, -1694265.7267359148, -1731809.3185191643, -1729779.598407904, -1633438.5316540168, -1467004.7361141602, -1096796.278068327, -725622.9914743347, -232283.60571475147, -1682.5118976178783
7, -260633.76306713937, -927658.2907403891, -1259685.1841041213, -1397876.7470926996, -1530772.6185854566, -1610260.12554749, -1694049.2059744396, -1730138.173043645, -1728112.9199818876, -1632658.9275018624, -1466464.267106815, -1098040.199866912, -727433.2576714954, -218715.24627595794, -4572.092264710471, -279009.5727996514, -896964.8640487818, -1267110.6467200643, -1398887.5809610342, -1530240.6482441348, -1610664.7976696545, -1694265.592567985, -1731809.178149684, -1729779.4588167162, -1633438.3980936336, -1467004.61382598, -1096796.1861954436, -725622.9294095846, -232283.58508259233, -1682.511503867965
8, -260633.61373109344, -927657.7645550047, -1259684.6032251325, -1397876.2018555286, -1530772.1478225957, -1610259.7134247688, -1694048.8615885417, -1730137.8663282408, -1728112.6369354818, -1632658.6571488874, -1466464.00071686, -1098039.9555670656, -727433.0623563959, -218715.16665367578, -4572.089394840013, -279009.36354194616, -896964.1907368306, -1267109.690944977, -1398886.5214449398, -1530239.4836521354, -1610663.567380683, -1694264.2925090273, -1731807.84367071, -1729778.120790081, -1633437.1276170833, -1467003.4672773445, -1096795.3208083184, -725622.3496374805, -232283.39154168795, -1682.5088433995115
9, -260633.7198640022, -927658.1147057507, -1259684.9502948944, -1397876.4939933564, -1530772.3493704968, -1610259.8481927323, -1694048.922219645, -1730137.8892684025, -1728112.6422272255, -1632658.6711075704, -1466464.0393237683, -1098040.0290158354, -727433.1423294088, -218715.2098322939, -4572.091546486581, -279009.5934027352, -896964.9379400525, -1267110.750797385, -1398887.6950197045, -1530240.7730116923, -1610664.9306207052, -1694265.7337516951, -1731809.3218912366, -1729779.6047158942, -1633438.5371098432, -1467004.7397381593, -1096796.281741724, -725622.9942521084, -232283.60649217432, -1682.5129924914218
10, -284124.7644952079, -1060395.410417499, -1432290.218721719, -1581208.309825671, -1717879.1826278237, -1795794.9812810915, -1872688.4144948705, -1899662.5936532342, -1884669.1589297026, -1764947.7990842315, -1575124.0794182536, -1169214.929241946, -769007.7057958576, -228221.41611122215, -4670.289218632144, -296738.5347933272, -1072116.5407814684, -1449795.062620808, -1598997.500443553, -1739131.9935135997, -1821105.959564563, -1904110.7212044226, -1936249.9206976527, -1926808.6772115733, -1812640.6095682904, -1623964.4524293968, -1212919.0316824894, -801926.6448059463, -241957.92607655886, -5042.598923503581
11, -253721.6548820046, -937971.3758849502, -1279608.2177576257, -1419348.9628749741, -1548245.1680214736, -1621759.4551167665, -1694470.4874990534, -1720528.2603332337, -1707833.4163566674, -1599214.3878487824, -1426215.7335254853, -1056873.0435743537, -693998.5967717253, -205645.70236872195, -4232.181912796528, -256545.123825178, -942420.0203590859, -1284938.1013166988, -1424274.3277213469, -1553911.0720164787, -1628225.2098540247, -1702100.5033923127, -1729562.4762685453, -1717999.9995947357, -1610811.9412818565, -1438226.0022275469, -1067826.2844489438, -702035.697402326, -208614.45904985737, -4642.480776597626
12, -259672.68536550552, -931389.9862026148, -1265677.1820751084, -1404362.3315931046, -1535795.187540025, -1613258.7667269846, -1693561.576168346, -1726707.0275465767, -1721763.0471145792, -1623129.965525576, -1455722.2085354081, -1088066.290857329, -719980.5388788694, -216145.5528672175, -4513.73920634965, -271645.09395984013, -921559.2249066102, -1269998.065411317, -1402693.1774772103, -1536119.9169343314, -1613755.3554173822, -1694803.7949305137, -1729201.7955162646, -1725120.2378568188, -1627054.6314872524, -1460092.8674938276, -1092220.8193110672, -721837.843513662, -220979.33573493728, -2343.7809883706323
13, -260258.65440788865, -928906.4809379231, -1262082.1793276938, -1400672.9926774777, -1533273.3662095538, -1612150.6618041333, -1694818.8701582334, -1729932.3023256846, -1726924.4170583126, -1630383.1571621988, -1463755.8123579137, -1095507.1371931466, -725591.3249358305, -218118.57196604495, -4558.118514977187, -279163.2187235451, -904812.3746160899, -1267036.6792787507, -1398269.312376422, -1531223.758254934, -1610843.6110395496, -1694078.4805964432, -1730876.2459398704, -1728683.408301646, -1632320.1355009023, -1465891.2623679577, -1096750.269528673, -725345.0265086693, -228262.94481543597, -798.039240343227
14, -260432.34515992142, -928291.5693245926, -1260813.3631580519, -1399094.8358818477, -1531789.980339159, -1610969.1382447178, -1694209.9166888718, -1729826.3219564164, -1727323.879138169, -1631337.7372401967, -1464925.0027368085, -1096581.6996695015, -726338.3430881016, -218338.2562520646, -4563.1203131038355, -279339.6457095732, -898913.5722464551, -1266923.9741753032, -1398590.5911127813, -1530385.6724763724, -1610639.4676217209, -1694212.0678193246, -1731606.690713056, -1729582.66280602, -1633299.8331055637, -1466873.0249856517, -1096921.822923678, -725685.8897496609, -231235.93901225255, -1310.386473685081
15, -260614.57953089004, -927652.4518808858, -1259711.2437543087, -1397846.817791975, -1530587.124823052, -1609919.4441677798, -1693472.2971935598, -1729381.6290479365, -1727193.6634514548, -1631596.261282307, -1465390.0308295554, -1097128.9214982358, -726783.3174203419, -218503.8427488419, -4567.834645239039, -279156.76698764367, -897384.1193607093, -1267046.4917870995, -1398827.8922101413, -1530289.9707621902, -1610646.511391494, -1694249.7606284171, -1731812.1801264873, -1729746.4642666772, -1633432.013948834, -1467021.4451778273, -1096859.4460587928, -725657.7909883356, -232053.82623957563, -1593.9522718639055
16, -260656.14371206064, -927410.7785441477, -1259341.9297612966, -1397469.4161584484, -1530279.229534828, -1609702.8405835559, -1693412.9221483748, -1729455.5068975159, -1727401.4481875175, -1631954.4245229005, -1465812.1693996477, -1097533.7333051628, -727088.7349885609, -218609.23918654464, -4570.298981563298, -279090.0431933716, -897055.5554341747, -1267095.3557454715, -1398892.5102825612, -1530275.3561237748, -1610658.0220427753, -1694259.5278109706, -1731844.871540371, -1729774.1484246799, -1633443.7463344152, -1467032.1068316984, -1096826.717856903, -725636.416490653, -232235.06208098304, -1665.203958874532
17, -260675.54797381395, -927352.0782845828, -1259257.808277647, -1397392.897876276, -1530234.7359719083, -1609693.4638132704, -1693460.444126575, -1729549.7987028447, -1727541.1706149757, -1632141.9986831807, -1466015.6882815082, -1097717.4082756063, -727224.2042334469, -218654.85440401878, -4571.331193421848, -279076.7376432022, -896987.0556162844, -1267107.2392641946, -1398907.082853897, -1530271.4186089884, -1610658.1217631483, -1694257.3781909146, -1731847.2634659768, -1729774.098711308, -1633439.409826413, -1467028.2541334694, -1096814.695330716, -725628.0661324861, -232272.89434136017, -1680.9430000386892
18, -260629.39136302058, -927655.5141368686, -1259682.8166405708, -1397873.042263911, -1530765.4262128484, -1610249.3351538656, -1694032.6553344126, -1730116.95464174, -1728087.2726514642, -1632629.0424405956, -1466433.6921183304, -1098013.769043109, -727414.1039170832, -218708.84588357847, -4571.945714249969, -279012.36729933193, -896975.0803663923, -1267117.4680571677, -1398895.111689801, -1530250.346924557, -1610674.6365803026, -1694276.1422570967, -1731819.7996440064, -1729790.1231603606, -1633448.8126180028, -1467014.030720552, -1096803.8894916594, -725628.072704015, -232282.42289980542, -1681.436162671056
19, -260629.39136302058, -927655.5141368686, -1259682.8166405708, -1397873.042263911, -1530765.4262128484, -1610249.3351538656, -1694032.6553344126, -1730116.95464174, -1728087.2726514642, -1632629.0424405956, -1466433.6921183304, -1098013.769043109, -727414.1039170832, -218708.84588357847, -4571.945714249969, -279012.36729933193, -896975.0803663923, -1267117.4680571677, -1398895.111689801, -1530250.346924557, -1610674.6365803026, -1694276.1422570967, -1731819.7996440064, -1729790.1231603606, -1633448.8126180028, -1467014.030720552, -1096803.8894916594, -725628.072704015, -232282.42289980542, -1681.436162671056
20, -260629.39826913082, -927655.5726615299, -1259682.902864486, -1397873.138718796, -1530765.526380503, -1610249.4354172386, -1694032.7256916966, -1730117.0218705751, -1728087.089589852, -1632628.6511567915, -1466433.4311323313, -1098013.6413608075, -727414.0497466726, -218708.84065385387, -4571.9458796682775, -279012.36530522176, -896975.0799604737, -1267117.4642805315, -1398895.115059704, -1530250.2997792151, -1610674.6651074688, -1694275.4788602206, -1731819.9838471294, -1729806.5352248284, -1633449.1429529574, -1467013.2852526985, -1096803.886255732, -725627.9871498791, -232282.4037297594, -1681.3847637301697
21, -260629.35590296666, -927655.4138707228, -1259682.6817918927, -1397872.8870296455, -1530765.2442124374, -1610249.1321720514, -1694032.4236917477, -1730116.7031470025, -1728087.0059685968, -1632628.7714888891, -1466433.4368211417, -1098013.567580308, -727413.9659327781, -218708.8022857741, -4571.944765858087, -279012.371441565, -896975.0917670246, -1267117.4850840487, -1398895.1315835002, -1530250.369719756, -1610674.661448167, -1694276.1695120032, -1731819.8284465796, -1729790.1525458833, -1633448.8417648387, -1467014.0577104865, -1096803.9103450426, -725628.0874246596, -232282.42748688828, -1681.4343306639057
22, -260629.38998125715, -927655.510545571, -1259682.8097316471, -1397873.0337830514, -1530765.4160349884, -1610249.324022078, -1694032.6435280722, -1730116.9425734286, -1728087.2605700928, -1632629.0308332269, -1466433.6814854466, -1098013.7607723589, -727414.0983443263, -218708.84412668337, -4571.94567791804, -279012.36574302654, -896975.0797669356, -1267117.4673859512, -1398895.1105877983, -1530250.34590007, -1610674.636680114, -1694276.1423384957, -1731819.79863932, -1729790.1231390154, -1633448.8123182685, -1467014.0298695639, -1096803.888288402, -725628.0729155994, -232282.42223602952, -1681.4350209606018
23, -260629.4098302793, -927655.5743726623, -1259682.902265863, -1397873.1402879823, -1530765.5380041166, -1610249.456569667, -1694032.7888381043, -1730117.095897737, -1728087.419152049, -1632629.1883825082, -1466433.8285891144, -1098013.8764200076, -727414.1773131011, -218708.86884506495, -4571.946224993324, -279012.37008505187, -896975.0825882668, -1267117.470065284, -1398895.1139138483, -1530250.3485414295, -1610674.6370273647, -1694276.141943398, -1731819.800075577, -1729790.1224657015, -1633448.8115239877, -1467014.0306376196, -1096803.8896962767, -725628.072655867, -232282.42267904727, -1681.4384102146614
24, -260629.41220301948, -927655.577771263, -1259682.9140081266, -1397873.16143639, -1530765.5732685984, -1610249.5027920168, -1694032.849150837, -1730117.164831351, -1728087.4935958069, -1632629.263268953, -1466433.8976619744, -1098013.929541282, -727414.2133824399, -218708.87970401644, -4571.9463390653245, -279012.3434930756, -896975.0140583128, -1267117.3730600346, -1398895.004341378, -1530250.2276945226, -1610674.5118812947, -1694276.0090254284, -1731819.658922075, -1729789.9846988423, -1633448.6792785302, -1467013.9078430529, -1096803.796769782, -725628.0109067285, -232282.40201650758, -1681.4373340019192
25, -260629.26387502794, -927655.0513560807, -1259682.3348741361, -1397872.6184053198, -1530765.1033262706, -1610249.0898541263, -1694032.502445146, -1730116.855413952, -1728087.2077064705, -1632628.9903846397, -1466433.6294410785, -1098013.6847923468, -727414.0183289865, -218708.80043250858, -4571.943478875846, -279012.1118086339, -896974.3424105723, -1267116.4204675592, -1398893.940124309, -1530249.0567738165, -1610673.2894014332, -1694274.7170830844, -1731818.3164100498, -1729788.6543102318, -1633447.4143917258, -1467012.7584669262, -1096802.929372891, -725627.4330527257, -232282.20913422963, -1681.432684326759
26, -260629.36888906884, -927655.4016175603, -1259682.6799546978, -1397872.9080193865, -1530765.3040153075, -1610249.225541171, -1694032.5656807572, -1730116.8815129925, -1728087.2163396846, -1632629.0073004535, -1466433.670148268, -1098013.7587886835, -727414.0980592478, -218708.84325701138, -4571.945620195207, -279012.3666265629, -896975.0877427395, -1267117.4767014312, -1398895.118758256, -1530250.353098867, -1610674.6443023589, -1694276.1493924921, -1731819.8029062562, -1729790.129626871, -1633448.817818583, -1467014.0343752159, -1096803.8918296637, -725628.0762122811, -232282.42369776726, -1681.4351350030192
