# Total number of coils 
  32 
#------------1----------- 
# coil_type  symm  coil_name 
  1   2  CurveXYZFourier1 
# Nseg current Ifree Length Lfree target_length 
  176   1.253445562815671E+07 0   3.733221056187634E+01 0   3.733221056187634E+01 
# NFcoil 
  11 
# Fourier harmonics for coils ( xc; xs; yc; ys; zc; zs) 
  1.375649877137485E+01   3.758765570548952E+00   4.736865404868552E-01  -7.415243927749744E-01   2.926365960159898E-01   2.922043304883583E-01  -9.187127930656233E-02  -6.570320488642643E-02   7.034462457062836E-02   3.500057872515877E-02  -1.710885921051679E-02  -5.822704339656392E-02 
  0.000000000000000E+00  -1.451499046196116E-01  -6.602223409796937E-02  -3.956285642922696E-01   6.851972209419965E-03   1.340868637503355E-01  -7.668932439506497E-02  -9.203098529512872E-02   1.090334376444607E-01  -1.149516874696111E-02  -5.144886057149241E-02   2.632168023046762E-02 
  1.489067932347924E+00   1.091786175828573E+00  -4.677088118468170E-01  -8.971506788365000E-02   6.142768031038902E-02  -1.368480836433082E-01   1.520549875911894E-01  -8.309642458992843E-02  -4.583717759596307E-02   3.710925500685175E-02   2.599805357395188E-02  -4.654136854230650E-02 
  0.000000000000000E+00  -1.781401591040991E+00   9.174589562921484E-01  -4.597711409912562E-01  -2.955021093172205E-02   1.240454443798281E-02   1.074240291541527E-02  -7.205252630125251E-02  -9.906347610777758E-03   1.868459418247882E-02  -5.650275049115282E-03  -2.369589718647370E-02 
 -6.762809926404850E-01   1.195693934117586E-01   1.912990037116538E-01  -3.133264301274551E-01   1.023716876928648E-01   8.621162398052294E-02  -3.790324795729975E-02  -5.536194325467092E-02   2.580371334811670E-02  -1.868471306043466E-02  -3.458730919644738E-02  -3.795299226363963E-02 
  0.000000000000000E+00  -5.506452201260190E+00  -5.377076764922454E-01   3.135370047326313E-01  -2.464312544794365E-01  -3.096054678955424E-01   1.230733602278139E-01   6.171573787881921E-02  -5.694552032988286E-02   1.801735010011934E-02   8.188730988536498E-02   1.004495155818343E-02 
#------------2----------- 
# coil_type  symm  coil_name 
  1   2  CurveXYZFourier2 
# Nseg current Ifree Length Lfree target_length 
  176   1.246251934528156E+07 0   3.633308252293892E+01 0   3.633308252293892E+01 
# NFcoil 
  11 
# Fourier harmonics for coils ( xc; xs; yc; ys; zc; zs) 
  1.210035981884416E+01   3.222399157375132E+00   6.771129845679507E-01  -3.342983758210024E-01   2.518861225423878E-01  -1.702582595938570E-01  -8.151475234202833E-03   5.925161948507948E-02  -3.391438446700587E-02   6.833283912069490E-02  -2.892748347821333E-02  -6.456335167987992E-02 
  0.000000000000000E+00  -2.431411382753441E-01   3.382841379408894E-01  -6.870268108505424E-01   1.985813762929822E-01   1.859833463493930E-01  -1.146687210327901E-01   7.864083759136013E-02  -4.138963617951681E-02   8.448432721053967E-04   1.474017643450656E-03  -7.386908472710048E-03 
  3.958307983667795E+00   2.416185130900365E+00  -1.007826067864070E+00   7.017629835672260E-01   1.245913027270330E-01  -1.456364341306514E-01   1.157005382628753E-01  -3.525897610281393E-02  -1.065565894696822E-02  -3.620563334213682E-02   2.170663625138871E-02  -1.473433117285181E-02 
  0.000000000000000E+00  -1.124571214154634E+00   5.292237883479550E-01  -4.034023187029396E-01   9.092389040195822E-02  -4.292085450472461E-02   5.558072743582730E-03  -2.598833589112854E-03  -2.164828801223774E-02  -1.109977776246310E-02   2.941675156257693E-02  -2.907481277061228E-02 
 -1.283022634608138E+00   2.511568741852762E-01   1.415045021840133E-01  -6.359610365788070E-01   2.182098991086525E-01   4.074221793699255E-02  -2.005935137497998E-01   2.242793140596405E-03   3.431655622330717E-02  -1.094946640826666E-01   1.646033220267330E-03  -6.156867090096808E-02 
  0.000000000000000E+00  -4.913067080350407E+00  -2.627091432824478E-01  -8.724165594686684E-03  -1.988252518716725E-01   1.026226723011479E-01  -7.744888555973935E-02   2.798100161460702E-03   4.935016322278457E-02  -5.439331070220692E-02   6.202884475594290E-02   1.289204128126307E-02 
#------------3----------- 
# coil_type  symm  coil_name 
  1   2  CurveXYZFourier3 
# Nseg current Ifree Length Lfree target_length 
  176   1.232592605439685E+07 0   3.536248055764600E+01 0   3.536248055764600E+01 
# NFcoil 
  11 
# Fourier harmonics for coils ( xc; xs; yc; ys; zc; zs) 
  9.954397826336713E+00   2.640919928396714E+00   4.026905257488235E-01   4.812192448658903E-01   1.301908624414975E-01  -1.811563392757456E-01   8.747668370483118E-02  -6.429397897057881E-02   1.917130648776311E-02  -3.596068056824434E-02  -9.020774221056214E-02  -1.789734247228876E-02 
  0.000000000000000E+00  -3.759626367763954E-01   9.508397808389887E-01  -8.126490227015969E-01   6.724125874267951E-02  -3.735003892351865E-02  -9.335667776845478E-05  -4.661462214873603E-04  -4.796152434363245E-02  -1.444866903395777E-02   1.394034502456033E-02   8.787509169568015E-03 
  5.536488855671594E+00   3.206192719450169E+00  -1.219077025696139E+00   5.065838321653012E-01  -2.592670233333526E-01   1.221635991288812E-01   1.146295356415085E-01  -1.647334458642842E-02  -1.438069342217868E-02  -2.047753103732274E-02  -1.279492202409624E-02   2.132269233897499E-02 
  0.000000000000000E+00   7.974219995253302E-02  -2.964651755119518E-01   9.788700356400190E-02   3.941649224252296E-01   1.237566678799845E-01   9.621344714819682E-02  -1.080818678378313E-01  -5.588596888144030E-02   5.418736161224154E-02  -2.177207174044806E-02   3.213842222318007E-02 
 -8.612309450263047E-01   5.121718616880063E-01   2.135759743925026E-01  -1.132643342199281E-01   3.106720749664640E-01  -1.246469709640968E-01  -5.710874336082548E-03  -4.326699692297648E-02  -9.128932593456522E-02   7.017677855603156E-02  -5.759115359410471E-02   3.993686768617884E-02 
  0.000000000000000E+00  -4.372320942117322E+00   2.092471085128641E-01  -1.768250831178938E-01  -2.606258534234339E-01   1.521853017829288E-01  -1.534895389924917E-01   6.261376105794099E-02   4.907139060148777E-02   3.886645290735378E-02   6.551304102451409E-02   2.480238152190379E-03 
#------------4----------- 
# coil_type  symm  coil_name 
  1   2  CurveXYZFourier4 
# Nseg current Ifree Length Lfree target_length 
  176   1.125851369025396E+07 0   3.629463730142007E+01 0   3.629463730142007E+01 
# NFcoil 
  11 
# Fourier harmonics for coils ( xc; xs; yc; ys; zc; zs) 
  8.503760622561920E+00   2.580433135328488E+00  -3.139835887860040E-01   3.874423312944918E-01  -1.426525504820765E-01  -8.717820874680579E-02  -1.125193165259448E-01  -9.478699348647983E-02  -4.684654503041803E-02  -8.076856010441964E-02   5.879329835456477E-03  -1.513402989901545E-02 
  0.000000000000000E+00  -7.707861023778184E-01   1.406506001990558E+00  -1.718870439919430E-01   5.652783503193245E-01   4.950363949930368E-02   2.126112582953977E-01  -1.074859929349503E-01   8.253172279225976E-02  -6.056114888131505E-02   3.029350652468692E-02  -4.572881093202392E-02 
  7.293326014296226E+00   3.417930958728123E+00  -1.009729425763547E+00   1.894487735816551E-01  -1.337495468549059E-01  -3.732259521830080E-02  -2.257623051416783E-01   2.093805351794945E-02  -5.658472840448135E-02  -3.236038855427938E-02  -2.529867086713313E-02  -1.647582204595942E-02 
  0.000000000000000E+00   4.139746771604921E-01  -1.489384399673107E+00   1.821535345523307E-01  -1.708610787497586E-01  -2.095324674624740E-01   5.068256815066122E-03  -7.706988861689448E-02   4.655953182441734E-02  -3.860997762156155E-02   5.769297301703943E-02   6.857249893657774E-03 
 -1.747942904684230E-01   6.228341989386020E-01   4.242161032072099E-01  -3.137790792925110E-01   4.151856929752912E-02  -3.037160616786408E-02   1.149017378719793E-01  -8.725785615020829E-03   4.905466363489169E-02  -1.597216501507642E-02  -1.819047954993044E-02  -5.189638814690735E-03 
  0.000000000000000E+00  -3.166552141134001E+00   5.449040450082259E-01  -5.321008062395859E-01   3.606535080117589E-01   6.152905180555762E-02   1.865115411520591E-01   6.203410985936218E-02   1.683510399506453E-01   5.327688026948403E-02   7.136801966498196E-02  -1.059259700069064E-02 
#------------5----------- 
# coil_type  symm  coil_name 
  1   2  RotatedCurve1 
# Nseg current Ifree Length Lfree target_length 
  176  -1.253445562815671E+07 0   3.733221056187634E+01 0   3.733221056187634E+01 
# NFcoil 
  11 
# Fourier harmonics for coils ( xc; xs; yc; ys; zc; zs) 
  1.375649877137485E+01   3.758765570548952E+00   4.736865404868552E-01  -7.415243927749744E-01   2.926365960159898E-01   2.922043304883583E-01  -9.187127930656233E-02  -6.570320488642643E-02   7.034462457062836E-02   3.500057872515877E-02  -1.710885921051679E-02  -5.822704339656392E-02 
  0.000000000000000E+00  -1.451499046196116E-01  -6.602223409796937E-02  -3.956285642922696E-01   6.851972209419965E-03   1.340868637503355E-01  -7.668932439506497E-02  -9.203098529512872E-02   1.090334376444607E-01  -1.149516874696111E-02  -5.144886057149241E-02   2.632168023046762E-02 
  1.489067932347924E+00   1.091786175828573E+00  -4.677088118468170E-01  -8.971506788365000E-02   6.142768031038902E-02  -1.368480836433082E-01   1.520549875911894E-01  -8.309642458992843E-02  -4.583717759596307E-02   3.710925500685175E-02   2.599805357395188E-02  -4.654136854230650E-02 
  0.000000000000000E+00  -1.781401591040991E+00   9.174589562921484E-01  -4.597711409912562E-01  -2.955021093172205E-02   1.240454443798281E-02   1.074240291541527E-02  -7.205252630125251E-02  -9.906347610777758E-03   1.868459418247882E-02  -5.650275049115282E-03  -2.369589718647370E-02 
 -6.762809926404850E-01   1.195693934117586E-01   1.912990037116538E-01  -3.133264301274551E-01   1.023716876928648E-01   8.621162398052294E-02  -3.790324795729975E-02  -5.536194325467092E-02   2.580371334811670E-02  -1.868471306043466E-02  -3.458730919644738E-02  -3.795299226363963E-02 
  0.000000000000000E+00  -5.506452201260190E+00  -5.377076764922454E-01   3.135370047326313E-01  -2.464312544794365E-01  -3.096054678955424E-01   1.230733602278139E-01   6.171573787881921E-02  -5.694552032988286E-02   1.801735010011934E-02   8.188730988536498E-02   1.004495155818343E-02 
#------------6----------- 
# coil_type  symm  coil_name 
  1   2  RotatedCurve2 
# Nseg current Ifree Length Lfree target_length 
  176  -1.246251934528156E+07 0   3.633308252293892E+01 0   3.633308252293892E+01 
# NFcoil 
  11 
# Fourier harmonics for coils ( xc; xs; yc; ys; zc; zs) 
  1.210035981884416E+01   3.222399157375132E+00   6.771129845679507E-01  -3.342983758210024E-01   2.518861225423878E-01  -1.702582595938570E-01  -8.151475234202833E-03   5.925161948507948E-02  -3.391438446700587E-02   6.833283912069490E-02  -2.892748347821333E-02  -6.456335167987992E-02 
  0.000000000000000E+00  -2.431411382753441E-01   3.382841379408894E-01  -6.870268108505424E-01   1.985813762929822E-01   1.859833463493930E-01  -1.146687210327901E-01   7.864083759136013E-02  -4.138963617951681E-02   8.448432721053967E-04   1.474017643450656E-03  -7.386908472710048E-03 
  3.958307983667795E+00   2.416185130900365E+00  -1.007826067864070E+00   7.017629835672260E-01   1.245913027270330E-01  -1.456364341306514E-01   1.157005382628753E-01  -3.525897610281393E-02  -1.065565894696822E-02  -3.620563334213682E-02   2.170663625138871E-02  -1.473433117285181E-02 
  0.000000000000000E+00  -1.124571214154634E+00   5.292237883479550E-01  -4.034023187029396E-01   9.092389040195822E-02  -4.292085450472461E-02   5.558072743582730E-03  -2.598833589112854E-03  -2.164828801223774E-02  -1.109977776246310E-02   2.941675156257693E-02  -2.907481277061228E-02 
 -1.283022634608138E+00   2.511568741852762E-01   1.415045021840133E-01  -6.359610365788070E-01   2.182098991086525E-01   4.074221793699255E-02  -2.005935137497998E-01   2.242793140596405E-03   3.431655622330717E-02  -1.094946640826666E-01   1.646033220267330E-03  -6.156867090096808E-02 
  0.000000000000000E+00  -4.913067080350407E+00  -2.627091432824478E-01  -8.724165594686684E-03  -1.988252518716725E-01   1.026226723011479E-01  -7.744888555973935E-02   2.798100161460702E-03   4.935016322278457E-02  -5.439331070220692E-02   6.202884475594290E-02   1.289204128126307E-02 
#------------7----------- 
# coil_type  symm  coil_name 
  1   2  RotatedCurve3 
# Nseg current Ifree Length Lfree target_length 
  176  -1.232592605439685E+07 0   3.536248055764600E+01 0   3.536248055764600E+01 
# NFcoil 
  11 
# Fourier harmonics for coils ( xc; xs; yc; ys; zc; zs) 
  9.954397826336713E+00   2.640919928396714E+00   4.026905257488235E-01   4.812192448658903E-01   1.301908624414975E-01  -1.811563392757456E-01   8.747668370483118E-02  -6.429397897057881E-02   1.917130648776311E-02  -3.596068056824434E-02  -9.020774221056214E-02  -1.789734247228876E-02 
  0.000000000000000E+00  -3.759626367763954E-01   9.508397808389887E-01  -8.126490227015969E-01   6.724125874267951E-02  -3.735003892351865E-02  -9.335667776845478E-05  -4.661462214873603E-04  -4.796152434363245E-02  -1.444866903395777E-02   1.394034502456033E-02   8.787509169568015E-03 
  5.536488855671594E+00   3.206192719450169E+00  -1.219077025696139E+00   5.065838321653012E-01  -2.592670233333526E-01   1.221635991288812E-01   1.146295356415085E-01  -1.647334458642842E-02  -1.438069342217868E-02  -2.047753103732274E-02  -1.279492202409624E-02   2.132269233897499E-02 
  0.000000000000000E+00   7.974219995253302E-02  -2.964651755119518E-01   9.788700356400190E-02   3.941649224252296E-01   1.237566678799845E-01   9.621344714819682E-02  -1.080818678378313E-01  -5.588596888144030E-02   5.418736161224154E-02  -2.177207174044806E-02   3.213842222318007E-02 
 -8.612309450263047E-01   5.121718616880063E-01   2.135759743925026E-01  -1.132643342199281E-01   3.106720749664640E-01  -1.246469709640968E-01  -5.710874336082548E-03  -4.326699692297648E-02  -9.128932593456522E-02   7.017677855603156E-02  -5.759115359410471E-02   3.993686768617884E-02 
  0.000000000000000E+00  -4.372320942117322E+00   2.092471085128641E-01  -1.768250831178938E-01  -2.606258534234339E-01   1.521853017829288E-01  -1.534895389924917E-01   6.261376105794099E-02   4.907139060148777E-02   3.886645290735378E-02   6.551304102451409E-02   2.480238152190379E-03 
#------------8----------- 
# coil_type  symm  coil_name 
  1   2  RotatedCurve4 
# Nseg current Ifree Length Lfree target_length 
  176  -1.125851369025396E+07 0   3.629463730142007E+01 0   3.629463730142007E+01 
# NFcoil 
  11 
# Fourier harmonics for coils ( xc; xs; yc; ys; zc; zs) 
  8.503760622561920E+00   2.580433135328488E+00  -3.139835887860040E-01   3.874423312944918E-01  -1.426525504820765E-01  -8.717820874680579E-02  -1.125193165259448E-01  -9.478699348647983E-02  -4.684654503041803E-02  -8.076856010441964E-02   5.879329835456477E-03  -1.513402989901545E-02 
  0.000000000000000E+00  -7.707861023778184E-01   1.406506001990558E+00  -1.718870439919430E-01   5.652783503193245E-01   4.950363949930368E-02   2.126112582953977E-01  -1.074859929349503E-01   8.253172279225976E-02  -6.056114888131505E-02   3.029350652468692E-02  -4.572881093202392E-02 
  7.293326014296226E+00   3.417930958728123E+00  -1.009729425763547E+00   1.894487735816551E-01  -1.337495468549059E-01  -3.732259521830080E-02  -2.257623051416783E-01   2.093805351794945E-02  -5.658472840448135E-02  -3.236038855427938E-02  -2.529867086713313E-02  -1.647582204595942E-02 
  0.000000000000000E+00   4.139746771604921E-01  -1.489384399673107E+00   1.821535345523307E-01  -1.708610787497586E-01  -2.095324674624740E-01   5.068256815066122E-03  -7.706988861689448E-02   4.655953182441734E-02  -3.860997762156155E-02   5.769297301703943E-02   6.857249893657774E-03 
 -1.747942904684230E-01   6.228341989386020E-01   4.242161032072099E-01  -3.137790792925110E-01   4.151856929752912E-02  -3.037160616786408E-02   1.149017378719793E-01  -8.725785615020829E-03   4.905466363489169E-02  -1.597216501507642E-02  -1.819047954993044E-02  -5.189638814690735E-03 
  0.000000000000000E+00  -3.166552141134001E+00   5.449040450082259E-01  -5.321008062395859E-01   3.606535080117589E-01   6.152905180555762E-02   1.865115411520591E-01   6.203410985936218E-02   1.683510399506453E-01   5.327688026948403E-02   7.136801966498196E-02  -1.059259700069064E-02 
#------------9----------- 
# coil_type  symm  coil_name 
  1   2  RotatedCurve5 
# Nseg current Ifree Length Lfree target_length 
  176   1.253445562815671E+07 0   3.733221056187634E+01 0   3.733221056187634E+01 
# NFcoil 
  11 
# Fourier harmonics for coils ( xc; xs; yc; ys; zc; zs) 
  1.375649877137485E+01   3.758765570548952E+00   4.736865404868552E-01  -7.415243927749744E-01   2.926365960159898E-01   2.922043304883583E-01  -9.187127930656233E-02  -6.570320488642643E-02   7.034462457062836E-02   3.500057872515877E-02  -1.710885921051679E-02  -5.822704339656392E-02 
  0.000000000000000E+00  -1.451499046196116E-01  -6.602223409796937E-02  -3.956285642922696E-01   6.851972209419965E-03   1.340868637503355E-01  -7.668932439506497E-02  -9.203098529512872E-02   1.090334376444607E-01  -1.149516874696111E-02  -5.144886057149241E-02   2.632168023046762E-02 
  1.489067932347924E+00   1.091786175828573E+00  -4.677088118468170E-01  -8.971506788365000E-02   6.142768031038902E-02  -1.368480836433082E-01   1.520549875911894E-01  -8.309642458992843E-02  -4.583717759596307E-02   3.710925500685175E-02   2.599805357395188E-02  -4.654136854230650E-02 
  0.000000000000000E+00  -1.781401591040991E+00   9.174589562921484E-01  -4.597711409912562E-01  -2.955021093172205E-02   1.240454443798281E-02   1.074240291541527E-02  -7.205252630125251E-02  -9.906347610777758E-03   1.868459418247882E-02  -5.650275049115282E-03  -2.369589718647370E-02 
 -6.762809926404850E-01   1.195693934117586E-01   1.912990037116538E-01  -3.133264301274551E-01   1.023716876928648E-01   8.621162398052294E-02  -3.790324795729975E-02  -5.536194325467092E-02   2.580371334811670E-02  -1.868471306043466E-02  -3.458730919644738E-02  -3.795299226363963E-02 
  0.000000000000000E+00  -5.506452201260190E+00  -5.377076764922454E-01   3.135370047326313E-01  -2.464312544794365E-01  -3.096054678955424E-01   1.230733602278139E-01   6.171573787881921E-02  -5.694552032988286E-02   1.801735010011934E-02   8.188730988536498E-02   1.004495155818343E-02 
#------------10----------- 
# coil_type  symm  coil_name 
  1   2  RotatedCurve6 
# Nseg current Ifree Length Lfree target_length 
  176   1.246251934528156E+07 0   3.633308252293892E+01 0   3.633308252293892E+01 
# NFcoil 
  11 
# Fourier harmonics for coils ( xc; xs; yc; ys; zc; zs) 
  1.210035981884416E+01   3.222399157375132E+00   6.771129845679507E-01  -3.342983758210024E-01   2.518861225423878E-01  -1.702582595938570E-01  -8.151475234202833E-03   5.925161948507948E-02  -3.391438446700587E-02   6.833283912069490E-02  -2.892748347821333E-02  -6.456335167987992E-02 
  0.000000000000000E+00  -2.431411382753441E-01   3.382841379408894E-01  -6.870268108505424E-01   1.985813762929822E-01   1.859833463493930E-01  -1.146687210327901E-01   7.864083759136013E-02  -4.138963617951681E-02   8.448432721053967E-04   1.474017643450656E-03  -7.386908472710048E-03 
  3.958307983667795E+00   2.416185130900365E+00  -1.007826067864070E+00   7.017629835672260E-01   1.245913027270330E-01  -1.456364341306514E-01   1.157005382628753E-01  -3.525897610281393E-02  -1.065565894696822E-02  -3.620563334213682E-02   2.170663625138871E-02  -1.473433117285181E-02 
  0.000000000000000E+00  -1.124571214154634E+00   5.292237883479550E-01  -4.034023187029396E-01   9.092389040195822E-02  -4.292085450472461E-02   5.558072743582730E-03  -2.598833589112854E-03  -2.164828801223774E-02  -1.109977776246310E-02   2.941675156257693E-02  -2.907481277061228E-02 
 -1.283022634608138E+00   2.511568741852762E-01   1.415045021840133E-01  -6.359610365788070E-01   2.182098991086525E-01   4.074221793699255E-02  -2.005935137497998E-01   2.242793140596405E-03   3.431655622330717E-02  -1.094946640826666E-01   1.646033220267330E-03  -6.156867090096808E-02 
  0.000000000000000E+00  -4.913067080350407E+00  -2.627091432824478E-01  -8.724165594686684E-03  -1.988252518716725E-01   1.026226723011479E-01  -7.744888555973935E-02   2.798100161460702E-03   4.935016322278457E-02  -5.439331070220692E-02   6.202884475594290E-02   1.289204128126307E-02 
#------------11----------- 
# coil_type  symm  coil_name 
  1   2  RotatedCurve7 
# Nseg current Ifree Length Lfree target_length 
  176   1.232592605439685E+07 0   3.536248055764599E+01 0   3.536248055764599E+01 
# NFcoil 
  11 
# Fourier harmonics for coils ( xc; xs; yc; ys; zc; zs) 
  9.954397826336713E+00   2.640919928396714E+00   4.026905257488235E-01   4.812192448658903E-01   1.301908624414975E-01  -1.811563392757456E-01   8.747668370483118E-02  -6.429397897057881E-02   1.917130648776311E-02  -3.596068056824434E-02  -9.020774221056214E-02  -1.789734247228876E-02 
  0.000000000000000E+00  -3.759626367763954E-01   9.508397808389887E-01  -8.126490227015969E-01   6.724125874267951E-02  -3.735003892351865E-02  -9.335667776845478E-05  -4.661462214873603E-04  -4.796152434363245E-02  -1.444866903395777E-02   1.394034502456033E-02   8.787509169568015E-03 
  5.536488855671594E+00   3.206192719450169E+00  -1.219077025696139E+00   5.065838321653012E-01  -2.592670233333526E-01   1.221635991288812E-01   1.146295356415085E-01  -1.647334458642842E-02  -1.438069342217868E-02  -2.047753103732274E-02  -1.279492202409624E-02   2.132269233897499E-02 
  0.000000000000000E+00   7.974219995253302E-02  -2.964651755119518E-01   9.788700356400190E-02   3.941649224252296E-01   1.237566678799845E-01   9.621344714819682E-02  -1.080818678378313E-01  -5.588596888144030E-02   5.418736161224154E-02  -2.177207174044806E-02   3.213842222318007E-02 
 -8.612309450263047E-01   5.121718616880063E-01   2.135759743925026E-01  -1.132643342199281E-01   3.106720749664640E-01  -1.246469709640968E-01  -5.710874336082548E-03  -4.326699692297648E-02  -9.128932593456522E-02   7.017677855603156E-02  -5.759115359410471E-02   3.993686768617884E-02 
  0.000000000000000E+00  -4.372320942117322E+00   2.092471085128641E-01  -1.768250831178938E-01  -2.606258534234339E-01   1.521853017829288E-01  -1.534895389924917E-01   6.261376105794099E-02   4.907139060148777E-02   3.886645290735378E-02   6.551304102451409E-02   2.480238152190379E-03 
#------------12----------- 
# coil_type  symm  coil_name 
  1   2  RotatedCurve8 
# Nseg current Ifree Length Lfree target_length 
  176   1.125851369025396E+07 0   3.629463730142007E+01 0   3.629463730142007E+01 
# NFcoil 
  11 
# Fourier harmonics for coils ( xc; xs; yc; ys; zc; zs) 
  8.503760622561920E+00   2.580433135328488E+00  -3.139835887860040E-01   3.874423312944918E-01  -1.426525504820765E-01  -8.717820874680579E-02  -1.125193165259448E-01  -9.478699348647983E-02  -4.684654503041803E-02  -8.076856010441964E-02   5.879329835456477E-03  -1.513402989901545E-02 
  0.000000000000000E+00  -7.707861023778184E-01   1.406506001990558E+00  -1.718870439919430E-01   5.652783503193245E-01   4.950363949930368E-02   2.126112582953977E-01  -1.074859929349503E-01   8.253172279225976E-02  -6.056114888131505E-02   3.029350652468692E-02  -4.572881093202392E-02 
  7.293326014296226E+00   3.417930958728123E+00  -1.009729425763547E+00   1.894487735816551E-01  -1.337495468549059E-01  -3.732259521830080E-02  -2.257623051416783E-01   2.093805351794945E-02  -5.658472840448135E-02  -3.236038855427938E-02  -2.529867086713313E-02  -1.647582204595942E-02 
  0.000000000000000E+00   4.139746771604921E-01  -1.489384399673107E+00   1.821535345523307E-01  -1.708610787497586E-01  -2.095324674624740E-01   5.068256815066122E-03  -7.706988861689448E-02   4.655953182441734E-02  -3.860997762156155E-02   5.769297301703943E-02   6.857249893657774E-03 
 -1.747942904684230E-01   6.228341989386020E-01   4.242161032072099E-01  -3.137790792925110E-01   4.151856929752912E-02  -3.037160616786408E-02   1.149017378719793E-01  -8.725785615020829E-03   4.905466363489169E-02  -1.597216501507642E-02  -1.819047954993044E-02  -5.189638814690735E-03 
  0.000000000000000E+00  -3.166552141134001E+00   5.449040450082259E-01  -5.321008062395859E-01   3.606535080117589E-01   6.152905180555762E-02   1.865115411520591E-01   6.203410985936218E-02   1.683510399506453E-01   5.327688026948403E-02   7.136801966498196E-02  -1.059259700069064E-02 
#------------13----------- 
# coil_type  symm  coil_name 
  1   2  RotatedCurve9 
# Nseg current Ifree Length Lfree target_length 
  176  -1.253445562815671E+07 0   3.733221056187634E+01 0   3.733221056187634E+01 
# NFcoil 
  11 
# Fourier harmonics for coils ( xc; xs; yc; ys; zc; zs) 
  1.375649877137485E+01   3.758765570548952E+00   4.736865404868552E-01  -7.415243927749744E-01   2.926365960159898E-01   2.922043304883583E-01  -9.187127930656233E-02  -6.570320488642643E-02   7.034462457062836E-02   3.500057872515877E-02  -1.710885921051679E-02  -5.822704339656392E-02 
  0.000000000000000E+00  -1.451499046196116E-01  -6.602223409796937E-02  -3.956285642922696E-01   6.851972209419965E-03   1.340868637503355E-01  -7.668932439506497E-02  -9.203098529512872E-02   1.090334376444607E-01  -1.149516874696111E-02  -5.144886057149241E-02   2.632168023046762E-02 
  1.489067932347924E+00   1.091786175828573E+00  -4.677088118468170E-01  -8.971506788365000E-02   6.142768031038902E-02  -1.368480836433082E-01   1.520549875911894E-01  -8.309642458992843E-02  -4.583717759596307E-02   3.710925500685175E-02   2.599805357395188E-02  -4.654136854230650E-02 
  0.000000000000000E+00  -1.781401591040991E+00   9.174589562921484E-01  -4.597711409912562E-01  -2.955021093172205E-02   1.240454443798281E-02   1.074240291541527E-02  -7.205252630125251E-02  -9.906347610777758E-03   1.868459418247882E-02  -5.650275049115282E-03  -2.369589718647370E-02 
 -6.762809926404850E-01   1.195693934117586E-01   1.912990037116538E-01  -3.133264301274551E-01   1.023716876928648E-01   8.621162398052294E-02  -3.790324795729975E-02  -5.536194325467092E-02   2.580371334811670E-02  -1.868471306043466E-02  -3.458730919644738E-02  -3.795299226363963E-02 
  0.000000000000000E+00  -5.506452201260190E+00  -5.377076764922454E-01   3.135370047326313E-01  -2.464312544794365E-01  -3.096054678955424E-01   1.230733602278139E-01   6.171573787881921E-02  -5.694552032988286E-02   1.801735010011934E-02   8.188730988536498E-02   1.004495155818343E-02 
#------------14----------- 
# coil_type  symm  coil_name 
  1   2  RotatedCurve10 
# Nseg current Ifree Length Lfree target_length 
  176  -1.246251934528156E+07 0   3.633308252293892E+01 0   3.633308252293892E+01 
# NFcoil 
  11 
# Fourier harmonics for coils ( xc; xs; yc; ys; zc; zs) 
  1.210035981884416E+01   3.222399157375132E+00   6.771129845679507E-01  -3.342983758210024E-01   2.518861225423878E-01  -1.702582595938570E-01  -8.151475234202833E-03   5.925161948507948E-02  -3.391438446700587E-02   6.833283912069490E-02  -2.892748347821333E-02  -6.456335167987992E-02 
  0.000000000000000E+00  -2.431411382753441E-01   3.382841379408894E-01  -6.870268108505424E-01   1.985813762929822E-01   1.859833463493930E-01  -1.146687210327901E-01   7.864083759136013E-02  -4.138963617951681E-02   8.448432721053967E-04   1.474017643450656E-03  -7.386908472710048E-03 
  3.958307983667795E+00   2.416185130900365E+00  -1.007826067864070E+00   7.017629835672260E-01   1.245913027270330E-01  -1.456364341306514E-01   1.157005382628753E-01  -3.525897610281393E-02  -1.065565894696822E-02  -3.620563334213682E-02   2.170663625138871E-02  -1.473433117285181E-02 
  0.000000000000000E+00  -1.124571214154634E+00   5.292237883479550E-01  -4.034023187029396E-01   9.092389040195822E-02  -4.292085450472461E-02   5.558072743582730E-03  -2.598833589112854E-03  -2.164828801223774E-02  -1.109977776246310E-02   2.941675156257693E-02  -2.907481277061228E-02 
 -1.283022634608138E+00   2.511568741852762E-01   1.415045021840133E-01  -6.359610365788070E-01   2.182098991086525E-01   4.074221793699255E-02  -2.005935137497998E-01   2.242793140596405E-03   3.431655622330717E-02  -1.094946640826666E-01   1.646033220267330E-03  -6.156867090096808E-02 
  0.000000000000000E+00  -4.913067080350407E+00  -2.627091432824478E-01  -8.724165594686684E-03  -1.988252518716725E-01   1.026226723011479E-01  -7.744888555973935E-02   2.798100161460702E-03   4.935016322278457E-02  -5.439331070220692E-02   6.202884475594290E-02   1.289204128126307E-02 
#------------15----------- 
# coil_type  symm  coil_name 
  1   2  RotatedCurve11 
# Nseg current Ifree Length Lfree target_length 
  176  -1.232592605439685E+07 0   3.536248055764599E+01 0   3.536248055764599E+01 
# NFcoil 
  11 
# Fourier harmonics for coils ( xc; xs; yc; ys; zc; zs) 
  9.954397826336713E+00   2.640919928396714E+00   4.026905257488235E-01   4.812192448658903E-01   1.301908624414975E-01  -1.811563392757456E-01   8.747668370483118E-02  -6.429397897057881E-02   1.917130648776311E-02  -3.596068056824434E-02  -9.020774221056214E-02  -1.789734247228876E-02 
  0.000000000000000E+00  -3.759626367763954E-01   9.508397808389887E-01  -8.126490227015969E-01   6.724125874267951E-02  -3.735003892351865E-02  -9.335667776845478E-05  -4.661462214873603E-04  -4.796152434363245E-02  -1.444866903395777E-02   1.394034502456033E-02   8.787509169568015E-03 
  5.536488855671594E+00   3.206192719450169E+00  -1.219077025696139E+00   5.065838321653012E-01  -2.592670233333526E-01   1.221635991288812E-01   1.146295356415085E-01  -1.647334458642842E-02  -1.438069342217868E-02  -2.047753103732274E-02  -1.279492202409624E-02   2.132269233897499E-02 
  0.000000000000000E+00   7.974219995253302E-02  -2.964651755119518E-01   9.788700356400190E-02   3.941649224252296E-01   1.237566678799845E-01   9.621344714819682E-02  -1.080818678378313E-01  -5.588596888144030E-02   5.418736161224154E-02  -2.177207174044806E-02   3.213842222318007E-02 
 -8.612309450263047E-01   5.121718616880063E-01   2.135759743925026E-01  -1.132643342199281E-01   3.106720749664640E-01  -1.246469709640968E-01  -5.710874336082548E-03  -4.326699692297648E-02  -9.128932593456522E-02   7.017677855603156E-02  -5.759115359410471E-02   3.993686768617884E-02 
  0.000000000000000E+00  -4.372320942117322E+00   2.092471085128641E-01  -1.768250831178938E-01  -2.606258534234339E-01   1.521853017829288E-01  -1.534895389924917E-01   6.261376105794099E-02   4.907139060148777E-02   3.886645290735378E-02   6.551304102451409E-02   2.480238152190379E-03 
#------------16----------- 
# coil_type  symm  coil_name 
  1   2  RotatedCurve12 
# Nseg current Ifree Length Lfree target_length 
  176  -1.125851369025396E+07 0   3.629463730142007E+01 0   3.629463730142007E+01 
# NFcoil 
  11 
# Fourier harmonics for coils ( xc; xs; yc; ys; zc; zs) 
  8.503760622561920E+00   2.580433135328488E+00  -3.139835887860040E-01   3.874423312944918E-01  -1.426525504820765E-01  -8.717820874680579E-02  -1.125193165259448E-01  -9.478699348647983E-02  -4.684654503041803E-02  -8.076856010441964E-02   5.879329835456477E-03  -1.513402989901545E-02 
  0.000000000000000E+00  -7.707861023778184E-01   1.406506001990558E+00  -1.718870439919430E-01   5.652783503193245E-01   4.950363949930368E-02   2.126112582953977E-01  -1.074859929349503E-01   8.253172279225976E-02  -6.056114888131505E-02   3.029350652468692E-02  -4.572881093202392E-02 
  7.293326014296226E+00   3.417930958728123E+00  -1.009729425763547E+00   1.894487735816551E-01  -1.337495468549059E-01  -3.732259521830080E-02  -2.257623051416783E-01   2.093805351794945E-02  -5.658472840448135E-02  -3.236038855427938E-02  -2.529867086713313E-02  -1.647582204595942E-02 
  0.000000000000000E+00   4.139746771604921E-01  -1.489384399673107E+00   1.821535345523307E-01  -1.708610787497586E-01  -2.095324674624740E-01   5.068256815066122E-03  -7.706988861689448E-02   4.655953182441734E-02  -3.860997762156155E-02   5.769297301703943E-02   6.857249893657774E-03 
 -1.747942904684230E-01   6.228341989386020E-01   4.242161032072099E-01  -3.137790792925110E-01   4.151856929752912E-02  -3.037160616786408E-02   1.149017378719793E-01  -8.725785615020829E-03   4.905466363489169E-02  -1.597216501507642E-02  -1.819047954993044E-02  -5.189638814690735E-03 
  0.000000000000000E+00  -3.166552141134001E+00   5.449040450082259E-01  -5.321008062395859E-01   3.606535080117589E-01   6.152905180555762E-02   1.865115411520591E-01   6.203410985936218E-02   1.683510399506453E-01   5.327688026948403E-02   7.136801966498196E-02  -1.059259700069064E-02 
#------------17----------- 
# coil_type  symm  coil_name 
  1   2  RotatedCurve13 
# Nseg current Ifree Length Lfree target_length 
  176   1.253445562815671E+07 0   3.733221056187634E+01 0   3.733221056187634E+01 
# NFcoil 
  11 
# Fourier harmonics for coils ( xc; xs; yc; ys; zc; zs) 
  1.375649877137485E+01   3.758765570548952E+00   4.736865404868552E-01  -7.415243927749744E-01   2.926365960159898E-01   2.922043304883583E-01  -9.187127930656233E-02  -6.570320488642643E-02   7.034462457062836E-02   3.500057872515877E-02  -1.710885921051679E-02  -5.822704339656392E-02 
  0.000000000000000E+00  -1.451499046196116E-01  -6.602223409796937E-02  -3.956285642922696E-01   6.851972209419965E-03   1.340868637503355E-01  -7.668932439506497E-02  -9.203098529512872E-02   1.090334376444607E-01  -1.149516874696111E-02  -5.144886057149241E-02   2.632168023046762E-02 
  1.489067932347924E+00   1.091786175828573E+00  -4.677088118468170E-01  -8.971506788365000E-02   6.142768031038902E-02  -1.368480836433082E-01   1.520549875911894E-01  -8.309642458992843E-02  -4.583717759596307E-02   3.710925500685175E-02   2.599805357395188E-02  -4.654136854230650E-02 
  0.000000000000000E+00  -1.781401591040991E+00   9.174589562921484E-01  -4.597711409912562E-01  -2.955021093172205E-02   1.240454443798281E-02   1.074240291541527E-02  -7.205252630125251E-02  -9.906347610777758E-03   1.868459418247882E-02  -5.650275049115282E-03  -2.369589718647370E-02 
 -6.762809926404850E-01   1.195693934117586E-01   1.912990037116538E-01  -3.133264301274551E-01   1.023716876928648E-01   8.621162398052294E-02  -3.790324795729975E-02  -5.536194325467092E-02   2.580371334811670E-02  -1.868471306043466E-02  -3.458730919644738E-02  -3.795299226363963E-02 
  0.000000000000000E+00  -5.506452201260190E+00  -5.377076764922454E-01   3.135370047326313E-01  -2.464312544794365E-01  -3.096054678955424E-01   1.230733602278139E-01   6.171573787881921E-02  -5.694552032988286E-02   1.801735010011934E-02   8.188730988536498E-02   1.004495155818343E-02 
#------------18----------- 
# coil_type  symm  coil_name 
  1   2  RotatedCurve14 
# Nseg current Ifree Length Lfree target_length 
  176   1.246251934528156E+07 0   3.633308252293892E+01 0   3.633308252293892E+01 
# NFcoil 
  11 
# Fourier harmonics for coils ( xc; xs; yc; ys; zc; zs) 
  1.210035981884416E+01   3.222399157375132E+00   6.771129845679507E-01  -3.342983758210024E-01   2.518861225423878E-01  -1.702582595938570E-01  -8.151475234202833E-03   5.925161948507948E-02  -3.391438446700587E-02   6.833283912069490E-02  -2.892748347821333E-02  -6.456335167987992E-02 
  0.000000000000000E+00  -2.431411382753441E-01   3.382841379408894E-01  -6.870268108505424E-01   1.985813762929822E-01   1.859833463493930E-01  -1.146687210327901E-01   7.864083759136013E-02  -4.138963617951681E-02   8.448432721053967E-04   1.474017643450656E-03  -7.386908472710048E-03 
  3.958307983667795E+00   2.416185130900365E+00  -1.007826067864070E+00   7.017629835672260E-01   1.245913027270330E-01  -1.456364341306514E-01   1.157005382628753E-01  -3.525897610281393E-02  -1.065565894696822E-02  -3.620563334213682E-02   2.170663625138871E-02  -1.473433117285181E-02 
  0.000000000000000E+00  -1.124571214154634E+00   5.292237883479550E-01  -4.034023187029396E-01   9.092389040195822E-02  -4.292085450472461E-02   5.558072743582730E-03  -2.598833589112854E-03  -2.164828801223774E-02  -1.109977776246310E-02   2.941675156257693E-02  -2.907481277061228E-02 
 -1.283022634608138E+00   2.511568741852762E-01   1.415045021840133E-01  -6.359610365788070E-01   2.182098991086525E-01   4.074221793699255E-02  -2.005935137497998E-01   2.242793140596405E-03   3.431655622330717E-02  -1.094946640826666E-01   1.646033220267330E-03  -6.156867090096808E-02 
  0.000000000000000E+00  -4.913067080350407E+00  -2.627091432824478E-01  -8.724165594686684E-03  -1.988252518716725E-01   1.026226723011479E-01  -7.744888555973935E-02   2.798100161460702E-03   4.935016322278457E-02  -5.439331070220692E-02   6.202884475594290E-02   1.289204128126307E-02 
#------------19----------- 
# coil_type  symm  coil_name 
  1   2  RotatedCurve15 
# Nseg current Ifree Length Lfree target_length 
  176   1.232592605439685E+07 0   3.536248055764600E+01 0   3.536248055764600E+01 
# NFcoil 
  11 
# Fourier harmonics for coils ( xc; xs; yc; ys; zc; zs) 
  9.954397826336713E+00   2.640919928396714E+00   4.026905257488235E-01   4.812192448658903E-01   1.301908624414975E-01  -1.811563392757456E-01   8.747668370483118E-02  -6.429397897057881E-02   1.917130648776311E-02  -3.596068056824434E-02  -9.020774221056214E-02  -1.789734247228876E-02 
  0.000000000000000E+00  -3.759626367763954E-01   9.508397808389887E-01  -8.126490227015969E-01   6.724125874267951E-02  -3.735003892351865E-02  -9.335667776845478E-05  -4.661462214873603E-04  -4.796152434363245E-02  -1.444866903395777E-02   1.394034502456033E-02   8.787509169568015E-03 
  5.536488855671594E+00   3.206192719450169E+00  -1.219077025696139E+00   5.065838321653012E-01  -2.592670233333526E-01   1.221635991288812E-01   1.146295356415085E-01  -1.647334458642842E-02  -1.438069342217868E-02  -2.047753103732274E-02  -1.279492202409624E-02   2.132269233897499E-02 
  0.000000000000000E+00   7.974219995253302E-02  -2.964651755119518E-01   9.788700356400190E-02   3.941649224252296E-01   1.237566678799845E-01   9.621344714819682E-02  -1.080818678378313E-01  -5.588596888144030E-02   5.418736161224154E-02  -2.177207174044806E-02   3.213842222318007E-02 
 -8.612309450263047E-01   5.121718616880063E-01   2.135759743925026E-01  -1.132643342199281E-01   3.106720749664640E-01  -1.246469709640968E-01  -5.710874336082548E-03  -4.326699692297648E-02  -9.128932593456522E-02   7.017677855603156E-02  -5.759115359410471E-02   3.993686768617884E-02 
  0.000000000000000E+00  -4.372320942117322E+00   2.092471085128641E-01  -1.768250831178938E-01  -2.606258534234339E-01   1.521853017829288E-01  -1.534895389924917E-01   6.261376105794099E-02   4.907139060148777E-02   3.886645290735378E-02   6.551304102451409E-02   2.480238152190379E-03 
#------------20----------- 
# coil_type  symm  coil_name 
  1   2  RotatedCurve16 
# Nseg current Ifree Length Lfree target_length 
  176   1.125851369025396E+07 0   3.629463730142008E+01 0   3.629463730142008E+01 
# NFcoil 
  11 
# Fourier harmonics for coils ( xc; xs; yc; ys; zc; zs) 
  8.503760622561920E+00   2.580433135328488E+00  -3.139835887860040E-01   3.874423312944918E-01  -1.426525504820765E-01  -8.717820874680579E-02  -1.125193165259448E-01  -9.478699348647983E-02  -4.684654503041803E-02  -8.076856010441964E-02   5.879329835456477E-03  -1.513402989901545E-02 
  0.000000000000000E+00  -7.707861023778184E-01   1.406506001990558E+00  -1.718870439919430E-01   5.652783503193245E-01   4.950363949930368E-02   2.126112582953977E-01  -1.074859929349503E-01   8.253172279225976E-02  -6.056114888131505E-02   3.029350652468692E-02  -4.572881093202392E-02 
  7.293326014296226E+00   3.417930958728123E+00  -1.009729425763547E+00   1.894487735816551E-01  -1.337495468549059E-01  -3.732259521830080E-02  -2.257623051416783E-01   2.093805351794945E-02  -5.658472840448135E-02  -3.236038855427938E-02  -2.529867086713313E-02  -1.647582204595942E-02 
  0.000000000000000E+00   4.139746771604921E-01  -1.489384399673107E+00   1.821535345523307E-01  -1.708610787497586E-01  -2.095324674624740E-01   5.068256815066122E-03  -7.706988861689448E-02   4.655953182441734E-02  -3.860997762156155E-02   5.769297301703943E-02   6.857249893657774E-03 
 -1.747942904684230E-01   6.228341989386020E-01   4.242161032072099E-01  -3.137790792925110E-01   4.151856929752912E-02  -3.037160616786408E-02   1.149017378719793E-01  -8.725785615020829E-03   4.905466363489169E-02  -1.597216501507642E-02  -1.819047954993044E-02  -5.189638814690735E-03 
  0.000000000000000E+00  -3.166552141134001E+00   5.449040450082259E-01  -5.321008062395859E-01   3.606535080117589E-01   6.152905180555762E-02   1.865115411520591E-01   6.203410985936218E-02   1.683510399506453E-01   5.327688026948403E-02   7.136801966498196E-02  -1.059259700069064E-02 
#------------21----------- 
# coil_type  symm  coil_name 
  1   2  RotatedCurve17 
# Nseg current Ifree Length Lfree target_length 
  176  -1.253445562815671E+07 0   3.733221056187634E+01 0   3.733221056187634E+01 
# NFcoil 
  11 
# Fourier harmonics for coils ( xc; xs; yc; ys; zc; zs) 
  1.375649877137485E+01   3.758765570548952E+00   4.736865404868552E-01  -7.415243927749744E-01   2.926365960159898E-01   2.922043304883583E-01  -9.187127930656233E-02  -6.570320488642643E-02   7.034462457062836E-02   3.500057872515877E-02  -1.710885921051679E-02  -5.822704339656392E-02 
  0.000000000000000E+00  -1.451499046196116E-01  -6.602223409796937E-02  -3.956285642922696E-01   6.851972209419965E-03   1.340868637503355E-01  -7.668932439506497E-02  -9.203098529512872E-02   1.090334376444607E-01  -1.149516874696111E-02  -5.144886057149241E-02   2.632168023046762E-02 
  1.489067932347924E+00   1.091786175828573E+00  -4.677088118468170E-01  -8.971506788365000E-02   6.142768031038902E-02  -1.368480836433082E-01   1.520549875911894E-01  -8.309642458992843E-02  -4.583717759596307E-02   3.710925500685175E-02   2.599805357395188E-02  -4.654136854230650E-02 
  0.000000000000000E+00  -1.781401591040991E+00   9.174589562921484E-01  -4.597711409912562E-01  -2.955021093172205E-02   1.240454443798281E-02   1.074240291541527E-02  -7.205252630125251E-02  -9.906347610777758E-03   1.868459418247882E-02  -5.650275049115282E-03  -2.369589718647370E-02 
 -6.762809926404850E-01   1.195693934117586E-01   1.912990037116538E-01  -3.133264301274551E-01   1.023716876928648E-01   8.621162398052294E-02  -3.790324795729975E-02  -5.536194325467092E-02   2.580371334811670E-02  -1.868471306043466E-02  -3.458730919644738E-02  -3.795299226363963E-02 
  0.000000000000000E+00  -5.506452201260190E+00  -5.377076764922454E-01   3.135370047326313E-01  -2.464312544794365E-01  -3.096054678955424E-01   1.230733602278139E-01   6.171573787881921E-02  -5.694552032988286E-02   1.801735010011934E-02   8.188730988536498E-02   1.004495155818343E-02 
#------------22----------- 
# coil_type  symm  coil_name 
  1   2  RotatedCurve18 
# Nseg current Ifree Length Lfree target_length 
  176  -1.246251934528156E+07 0   3.633308252293892E+01 0   3.633308252293892E+01 
# NFcoil 
  11 
# Fourier harmonics for coils ( xc; xs; yc; ys; zc; zs) 
  1.210035981884416E+01   3.222399157375132E+00   6.771129845679507E-01  -3.342983758210024E-01   2.518861225423878E-01  -1.702582595938570E-01  -8.151475234202833E-03   5.925161948507948E-02  -3.391438446700587E-02   6.833283912069490E-02  -2.892748347821333E-02  -6.456335167987992E-02 
  0.000000000000000E+00  -2.431411382753441E-01   3.382841379408894E-01  -6.870268108505424E-01   1.985813762929822E-01   1.859833463493930E-01  -1.146687210327901E-01   7.864083759136013E-02  -4.138963617951681E-02   8.448432721053967E-04   1.474017643450656E-03  -7.386908472710048E-03 
  3.958307983667795E+00   2.416185130900365E+00  -1.007826067864070E+00   7.017629835672260E-01   1.245913027270330E-01  -1.456364341306514E-01   1.157005382628753E-01  -3.525897610281393E-02  -1.065565894696822E-02  -3.620563334213682E-02   2.170663625138871E-02  -1.473433117285181E-02 
  0.000000000000000E+00  -1.124571214154634E+00   5.292237883479550E-01  -4.034023187029396E-01   9.092389040195822E-02  -4.292085450472461E-02   5.558072743582730E-03  -2.598833589112854E-03  -2.164828801223774E-02  -1.109977776246310E-02   2.941675156257693E-02  -2.907481277061228E-02 
 -1.283022634608138E+00   2.511568741852762E-01   1.415045021840133E-01  -6.359610365788070E-01   2.182098991086525E-01   4.074221793699255E-02  -2.005935137497998E-01   2.242793140596405E-03   3.431655622330717E-02  -1.094946640826666E-01   1.646033220267330E-03  -6.156867090096808E-02 
  0.000000000000000E+00  -4.913067080350407E+00  -2.627091432824478E-01  -8.724165594686684E-03  -1.988252518716725E-01   1.026226723011479E-01  -7.744888555973935E-02   2.798100161460702E-03   4.935016322278457E-02  -5.439331070220692E-02   6.202884475594290E-02   1.289204128126307E-02 
#------------23----------- 
# coil_type  symm  coil_name 
  1   2  RotatedCurve19 
# Nseg current Ifree Length Lfree target_length 
  176  -1.232592605439685E+07 0   3.536248055764600E+01 0   3.536248055764600E+01 
# NFcoil 
  11 
# Fourier harmonics for coils ( xc; xs; yc; ys; zc; zs) 
  9.954397826336713E+00   2.640919928396714E+00   4.026905257488235E-01   4.812192448658903E-01   1.301908624414975E-01  -1.811563392757456E-01   8.747668370483118E-02  -6.429397897057881E-02   1.917130648776311E-02  -3.596068056824434E-02  -9.020774221056214E-02  -1.789734247228876E-02 
  0.000000000000000E+00  -3.759626367763954E-01   9.508397808389887E-01  -8.126490227015969E-01   6.724125874267951E-02  -3.735003892351865E-02  -9.335667776845478E-05  -4.661462214873603E-04  -4.796152434363245E-02  -1.444866903395777E-02   1.394034502456033E-02   8.787509169568015E-03 
  5.536488855671594E+00   3.206192719450169E+00  -1.219077025696139E+00   5.065838321653012E-01  -2.592670233333526E-01   1.221635991288812E-01   1.146295356415085E-01  -1.647334458642842E-02  -1.438069342217868E-02  -2.047753103732274E-02  -1.279492202409624E-02   2.132269233897499E-02 
  0.000000000000000E+00   7.974219995253302E-02  -2.964651755119518E-01   9.788700356400190E-02   3.941649224252296E-01   1.237566678799845E-01   9.621344714819682E-02  -1.080818678378313E-01  -5.588596888144030E-02   5.418736161224154E-02  -2.177207174044806E-02   3.213842222318007E-02 
 -8.612309450263047E-01   5.121718616880063E-01   2.135759743925026E-01  -1.132643342199281E-01   3.106720749664640E-01  -1.246469709640968E-01  -5.710874336082548E-03  -4.326699692297648E-02  -9.128932593456522E-02   7.017677855603156E-02  -5.759115359410471E-02   3.993686768617884E-02 
  0.000000000000000E+00  -4.372320942117322E+00   2.092471085128641E-01  -1.768250831178938E-01  -2.606258534234339E-01   1.521853017829288E-01  -1.534895389924917E-01   6.261376105794099E-02   4.907139060148777E-02   3.886645290735378E-02   6.551304102451409E-02   2.480238152190379E-03 
#------------24----------- 
# coil_type  symm  coil_name 
  1   2  RotatedCurve20 
# Nseg current Ifree Length Lfree target_length 
  176  -1.125851369025396E+07 0   3.629463730142008E+01 0   3.629463730142008E+01 
# NFcoil 
  11 
# Fourier harmonics for coils ( xc; xs; yc; ys; zc; zs) 
  8.503760622561920E+00   2.580433135328488E+00  -3.139835887860040E-01   3.874423312944918E-01  -1.426525504820765E-01  -8.717820874680579E-02  -1.125193165259448E-01  -9.478699348647983E-02  -4.684654503041803E-02  -8.076856010441964E-02   5.879329835456477E-03  -1.513402989901545E-02 
  0.000000000000000E+00  -7.707861023778184E-01   1.406506001990558E+00  -1.718870439919430E-01   5.652783503193245E-01   4.950363949930368E-02   2.126112582953977E-01  -1.074859929349503E-01   8.253172279225976E-02  -6.056114888131505E-02   3.029350652468692E-02  -4.572881093202392E-02 
  7.293326014296226E+00   3.417930958728123E+00  -1.009729425763547E+00   1.894487735816551E-01  -1.337495468549059E-01  -3.732259521830080E-02  -2.257623051416783E-01   2.093805351794945E-02  -5.658472840448135E-02  -3.236038855427938E-02  -2.529867086713313E-02  -1.647582204595942E-02 
  0.000000000000000E+00   4.139746771604921E-01  -1.489384399673107E+00   1.821535345523307E-01  -1.708610787497586E-01  -2.095324674624740E-01   5.068256815066122E-03  -7.706988861689448E-02   4.655953182441734E-02  -3.860997762156155E-02   5.769297301703943E-02   6.857249893657774E-03 
 -1.747942904684230E-01   6.228341989386020E-01   4.242161032072099E-01  -3.137790792925110E-01   4.151856929752912E-02  -3.037160616786408E-02   1.149017378719793E-01  -8.725785615020829E-03   4.905466363489169E-02  -1.597216501507642E-02  -1.819047954993044E-02  -5.189638814690735E-03 
  0.000000000000000E+00  -3.166552141134001E+00   5.449040450082259E-01  -5.321008062395859E-01   3.606535080117589E-01   6.152905180555762E-02   1.865115411520591E-01   6.203410985936218E-02   1.683510399506453E-01   5.327688026948403E-02   7.136801966498196E-02  -1.059259700069064E-02 
#------------25----------- 
# coil_type  symm  coil_name 
  1   2  RotatedCurve21 
# Nseg current Ifree Length Lfree target_length 
  176   1.253445562815671E+07 0   3.733221056187634E+01 0   3.733221056187634E+01 
# NFcoil 
  11 
# Fourier harmonics for coils ( xc; xs; yc; ys; zc; zs) 
  1.375649877137485E+01   3.758765570548952E+00   4.736865404868552E-01  -7.415243927749744E-01   2.926365960159898E-01   2.922043304883583E-01  -9.187127930656233E-02  -6.570320488642643E-02   7.034462457062836E-02   3.500057872515877E-02  -1.710885921051679E-02  -5.822704339656392E-02 
  0.000000000000000E+00  -1.451499046196116E-01  -6.602223409796937E-02  -3.956285642922696E-01   6.851972209419965E-03   1.340868637503355E-01  -7.668932439506497E-02  -9.203098529512872E-02   1.090334376444607E-01  -1.149516874696111E-02  -5.144886057149241E-02   2.632168023046762E-02 
  1.489067932347924E+00   1.091786175828573E+00  -4.677088118468170E-01  -8.971506788365000E-02   6.142768031038902E-02  -1.368480836433082E-01   1.520549875911894E-01  -8.309642458992843E-02  -4.583717759596307E-02   3.710925500685175E-02   2.599805357395188E-02  -4.654136854230650E-02 
  0.000000000000000E+00  -1.781401591040991E+00   9.174589562921484E-01  -4.597711409912562E-01  -2.955021093172205E-02   1.240454443798281E-02   1.074240291541527E-02  -7.205252630125251E-02  -9.906347610777758E-03   1.868459418247882E-02  -5.650275049115282E-03  -2.369589718647370E-02 
 -6.762809926404850E-01   1.195693934117586E-01   1.912990037116538E-01  -3.133264301274551E-01   1.023716876928648E-01   8.621162398052294E-02  -3.790324795729975E-02  -5.536194325467092E-02   2.580371334811670E-02  -1.868471306043466E-02  -3.458730919644738E-02  -3.795299226363963E-02 
  0.000000000000000E+00  -5.506452201260190E+00  -5.377076764922454E-01   3.135370047326313E-01  -2.464312544794365E-01  -3.096054678955424E-01   1.230733602278139E-01   6.171573787881921E-02  -5.694552032988286E-02   1.801735010011934E-02   8.188730988536498E-02   1.004495155818343E-02 
#------------26----------- 
# coil_type  symm  coil_name 
  1   2  RotatedCurve22 
# Nseg current Ifree Length Lfree target_length 
  176   1.246251934528156E+07 0   3.633308252293892E+01 0   3.633308252293892E+01 
# NFcoil 
  11 
# Fourier harmonics for coils ( xc; xs; yc; ys; zc; zs) 
  1.210035981884416E+01   3.222399157375132E+00   6.771129845679507E-01  -3.342983758210024E-01   2.518861225423878E-01  -1.702582595938570E-01  -8.151475234202833E-03   5.925161948507948E-02  -3.391438446700587E-02   6.833283912069490E-02  -2.892748347821333E-02  -6.456335167987992E-02 
  0.000000000000000E+00  -2.431411382753441E-01   3.382841379408894E-01  -6.870268108505424E-01   1.985813762929822E-01   1.859833463493930E-01  -1.146687210327901E-01   7.864083759136013E-02  -4.138963617951681E-02   8.448432721053967E-04   1.474017643450656E-03  -7.386908472710048E-03 
  3.958307983667795E+00   2.416185130900365E+00  -1.007826067864070E+00   7.017629835672260E-01   1.245913027270330E-01  -1.456364341306514E-01   1.157005382628753E-01  -3.525897610281393E-02  -1.065565894696822E-02  -3.620563334213682E-02   2.170663625138871E-02  -1.473433117285181E-02 
  0.000000000000000E+00  -1.124571214154634E+00   5.292237883479550E-01  -4.034023187029396E-01   9.092389040195822E-02  -4.292085450472461E-02   5.558072743582730E-03  -2.598833589112854E-03  -2.164828801223774E-02  -1.109977776246310E-02   2.941675156257693E-02  -2.907481277061228E-02 
 -1.283022634608138E+00   2.511568741852762E-01   1.415045021840133E-01  -6.359610365788070E-01   2.182098991086525E-01   4.074221793699255E-02  -2.005935137497998E-01   2.242793140596405E-03   3.431655622330717E-02  -1.094946640826666E-01   1.646033220267330E-03  -6.156867090096808E-02 
  0.000000000000000E+00  -4.913067080350407E+00  -2.627091432824478E-01  -8.724165594686684E-03  -1.988252518716725E-01   1.026226723011479E-01  -7.744888555973935E-02   2.798100161460702E-03   4.935016322278457E-02  -5.439331070220692E-02   6.202884475594290E-02   1.289204128126307E-02 
#------------27----------- 
# coil_type  symm  coil_name 
  1   2  RotatedCurve23 
# Nseg current Ifree Length Lfree target_length 
  176   1.232592605439685E+07 0   3.536248055764600E+01 0   3.536248055764600E+01 
# NFcoil 
  11 
# Fourier harmonics for coils ( xc; xs; yc; ys; zc; zs) 
  9.954397826336713E+00   2.640919928396714E+00   4.026905257488235E-01   4.812192448658903E-01   1.301908624414975E-01  -1.811563392757456E-01   8.747668370483118E-02  -6.429397897057881E-02   1.917130648776311E-02  -3.596068056824434E-02  -9.020774221056214E-02  -1.789734247228876E-02 
  0.000000000000000E+00  -3.759626367763954E-01   9.508397808389887E-01  -8.126490227015969E-01   6.724125874267951E-02  -3.735003892351865E-02  -9.335667776845478E-05  -4.661462214873603E-04  -4.796152434363245E-02  -1.444866903395777E-02   1.394034502456033E-02   8.787509169568015E-03 
  5.536488855671594E+00   3.206192719450169E+00  -1.219077025696139E+00   5.065838321653012E-01  -2.592670233333526E-01   1.221635991288812E-01   1.146295356415085E-01  -1.647334458642842E-02  -1.438069342217868E-02  -2.047753103732274E-02  -1.279492202409624E-02   2.132269233897499E-02 
  0.000000000000000E+00   7.974219995253302E-02  -2.964651755119518E-01   9.788700356400190E-02   3.941649224252296E-01   1.237566678799845E-01   9.621344714819682E-02  -1.080818678378313E-01  -5.588596888144030E-02   5.418736161224154E-02  -2.177207174044806E-02   3.213842222318007E-02 
 -8.612309450263047E-01   5.121718616880063E-01   2.135759743925026E-01  -1.132643342199281E-01   3.106720749664640E-01  -1.246469709640968E-01  -5.710874336082548E-03  -4.326699692297648E-02  -9.128932593456522E-02   7.017677855603156E-02  -5.759115359410471E-02   3.993686768617884E-02 
  0.000000000000000E+00  -4.372320942117322E+00   2.092471085128641E-01  -1.768250831178938E-01  -2.606258534234339E-01   1.521853017829288E-01  -1.534895389924917E-01   6.261376105794099E-02   4.907139060148777E-02   3.886645290735378E-02   6.551304102451409E-02   2.480238152190379E-03 
#------------28----------- 
# coil_type  symm  coil_name 
  1   2  RotatedCurve24 
# Nseg current Ifree Length Lfree target_length 
  176   1.125851369025396E+07 0   3.629463730142007E+01 0   3.629463730142007E+01 
# NFcoil 
  11 
# Fourier harmonics for coils ( xc; xs; yc; ys; zc; zs) 
  8.503760622561920E+00   2.580433135328488E+00  -3.139835887860040E-01   3.874423312944918E-01  -1.426525504820765E-01  -8.717820874680579E-02  -1.125193165259448E-01  -9.478699348647983E-02  -4.684654503041803E-02  -8.076856010441964E-02   5.879329835456477E-03  -1.513402989901545E-02 
  0.000000000000000E+00  -7.707861023778184E-01   1.406506001990558E+00  -1.718870439919430E-01   5.652783503193245E-01   4.950363949930368E-02   2.126112582953977E-01  -1.074859929349503E-01   8.253172279225976E-02  -6.056114888131505E-02   3.029350652468692E-02  -4.572881093202392E-02 
  7.293326014296226E+00   3.417930958728123E+00  -1.009729425763547E+00   1.894487735816551E-01  -1.337495468549059E-01  -3.732259521830080E-02  -2.257623051416783E-01   2.093805351794945E-02  -5.658472840448135E-02  -3.236038855427938E-02  -2.529867086713313E-02  -1.647582204595942E-02 
  0.000000000000000E+00   4.139746771604921E-01  -1.489384399673107E+00   1.821535345523307E-01  -1.708610787497586E-01  -2.095324674624740E-01   5.068256815066122E-03  -7.706988861689448E-02   4.655953182441734E-02  -3.860997762156155E-02   5.769297301703943E-02   6.857249893657774E-03 
 -1.747942904684230E-01   6.228341989386020E-01   4.242161032072099E-01  -3.137790792925110E-01   4.151856929752912E-02  -3.037160616786408E-02   1.149017378719793E-01  -8.725785615020829E-03   4.905466363489169E-02  -1.597216501507642E-02  -1.819047954993044E-02  -5.189638814690735E-03 
  0.000000000000000E+00  -3.166552141134001E+00   5.449040450082259E-01  -5.321008062395859E-01   3.606535080117589E-01   6.152905180555762E-02   1.865115411520591E-01   6.203410985936218E-02   1.683510399506453E-01   5.327688026948403E-02   7.136801966498196E-02  -1.059259700069064E-02 
#------------29----------- 
# coil_type  symm  coil_name 
  1   2  RotatedCurve25 
# Nseg current Ifree Length Lfree target_length 
  176  -1.253445562815671E+07 0   3.733221056187634E+01 0   3.733221056187634E+01 
# NFcoil 
  11 
# Fourier harmonics for coils ( xc; xs; yc; ys; zc; zs) 
  1.375649877137485E+01   3.758765570548952E+00   4.736865404868552E-01  -7.415243927749744E-01   2.926365960159898E-01   2.922043304883583E-01  -9.187127930656233E-02  -6.570320488642643E-02   7.034462457062836E-02   3.500057872515877E-02  -1.710885921051679E-02  -5.822704339656392E-02 
  0.000000000000000E+00  -1.451499046196116E-01  -6.602223409796937E-02  -3.956285642922696E-01   6.851972209419965E-03   1.340868637503355E-01  -7.668932439506497E-02  -9.203098529512872E-02   1.090334376444607E-01  -1.149516874696111E-02  -5.144886057149241E-02   2.632168023046762E-02 
  1.489067932347924E+00   1.091786175828573E+00  -4.677088118468170E-01  -8.971506788365000E-02   6.142768031038902E-02  -1.368480836433082E-01   1.520549875911894E-01  -8.309642458992843E-02  -4.583717759596307E-02   3.710925500685175E-02   2.599805357395188E-02  -4.654136854230650E-02 
  0.000000000000000E+00  -1.781401591040991E+00   9.174589562921484E-01  -4.597711409912562E-01  -2.955021093172205E-02   1.240454443798281E-02   1.074240291541527E-02  -7.205252630125251E-02  -9.906347610777758E-03   1.868459418247882E-02  -5.650275049115282E-03  -2.369589718647370E-02 
 -6.762809926404850E-01   1.195693934117586E-01   1.912990037116538E-01  -3.133264301274551E-01   1.023716876928648E-01   8.621162398052294E-02  -3.790324795729975E-02  -5.536194325467092E-02   2.580371334811670E-02  -1.868471306043466E-02  -3.458730919644738E-02  -3.795299226363963E-02 
  0.000000000000000E+00  -5.506452201260190E+00  -5.377076764922454E-01   3.135370047326313E-01  -2.464312544794365E-01  -3.096054678955424E-01   1.230733602278139E-01   6.171573787881921E-02  -5.694552032988286E-02   1.801735010011934E-02   8.188730988536498E-02   1.004495155818343E-02 
#------------30----------- 
# coil_type  symm  coil_name 
  1   2  RotatedCurve26 
# Nseg current Ifree Length Lfree target_length 
  176  -1.246251934528156E+07 0   3.633308252293892E+01 0   3.633308252293892E+01 
# NFcoil 
  11 
# Fourier harmonics for coils ( xc; xs; yc; ys; zc; zs) 
  1.210035981884416E+01   3.222399157375132E+00   6.771129845679507E-01  -3.342983758210024E-01   2.518861225423878E-01  -1.702582595938570E-01  -8.151475234202833E-03   5.925161948507948E-02  -3.391438446700587E-02   6.833283912069490E-02  -2.892748347821333E-02  -6.456335167987992E-02 
  0.000000000000000E+00  -2.431411382753441E-01   3.382841379408894E-01  -6.870268108505424E-01   1.985813762929822E-01   1.859833463493930E-01  -1.146687210327901E-01   7.864083759136013E-02  -4.138963617951681E-02   8.448432721053967E-04   1.474017643450656E-03  -7.386908472710048E-03 
  3.958307983667795E+00   2.416185130900365E+00  -1.007826067864070E+00   7.017629835672260E-01   1.245913027270330E-01  -1.456364341306514E-01   1.157005382628753E-01  -3.525897610281393E-02  -1.065565894696822E-02  -3.620563334213682E-02   2.170663625138871E-02  -1.473433117285181E-02 
  0.000000000000000E+00  -1.124571214154634E+00   5.292237883479550E-01  -4.034023187029396E-01   9.092389040195822E-02  -4.292085450472461E-02   5.558072743582730E-03  -2.598833589112854E-03  -2.164828801223774E-02  -1.109977776246310E-02   2.941675156257693E-02  -2.907481277061228E-02 
 -1.283022634608138E+00   2.511568741852762E-01   1.415045021840133E-01  -6.359610365788070E-01   2.182098991086525E-01   4.074221793699255E-02  -2.005935137497998E-01   2.242793140596405E-03   3.431655622330717E-02  -1.094946640826666E-01   1.646033220267330E-03  -6.156867090096808E-02 
  0.000000000000000E+00  -4.913067080350407E+00  -2.627091432824478E-01  -8.724165594686684E-03  -1.988252518716725E-01   1.026226723011479E-01  -7.744888555973935E-02   2.798100161460702E-03   4.935016322278457E-02  -5.439331070220692E-02   6.202884475594290E-02   1.289204128126307E-02 
#------------31----------- 
# coil_type  symm  coil_name 
  1   2  RotatedCurve27 
# Nseg current Ifree Length Lfree target_length 
  176  -1.232592605439685E+07 0   3.536248055764600E+01 0   3.536248055764600E+01 
# NFcoil 
  11 
# Fourier harmonics for coils ( xc; xs; yc; ys; zc; zs) 
  9.954397826336713E+00   2.640919928396714E+00   4.026905257488235E-01   4.812192448658903E-01   1.301908624414975E-01  -1.811563392757456E-01   8.747668370483118E-02  -6.429397897057881E-02   1.917130648776311E-02  -3.596068056824434E-02  -9.020774221056214E-02  -1.789734247228876E-02 
  0.000000000000000E+00  -3.759626367763954E-01   9.508397808389887E-01  -8.126490227015969E-01   6.724125874267951E-02  -3.735003892351865E-02  -9.335667776845478E-05  -4.661462214873603E-04  -4.796152434363245E-02  -1.444866903395777E-02   1.394034502456033E-02   8.787509169568015E-03 
  5.536488855671594E+00   3.206192719450169E+00  -1.219077025696139E+00   5.065838321653012E-01  -2.592670233333526E-01   1.221635991288812E-01   1.146295356415085E-01  -1.647334458642842E-02  -1.438069342217868E-02  -2.047753103732274E-02  -1.279492202409624E-02   2.132269233897499E-02 
  0.000000000000000E+00   7.974219995253302E-02  -2.964651755119518E-01   9.788700356400190E-02   3.941649224252296E-01   1.237566678799845E-01   9.621344714819682E-02  -1.080818678378313E-01  -5.588596888144030E-02   5.418736161224154E-02  -2.177207174044806E-02   3.213842222318007E-02 
 -8.612309450263047E-01   5.121718616880063E-01   2.135759743925026E-01  -1.132643342199281E-01   3.106720749664640E-01  -1.246469709640968E-01  -5.710874336082548E-03  -4.326699692297648E-02  -9.128932593456522E-02   7.017677855603156E-02  -5.759115359410471E-02   3.993686768617884E-02 
  0.000000000000000E+00  -4.372320942117322E+00   2.092471085128641E-01  -1.768250831178938E-01  -2.606258534234339E-01   1.521853017829288E-01  -1.534895389924917E-01   6.261376105794099E-02   4.907139060148777E-02   3.886645290735378E-02   6.551304102451409E-02   2.480238152190379E-03 
#------------32----------- 
# coil_type  symm  coil_name 
  1   2  RotatedCurve28 
# Nseg current Ifree Length Lfree target_length 
  176  -1.125851369025396E+07 0   3.629463730142007E+01 0   3.629463730142007E+01 
# NFcoil 
  11 
# Fourier harmonics for coils ( xc; xs; yc; ys; zc; zs) 
  8.503760622561920E+00   2.580433135328488E+00  -3.139835887860040E-01   3.874423312944918E-01  -1.426525504820765E-01  -8.717820874680579E-02  -1.125193165259448E-01  -9.478699348647983E-02  -4.684654503041803E-02  -8.076856010441964E-02   5.879329835456477E-03  -1.513402989901545E-02 
  0.000000000000000E+00  -7.707861023778184E-01   1.406506001990558E+00  -1.718870439919430E-01   5.652783503193245E-01   4.950363949930368E-02   2.126112582953977E-01  -1.074859929349503E-01   8.253172279225976E-02  -6.056114888131505E-02   3.029350652468692E-02  -4.572881093202392E-02 
  7.293326014296226E+00   3.417930958728123E+00  -1.009729425763547E+00   1.894487735816551E-01  -1.337495468549059E-01  -3.732259521830080E-02  -2.257623051416783E-01   2.093805351794945E-02  -5.658472840448135E-02  -3.236038855427938E-02  -2.529867086713313E-02  -1.647582204595942E-02 
  0.000000000000000E+00   4.139746771604921E-01  -1.489384399673107E+00   1.821535345523307E-01  -1.708610787497586E-01  -2.095324674624740E-01   5.068256815066122E-03  -7.706988861689448E-02   4.655953182441734E-02  -3.860997762156155E-02   5.769297301703943E-02   6.857249893657774E-03 
 -1.747942904684230E-01   6.228341989386020E-01   4.242161032072099E-01  -3.137790792925110E-01   4.151856929752912E-02  -3.037160616786408E-02   1.149017378719793E-01  -8.725785615020829E-03   4.905466363489169E-02  -1.597216501507642E-02  -1.819047954993044E-02  -5.189638814690735E-03 
  0.000000000000000E+00  -3.166552141134001E+00   5.449040450082259E-01  -5.321008062395859E-01   3.606535080117589E-01   6.152905180555762E-02   1.865115411520591E-01   6.203410985936218E-02   1.683510399506453E-01   5.327688026948403E-02   7.136801966498196E-02  -1.059259700069064E-02 

