periods   2 
begin filament 
mirror NIL 
  1.670774254786489E+00   6.178280363486988E-01   2.893537672519652E-01   1.000000000000000E+05
  1.685881957106659E+00   6.252869043802256E-01   2.553671680928752E-01   1.000000000000000E+05
  1.699023512502473E+00   6.316916425603664E-01   2.202413733071188E-01   1.000000000000000E+05
  1.710121800108063E+00   6.370040449470258E-01   1.841411823213852E-01   1.000000000000000E+05
  1.719111830744928E+00   6.411924109727953E-01   1.472384965930313E-01   1.000000000000000E+05
  1.725941303803904E+00   6.442318201195064E-01   1.097110491480412E-01   1.000000000000000E+05
  1.730571053641430E+00   6.461043474805470E-01   7.174107834225973E-02   1.000000000000000E+05
  1.732975380946344E+00   6.467992180067241E-01   3.351395867421811E-02   1.000000000000000E+05
  1.733142265714588E+00   6.463128978612318E-01  -4.783198069157706E-03   1.000000000000000E+05
  1.731073459686435E+00   6.446491219560013E-01  -4.296295774048550E-02   1.000000000000000E+05
  1.726784457341074E+00   6.418188573983861E-01  -8.083898107205395E-02   1.000000000000000E+05
  1.720304345793238E+00   6.378402032366957E-01  -1.182274294446892E-01   1.000000000000000E+05
  1.711675535182560E+00   6.327382275484348E-01  -1.549483455261534E-01   1.000000000000000E+05
  1.700953372375062E+00   6.265447435591557E-01  -1.908269953889911E-01   1.000000000000000E+05
  1.688205641994377E+00   6.192980271056520E-01  -2.256951591288049E-01   1.000000000000000E+05
  1.673511959955059E+00   6.110424783580853E-01  -2.593923575524757E-01   1.000000000000000E+05
  1.656963065769275E+00   6.018282312850538E-01  -2.917670031858881E-01   1.000000000000000E+05
  1.638660020929354E+00   5.917107148774621E-01  -3.226774646548685E-01   1.000000000000000E+05
  1.618713321621136E+00   5.807501706356443E-01  -3.519930344125687E-01   1.000000000000000E+05
  1.597241934886517E+00   5.690111312642367E-01  -3.795947908114123E-01   1.000000000000000E+05
  1.574372268118779E+00   5.565618659061282E-01  -4.053763466368643E-01   1.000000000000000E+05
  1.550237082433071E+00   5.434737975762626E-01  -4.292444774214885E-01   1.000000000000000E+05
  1.524974360999711E+00   5.298208987246507E-01  -4.511196241280226E-01   1.000000000000000E+05
  1.498726143854062E+00   5.156790710627986E-01  -4.709362661156973E-01   1.000000000000000E+05
  1.471637340999101E+00   5.011255159267513E-01  -4.886431616704026E-01   1.000000000000000E+05
  1.443854535792279E+00   4.862381015216294E-01  -5.042034547717266E-01   1.000000000000000E+05
  1.415524790655167E+00   4.710947333962301E-01  -5.175946481732606E-01   1.000000000000000E+05
  1.386794467062342E+00   4.557727344319890E-01  -5.288084442716879E-01   1.000000000000000E+05
  1.357808071555952E+00   4.403482404991621E-01  -5.378504566198929E-01   1.000000000000000E+05
  1.328707139197007E+00   4.248956177359875E-01  -5.447397962847127E-01   1.000000000000000E+05
  1.299629165407357E+00   4.094869071460577E-01  -5.495085385464719E-01   1.000000000000000E+05
  1.270706596582735E+00   3.941913018881025E-01  -5.522010766710821E-01   1.000000000000000E+05
  1.242065889173567E+00   3.790746622544074E-01  -5.528733706429526E-01   1.000000000000000E+05
  1.213826646144054E+00   3.641990729033951E-01  -5.515920998157825E-01   1.000000000000000E+05
  1.186100838840066E+00   3.496224464332145E-01  -5.484337294070081E-01   1.000000000000000E+05
  1.158992121332299E+00   3.353981768618328E-01  -5.434835016198605E-01   1.000000000000000E+05
  1.132595243263759E+00   3.215748460208362E-01  -5.368343629155174E-01   1.000000000000000E+05
  1.106995566131072E+00   3.081959852810661E-01  -5.285858395688041E-01   1.000000000000000E+05
  1.082268686779886E+00   2.952998944148506E-01  -5.188428741179170E-01   1.000000000000000E+05
  1.058480170707935E+00   2.829195187686414E-01  -5.077146356566826E-01   1.000000000000000E+05
  1.035685396558586E+00   2.710823852782906E-01  -4.953133171135037E-01   1.000000000000000E+05
  1.013929511965909E+00   2.598105972140200E-01  -4.817529327124542E-01   1.000000000000000E+05
  9.932474996930306E-01   2.491208869004206E-01  -4.671481287186944E-01   1.000000000000000E+05
  9.736643518020824E-01   2.390247250256049E-01  -4.516130203337194E-01   1.000000000000000E+05
  9.551953484195613E-01   2.295284845398135E-01  -4.352600672287978E-01   1.000000000000000E+05
  9.378464365283079E-01   2.206336565540661E-01  -4.181989996916750E-01   1.000000000000000E+05
  9.216147031388654E-01   2.123371150902832E-01  -4.005358067180701E-01   1.000000000000000E+05
  9.064889361805357E-01   2.046314270117792E-01  -3.823717966129960E-01   1.000000000000000E+05
  8.924502655170099E-01   1.975052029828409E-01  -3.638027397861081E-01   1.000000000000000E+05
  8.794728756431903E-01   1.909434848734658E-01  -3.449181024400197E-01   1.000000000000000E+05
  8.675247808679726E-01   1.849281646449503E-01  -3.258003787718623E-01   1.000000000000000E+05
  8.565686531404446E-01   1.794384294279858E-01  -3.065245281483260E-01   1.000000000000000E+05
  8.465626921411878E-01   1.744512272407560E-01  -2.871575224859569E-01   1.000000000000000E+05
  8.374615268418897E-01   1.699417475930445E-01  -2.677580077852618E-01   1.000000000000000E+05
  8.292171374397490E-01   1.658839110857057E-01  -2.483760824434500E-01   1.000000000000000E+05
  8.217797864013134E-01   1.622508620444513E-01  -2.290531936211507E-01   1.000000000000000E+05
  8.150989473051553E-01   1.590154582234493E-01  -2.098221515781088E-01   1.000000000000000E+05
  8.091242202545257E-01   1.561507516776762E-01  -1.907072605368446E-01   1.000000000000000E+05
  8.038062228387718E-01   1.536304550325363E-01  -1.717245632965137E-01   1.000000000000000E+05
  7.990974459534139E-01   1.514293875734392E-01  -1.528821955165996E-01   1.000000000000000E+05
  7.949530642395568E-01   1.495238958345981E-01  -1.341808443359963E-01   1.000000000000000E+05
  7.913316914686453E-01   1.478922436823713E-01  -1.156143048013951E-01   1.000000000000000E+05
  7.881960718720653E-01   1.465149672604351E-01  -9.717012646286338E-02   1.000000000000000E+05
  7.855136991891911E-01   1.453751905877974E-01  -7.883034146644186E-02   1.000000000000000E+05
  7.832573560734888E-01   1.444588980713659E-01  -6.057226454486479E-02   1.000000000000000E+05
  7.814055674445248E-01   1.437551607072156E-01  -4.236935448839395E-02   1.000000000000000E+05
  7.799429623935978E-01   1.432563132931379E-01  -2.419212597732584E-02   1.000000000000000E+05
  7.788605403308204E-01   1.429580805533660E-01  -6.009100083713644E-03   1.000000000000000E+05
  7.781558381897908E-01   1.428596506781163E-01   1.221221869140566E-02   1.000000000000000E+05
  7.778329966699175E-01   1.429636953990513E-01   3.050435128256942E-02   1.000000000000000E+05
  7.779027246830322E-01   1.432763363500676E-01   4.889885142611053E-02   1.000000000000000E+05
  7.783821623669267E-01   1.438070580939363E-01   6.742532414767327E-02   1.000000000000000E+05
  7.792946442205426E-01   1.445685688222483E-01   8.611046786737525E-02   1.000000000000000E+05
  7.806693650904650E-01   1.455766103518533E-01   1.049771523539846E-01   1.000000000000000E+05
  7.825409528830092E-01   1.468497196386699E-01   1.240435443557488E-01   1.000000000000000E+05
  7.849489529777942E-01   1.484089446027116E-01   1.433222921974437E-01   1.000000000000000E+05
  7.879372303649814E-01   1.502775176000490E-01   1.628197799667848E-01   1.000000000000000E+05
  7.915532965076293E-01   1.524804903821316E-01   1.825354611258762E-01   1.000000000000000E+05
  7.958475688319535E-01   1.550443348448113E-01   2.024612804836028E-01   1.000000000000000E+05
  8.008725715615743E-01   1.579965142833542E-01   2.225811924627025E-01   1.000000000000000E+05
  8.066820873279947E-01   1.613650302310647E-01   2.428707825017785E-01   1.000000000000000E+05
  8.133302696005027E-01   1.651779502638084E-01   2.632969972598190E-01   1.000000000000000E+05
  8.208707264775672E-01   1.694629223972672E-01   2.838179880518159E-01   1.000000000000000E+05
  8.293555867629246E-01   1.742466818854234E-01   3.043830706525742E-01   1.000000000000000E+05
  8.388345595085809E-01   1.795545563454453E-01   3.249328032760066E-01   1.000000000000000E+05
  8.493539983408582E-01   1.854099751844816E-01   3.453991831838741E-01   1.000000000000000E+05
  8.609559818927747E-01   1.918339892872238E-01   3.657059610160503E-01   1.000000000000000E+05
  8.736774215461908E-01   1.988448068395507E-01   3.857690705790180E-01   1.000000000000000E+05
  8.875492074414727E-01   2.064573510139814E-01   4.054971704955057E-01   1.000000000000000E+05
  9.025954033434456E-01   2.146828450285870E-01   4.247922928207455E-01   1.000000000000000E+05
  9.188325004640238E-01   2.235284298147176E-01   4.435505924841565E-01   1.000000000000000E+05
  9.362687397393877E-01   2.329968191933726E-01   4.616631902332552E-01   1.000000000000000E+05
  9.549035113493227E-01   2.430859970688631E-01   4.790171006523505E-01   1.000000000000000E+05
  9.747268394561183E-01   2.537889607058538E-01   4.954962358144929E-01   1.000000000000000E+05
  9.957189592389448E-01   2.650935136666966E-01   5.109824742124951E-01   1.000000000000000E+05
  1.017849992316699E+00   2.769821114555173E-01   5.253567838138665E-01   1.000000000000000E+05
  1.041079725598640E+00   2.894317623495510E-01   5.385003874042372E-01   1.000000000000000E+05
  1.065357497489191E+00   3.024139853029159E-01   5.502959578319534E-01   1.000000000000000E+05
  1.090622194213162E+00   3.158948261898734E-01   5.606288303493223E-01   1.000000000000000E+05
  1.116802357833140E+00   3.298349330203781E-01   5.693882189682520E-01   1.000000000000000E+05
  1.143816406314735E+00   3.441896901173278E-01   5.764684236131008E-01   1.000000000000000E+05
  1.171572964771354E+00   3.589094105994200E-01   5.817700148631239E-01   1.000000000000000E+05
  1.199971305801294E+00   3.739395858729684E-01   5.852009832311262E-01   1.000000000000000E+05
  1.228901895629817E+00   3.892211902074579E-01   5.866778402223792E-01   1.000000000000000E+05
  1.258247041600480E+00   4.046910378599370E-01   5.861266588555075E-01   1.000000000000000E+05
  1.287881635436267E+00   4.202821896292089E-01   5.834840419003607E-01   1.000000000000000E+05
  1.317673985624305E+00   4.359244051686858E-01   5.786980067908268E-01   1.000000000000000E+05
  1.347486731279908E+00   4.515446368726990E-01   5.717287769956420E-01   1.000000000000000E+05
  1.377177828927328E+00   4.670675606807756E-01   5.625494705687275E-01   1.000000000000000E+05
  1.406601602806146E+00   4.824161387230154E-01   5.511466776423832E-01   1.000000000000000E+05
  1.435609848582681E+00   4.975122083619287E-01   5.375209197606017E-01   1.000000000000000E+05
  1.464052979723409E+00   5.122770918760153E-01   5.216869851636491E-01   1.000000000000000E+05
  1.491781205278961E+00   5.266322207813984E-01   5.036741354158175E-01   1.000000000000000E+05
  1.518645727438551E+00   5.404997686028054E-01   4.835261801020383E-01   1.000000000000000E+05
  1.544499946949996E+00   5.538032857861698E-01   4.613014176914996E-01   1.000000000000000E+05
  1.569200664362977E+00   5.664683303935097E-01   4.370724420626568E-01   1.000000000000000E+05
  1.592609265044330E+00   5.784230882371688E-01   4.109258155889730E-01   1.000000000000000E+05
  1.614592876034369E+00   5.895989761948564E-01   3.829616110831682E-01   1.000000000000000E+05
  1.635025483061231E+00   5.999312225983920E-01   3.532928262745547E-01   1.000000000000000E+05
  1.653788996403561E+00   6.093594188060586E-01   3.220446758342202E-01   1.000000000000000E+05
  1.670774254786489E+00   6.178280363486988E-01   2.893537672519652E-01   0.000000000000000E+00 1 CurvePlanarFourier1 
  1.075310577966103E+00   8.607855486129207E-01   4.611306848835611E-01   9.572934830915040E+04
  1.088806562926727E+00   8.798450140718995E-01   4.499693710930027E-01   9.572934830915040E+04
  1.101908586044129E+00   8.983977972931243E-01   4.376234089333895E-01   9.572934830915040E+04
  1.114582879199191E+00   9.163958885197653E-01   4.241304939286747E-01   9.572934830915040E+04
  1.126797065093589E+00   9.337931138464568E-01   4.095310722369621E-01   9.572934830915040E+04
  1.138520220114521E+00   9.505452271833081E-01   3.938681918488708E-01   9.572934830915040E+04
  1.149722931105207E+00   9.666099938584841E-01   3.771873513768624E-01   9.572934830915040E+04
  1.160377346192223E+00   9.819472660429598E-01   3.595363472139433E-01   9.572934830915040E+04
  1.170457219856761E+00   9.965190502326595E-01   3.409651197889000E-01   9.572934830915040E+04
  1.179937952468872E+00   1.010289567069318E+00   3.215255995885933E-01   9.572934830915040E+04
  1.188796624531325E+00   1.023225303821642E+00   3.012715535566457E-01   9.572934830915040E+04
  1.197012025902797E+00   1.035295059882383E+00   2.802584324129359E-01   9.572934830915040E+04
  1.204564680288374E+00   1.046469985664558E+00   2.585432193705549E-01   9.572934830915040E+04
  1.211436865298874E+00   1.056723615300982E+00   2.361842806571721E-01   9.572934830915040E+04
  1.217612628389106E+00   1.066031893565607E+00   2.132412181770238E-01   9.572934830915040E+04
  1.223077798988964E+00   1.074373197442681E+00   1.897747245788811E-01   9.572934830915040E+04
  1.227819997140258E+00   1.081728352770688E+00   1.658464409252975E-01   9.572934830915040E+04
  1.231828638946519E+00   1.088080646382424E+00   1.415188170900453E-01   9.572934830915040E+04
  1.235094939132914E+00   1.093415834150740E+00   1.168549749448022E-01   9.572934830915040E+04
  1.237611910999031E+00   1.097722145331645E+00   9.191857433365924E-02   9.572934830915040E+04
  1.239374364029022E+00   1.100990283573032E+00   6.677368177564882E-02   9.572934830915040E+04
  1.240378899401633E+00   1.103213424928689E+00   4.148464178197863E-02   9.572934830915040E+04
  1.240623903617502E+00   1.104387213183977E+00   1.611595062662403E-02   9.572934830915040E+04
  1.240109540433081E+00   1.104509752762110E+00  -9.267867633019192E-03   9.572934830915040E+04
  1.238837741260109E+00   1.103581599439032E+00  -3.460238312409249E-02   9.572934830915040E+04
  1.236812194157236E+00   1.101605749050984E+00  -5.982338038190514E-02   9.572934830915040E+04
  1.234038331506555E+00   1.098587624332759E+00  -8.486697711735740E-02   9.572934830915040E+04
  1.230523316433111E+00   1.094535059976937E+00  -1.096697418297879E-01   9.572934830915040E+04
  1.226276027990245E+00   1.089458285955925E+00  -1.341688105726832E-01   9.572934830915040E+04
  1.221307045098597E+00   1.083369909099942E+00  -1.583020031777543E-01   9.572934830915040E+04
  1.215628629192106E+00   1.076284892876087E+00  -1.820079392332609E-01   9.572934830915040E+04
  1.209254705491021E+00   1.068220535266859E+00  -2.052261540952942E-01   9.572934830915040E+04
  1.202200842790232E+00   1.059196444601787E+00  -2.278972151862642E-01   9.572934830915040E+04
  1.194484231621561E+00   1.049234513153735E+00  -2.499628388033977E-01   9.572934830915040E+04
  1.186123660621607E+00   1.038358888272702E+00  -2.713660076220795E-01   9.572934830915040E+04
  1.177139490912610E+00   1.026595940795068E+00  -2.920510890348497E-01   9.572934830915040E+04
  1.167553628282995E+00   1.013974230435842E+00  -3.119639544173888E-01   9.572934830915040E+04
  1.157389492937214E+00   1.000524467846009E+00  -3.310520993585537E-01   9.572934830915040E+04
  1.146671986571382E+00   9.862794729970465E-01  -3.492647648331433E-01   9.572934830915040E+04
  1.135427456522362E+00   9.712741295403504E-01  -3.665530592343978E-01   9.572934830915040E+04
  1.123683656733559E+00   9.555453347811498E-01  -3.828700811190358E-01   9.572934830915040E+04
  1.111469705280852E+00   9.391319449045439E-01  -3.981710424518005E-01   9.572934830915040E+04
  1.098816038206991E+00   9.220747150958850E-01  -4.124133920698755E-01   9.572934830915040E+04
  1.085754359422369E+00   9.044162342088202E-01  -4.255569390210578E-01   9.572934830915040E+04
  1.072317586444387E+00   8.862008536519712E-01  -4.375639753641243E-01   9.572934830915040E+04
  1.058539791766545E+00   8.674746101893461E-01  -4.483993979563236E-01   9.572934830915040E+04
  1.044456139671829E+00   8.482851423800182E-01  -4.580308286922281E-01   9.572934830915040E+04
  1.030102818332649E+00   8.286816004191089E-01  -4.664287326011758E-01   9.572934830915040E+04
  1.015516967071389E+00   8.087145491844095E-01  -4.735665331580213E-01   9.572934830915040E+04
  1.000736598691144E+00   7.884358643406244E-01  -4.794207241147140E-01   9.572934830915040E+04
  9.858005168251894E-01   7.678986214058449E-01  -4.839709771190266E-01   9.572934830915040E+04
  9.707482282957308E-01   7.471569777418858E-01  -4.872002443522651E-01   9.572934830915040E+04
  9.556198505170856E-01   7.262660474910084E-01  -4.890948553905787E-01   9.572934830915040E+04
  9.404560140252082E-01   7.052817695456868E-01  -4.896446074750995E-01   9.572934830915040E+04
  9.252977602638913E-01   6.842607687047597E-01  -4.888428483649931E-01   9.572934830915040E+04
  9.101864348075412E-01   6.632602102378822E-01  -4.866865509449609E-01   9.572934830915040E+04
  8.951635762505790E-01   6.423376481498634E-01  -4.831763787650549E-01   9.572934830915040E+04
  8.802708010437557E-01   6.215508675065611E-01  -4.783167417059996E-01   9.572934830915040E+04
  8.655496846073775E-01   6.009577212536500E-01  -4.721158409876405E-01   9.572934830915040E+04
  8.510416391001017E-01   5.806159620280869E-01  -4.645857027716013E-01   9.572934830915040E+04
  8.367877882690000E-01   5.605830695286367E-01  -4.557421996516064E-01   9.572934830915040E+04
  8.228288398514744E-01   5.409160740756683E-01  -4.456050593759630E-01   9.572934830915040E+04
  8.092049560417922E-01   5.216713770508137E-01  -4.341978602060745E-01   9.572934830915040E+04
  7.959556225740250E-01   5.029045689633269E-01  -4.215480123821297E-01   9.572934830915040E+04
  7.831195170084955E-01   4.846702459413659E-01  -4.076867252417771E-01   9.572934830915040E+04
  7.707343768400681E-01   4.670218254923446E-01  -3.926489596190265E-01   9.572934830915040E+04
  7.588368680733287E-01   4.500113624163831E-01  -3.764733652381562E-01   9.572934830915040E+04
  7.474624549315323E-01   4.336893657901737E-01  -3.592022029102691E-01   9.572934830915040E+04
  7.366452713828424E-01   4.181046179648421E-01  -3.408812514375201E-01   9.572934830915040E+04
  7.264179951785925E-01   4.033039965402214E-01  -3.215596992310629E-01   9.572934830915040E+04
  7.168117251038321E-01   3.893323002890352E-01  -3.012900207524926E-01   9.572934830915040E+04
  7.078558621401529E-01   3.762320800075881E-01  -2.801278379940449E-01   9.572934830915040E+04
  6.995779952346243E-01   3.640434752645052E-01  -2.581317673190550E-01   9.572934830915040E+04
  6.920037923565571E-01   3.528040580057926E-01  -2.353632520901886E-01   9.572934830915040E+04
  6.851568975058063E-01   3.425486839529780E-01  -2.118863816176942E-01   9.572934830915040E+04
  6.790588343124891E-01   3.333093527014601E-01  -1.877676970624143E-01   9.572934830915040E+04
  6.737289168384915E-01   3.251150773885945E-01  -1.630759850275083E-01   9.572934830915040E+04
  6.691841681561694E-01   3.179917647557363E-01  -1.378820596678520E-01   9.572934830915040E+04
  6.654392472394789E-01   3.119621063757753E-01  -1.122585342359095E-01   9.572934830915040E+04
  6.625063846577093E-01   3.070454817580519E-01  -8.627958306668747E-02   9.572934830915040E+04
  6.603953275124207E-01   3.032578739764039E-01  -6.002069508130110E-02   9.572934830915040E+04
  6.591132940045044E-01   3.006117983940307E-01  -3.355841995797809E-02   9.572934830915040E+04
  6.586649379609628E-01   2.991162449814649E-01  -6.970108180289683E-03   9.572934830915040E+04
  6.590523235905233E-01   2.987766346418887E-01   1.966635377560728E-02   9.572934830915040E+04
  6.602749106741074E-01   2.995947898720463E-01   4.627281181038662E-02   9.572934830915040E+04
  6.623295503310167E-01   3.015689199978198E-01   7.277111479067708E-02   9.572934830915040E+04
  6.652104914350470E-01   3.046936211319720E-01   9.908338599858979E-02   9.572934830915040E+04
  6.689093976872117E-01   3.089598909084054E-01   1.251322940704567E-01   9.572934830915040E+04
  6.734153752839327E-01   3.143551579534050E-01   1.508413220523453E-01   9.572934830915040E+04
  6.787150110520670E-01   3.208633259605314E-01   1.761350332093452E-01   9.572934830915040E+04
  6.847924208555687E-01   3.284648321429875E-01   2.009393322456052E-01   9.572934830915040E+04
  6.916293080135554E-01   3.371367197462049E-01   2.251817206225532E-01   9.572934830915040E+04
  6.992050314066238E-01   3.468527242149073E-01   2.487915447032480E-01   9.572934830915040E+04
  7.074966828880014E-01   3.575833725238053E-01   2.717002355011516E-01   9.572934830915040E+04
  7.164791735590864E-01   3.692960951001079E-01   2.938415388711936E-01   9.572934830915040E+04
  7.261253284155781E-01   3.819553496899112E-01   3.151517350493040E-01   9.572934830915040E+04
  7.364059888212463E-01   3.955227564499231E-01   3.355698465229816E-01   9.572934830915040E+04
  7.472901222218082E-01   4.099572434814895E-01   3.550378332991787E-01   9.572934830915040E+04
  7.587449384717919E-01   4.252152019660840E-01   3.735007747260623E-01   9.572934830915040E+04
  7.707360121129508E-01   4.412506500107420E-01   3.909070371211663E-01   9.572934830915040E+04
  7.832274099140610E-01   4.580154042688055E-01   4.072084265591819E-01   9.572934830915040E+04
  7.961818229589757E-01   4.754592583661167E-01   4.223603262772085E-01   9.572934830915040E+04
  8.095607025527887E-01   4.935301671356837E-01   4.363218182626747E-01   9.572934830915040E+04
  8.233243992049774E-01   5.121744356450370E-01   4.490557886983730E-01   9.572934830915040E+04
  8.374323039434788E-01   5.313369119900767E-01   4.605290170490939E-01   9.572934830915040E+04
  8.518429912147794E-01   5.509611828271452E-01   4.707122486841557E-01   9.572934830915040E+04
  8.665143626321993E-01   5.709897706213317E-01   4.795802510387377E-01   9.572934830915040E+04
  8.814037908474401E-01   5.913643316033632E-01   4.871118534232813E-01   9.572934830915040E+04
  8.964682628389958E-01   6.120258534497073E-01   4.932899706934275E-01   9.572934830915040E+04
  9.116645219348932E-01   6.329148517303106E-01   4.981016110920413E-01   9.572934830915040E+04
  9.269492079161453E-01   6.539715642053513E-01   5.015378686689776E-01   9.572934830915040E+04
  9.422789945809091E-01   6.751361420960266E-01   5.035939007725635E-01   9.572934830915040E+04
  9.576107241872266E-01   6.963488375041820E-01   5.042688911885435E-01   9.572934830915040E+04
  9.729015382339653E-01   7.175501862109466E-01   5.035659995768104E-01   9.572934830915040E+04
  9.881090040846696E-01   7.386811851447943E-01   5.014922979229981E-01   9.572934830915040E+04
  1.003191236986984E+00   7.596834638739458E-01   4.980586947804881E-01   9.572934830915040E+04
  1.018107017090597E+00   7.804994495460378E-01   4.932798481281214E-01   9.572934830915040E+04
  1.032815901118700E+00   8.010725247687285E-01   4.871740677096297E-01   9.572934830915040E+04
  1.047278328401222E+00   8.213471779976520E-01   4.797632077522772E-01   9.572934830915040E+04
  1.061455721032012E+00   8.412691460720719E-01   4.710725509843097E-01   9.572934830915040E+04
  1.075310577966103E+00   8.607855486129207E-01   4.611306848835611E-01   0.000000000000000E+00 2 CurvePlanarFourier2 
  1.670774254786489E+00  -6.178280363486988E-01  -2.893537672519652E-01  -1.000000000000000E+05
  1.685881957106659E+00  -6.252869043802256E-01  -2.553671680928752E-01  -1.000000000000000E+05
  1.699023512502473E+00  -6.316916425603664E-01  -2.202413733071188E-01  -1.000000000000000E+05
  1.710121800108063E+00  -6.370040449470258E-01  -1.841411823213852E-01  -1.000000000000000E+05
  1.719111830744928E+00  -6.411924109727953E-01  -1.472384965930313E-01  -1.000000000000000E+05
  1.725941303803904E+00  -6.442318201195064E-01  -1.097110491480412E-01  -1.000000000000000E+05
  1.730571053641430E+00  -6.461043474805470E-01  -7.174107834225973E-02  -1.000000000000000E+05
  1.732975380946344E+00  -6.467992180067241E-01  -3.351395867421811E-02  -1.000000000000000E+05
  1.733142265714588E+00  -6.463128978612318E-01   4.783198069157706E-03  -1.000000000000000E+05
  1.731073459686435E+00  -6.446491219560013E-01   4.296295774048550E-02  -1.000000000000000E+05
  1.726784457341074E+00  -6.418188573983861E-01   8.083898107205395E-02  -1.000000000000000E+05
  1.720304345793238E+00  -6.378402032366957E-01   1.182274294446892E-01  -1.000000000000000E+05
  1.711675535182560E+00  -6.327382275484348E-01   1.549483455261534E-01  -1.000000000000000E+05
  1.700953372375062E+00  -6.265447435591557E-01   1.908269953889911E-01  -1.000000000000000E+05
  1.688205641994377E+00  -6.192980271056520E-01   2.256951591288049E-01  -1.000000000000000E+05
  1.673511959955059E+00  -6.110424783580853E-01   2.593923575524757E-01  -1.000000000000000E+05
  1.656963065769275E+00  -6.018282312850538E-01   2.917670031858881E-01  -1.000000000000000E+05
  1.638660020929354E+00  -5.917107148774621E-01   3.226774646548685E-01  -1.000000000000000E+05
  1.618713321621136E+00  -5.807501706356443E-01   3.519930344125687E-01  -1.000000000000000E+05
  1.597241934886517E+00  -5.690111312642367E-01   3.795947908114123E-01  -1.000000000000000E+05
  1.574372268118779E+00  -5.565618659061282E-01   4.053763466368643E-01  -1.000000000000000E+05
  1.550237082433071E+00  -5.434737975762626E-01   4.292444774214885E-01  -1.000000000000000E+05
  1.524974360999711E+00  -5.298208987246507E-01   4.511196241280226E-01  -1.000000000000000E+05
  1.498726143854062E+00  -5.156790710627986E-01   4.709362661156973E-01  -1.000000000000000E+05
  1.471637340999101E+00  -5.011255159267513E-01   4.886431616704026E-01  -1.000000000000000E+05
  1.443854535792279E+00  -4.862381015216294E-01   5.042034547717266E-01  -1.000000000000000E+05
  1.415524790655167E+00  -4.710947333962301E-01   5.175946481732606E-01  -1.000000000000000E+05
  1.386794467062342E+00  -4.557727344319890E-01   5.288084442716879E-01  -1.000000000000000E+05
  1.357808071555952E+00  -4.403482404991621E-01   5.378504566198929E-01  -1.000000000000000E+05
  1.328707139197007E+00  -4.248956177359875E-01   5.447397962847127E-01  -1.000000000000000E+05
  1.299629165407357E+00  -4.094869071460577E-01   5.495085385464719E-01  -1.000000000000000E+05
  1.270706596582735E+00  -3.941913018881025E-01   5.522010766710821E-01  -1.000000000000000E+05
  1.242065889173567E+00  -3.790746622544074E-01   5.528733706429526E-01  -1.000000000000000E+05
  1.213826646144054E+00  -3.641990729033951E-01   5.515920998157825E-01  -1.000000000000000E+05
  1.186100838840066E+00  -3.496224464332145E-01   5.484337294070081E-01  -1.000000000000000E+05
  1.158992121332299E+00  -3.353981768618328E-01   5.434835016198605E-01  -1.000000000000000E+05
  1.132595243263759E+00  -3.215748460208362E-01   5.368343629155174E-01  -1.000000000000000E+05
  1.106995566131072E+00  -3.081959852810661E-01   5.285858395688041E-01  -1.000000000000000E+05
  1.082268686779886E+00  -2.952998944148506E-01   5.188428741179170E-01  -1.000000000000000E+05
  1.058480170707935E+00  -2.829195187686414E-01   5.077146356566826E-01  -1.000000000000000E+05
  1.035685396558586E+00  -2.710823852782906E-01   4.953133171135037E-01  -1.000000000000000E+05
  1.013929511965909E+00  -2.598105972140200E-01   4.817529327124542E-01  -1.000000000000000E+05
  9.932474996930306E-01  -2.491208869004206E-01   4.671481287186944E-01  -1.000000000000000E+05
  9.736643518020824E-01  -2.390247250256049E-01   4.516130203337194E-01  -1.000000000000000E+05
  9.551953484195613E-01  -2.295284845398135E-01   4.352600672287978E-01  -1.000000000000000E+05
  9.378464365283079E-01  -2.206336565540661E-01   4.181989996916750E-01  -1.000000000000000E+05
  9.216147031388654E-01  -2.123371150902832E-01   4.005358067180701E-01  -1.000000000000000E+05
  9.064889361805357E-01  -2.046314270117792E-01   3.823717966129960E-01  -1.000000000000000E+05
  8.924502655170099E-01  -1.975052029828409E-01   3.638027397861081E-01  -1.000000000000000E+05
  8.794728756431903E-01  -1.909434848734658E-01   3.449181024400197E-01  -1.000000000000000E+05
  8.675247808679726E-01  -1.849281646449503E-01   3.258003787718623E-01  -1.000000000000000E+05
  8.565686531404446E-01  -1.794384294279858E-01   3.065245281483260E-01  -1.000000000000000E+05
  8.465626921411878E-01  -1.744512272407560E-01   2.871575224859569E-01  -1.000000000000000E+05
  8.374615268418897E-01  -1.699417475930445E-01   2.677580077852618E-01  -1.000000000000000E+05
  8.292171374397490E-01  -1.658839110857057E-01   2.483760824434500E-01  -1.000000000000000E+05
  8.217797864013134E-01  -1.622508620444513E-01   2.290531936211507E-01  -1.000000000000000E+05
  8.150989473051553E-01  -1.590154582234493E-01   2.098221515781088E-01  -1.000000000000000E+05
  8.091242202545257E-01  -1.561507516776762E-01   1.907072605368446E-01  -1.000000000000000E+05
  8.038062228387718E-01  -1.536304550325363E-01   1.717245632965137E-01  -1.000000000000000E+05
  7.990974459534139E-01  -1.514293875734392E-01   1.528821955165996E-01  -1.000000000000000E+05
  7.949530642395568E-01  -1.495238958345981E-01   1.341808443359963E-01  -1.000000000000000E+05
  7.913316914686453E-01  -1.478922436823713E-01   1.156143048013951E-01  -1.000000000000000E+05
  7.881960718720653E-01  -1.465149672604351E-01   9.717012646286338E-02  -1.000000000000000E+05
  7.855136991891911E-01  -1.453751905877974E-01   7.883034146644186E-02  -1.000000000000000E+05
  7.832573560734888E-01  -1.444588980713659E-01   6.057226454486479E-02  -1.000000000000000E+05
  7.814055674445248E-01  -1.437551607072156E-01   4.236935448839395E-02  -1.000000000000000E+05
  7.799429623935978E-01  -1.432563132931379E-01   2.419212597732584E-02  -1.000000000000000E+05
  7.788605403308204E-01  -1.429580805533660E-01   6.009100083713644E-03  -1.000000000000000E+05
  7.781558381897908E-01  -1.428596506781163E-01  -1.221221869140566E-02  -1.000000000000000E+05
  7.778329966699175E-01  -1.429636953990513E-01  -3.050435128256942E-02  -1.000000000000000E+05
  7.779027246830322E-01  -1.432763363500676E-01  -4.889885142611053E-02  -1.000000000000000E+05
  7.783821623669267E-01  -1.438070580939363E-01  -6.742532414767327E-02  -1.000000000000000E+05
  7.792946442205426E-01  -1.445685688222483E-01  -8.611046786737525E-02  -1.000000000000000E+05
  7.806693650904650E-01  -1.455766103518533E-01  -1.049771523539846E-01  -1.000000000000000E+05
  7.825409528830092E-01  -1.468497196386699E-01  -1.240435443557488E-01  -1.000000000000000E+05
  7.849489529777942E-01  -1.484089446027116E-01  -1.433222921974437E-01  -1.000000000000000E+05
  7.879372303649814E-01  -1.502775176000490E-01  -1.628197799667848E-01  -1.000000000000000E+05
  7.915532965076293E-01  -1.524804903821316E-01  -1.825354611258762E-01  -1.000000000000000E+05
  7.958475688319535E-01  -1.550443348448113E-01  -2.024612804836028E-01  -1.000000000000000E+05
  8.008725715615743E-01  -1.579965142833542E-01  -2.225811924627025E-01  -1.000000000000000E+05
  8.066820873279947E-01  -1.613650302310647E-01  -2.428707825017785E-01  -1.000000000000000E+05
  8.133302696005027E-01  -1.651779502638084E-01  -2.632969972598190E-01  -1.000000000000000E+05
  8.208707264775672E-01  -1.694629223972672E-01  -2.838179880518159E-01  -1.000000000000000E+05
  8.293555867629246E-01  -1.742466818854234E-01  -3.043830706525742E-01  -1.000000000000000E+05
  8.388345595085809E-01  -1.795545563454453E-01  -3.249328032760066E-01  -1.000000000000000E+05
  8.493539983408582E-01  -1.854099751844816E-01  -3.453991831838741E-01  -1.000000000000000E+05
  8.609559818927747E-01  -1.918339892872238E-01  -3.657059610160503E-01  -1.000000000000000E+05
  8.736774215461908E-01  -1.988448068395507E-01  -3.857690705790180E-01  -1.000000000000000E+05
  8.875492074414727E-01  -2.064573510139814E-01  -4.054971704955057E-01  -1.000000000000000E+05
  9.025954033434456E-01  -2.146828450285870E-01  -4.247922928207455E-01  -1.000000000000000E+05
  9.188325004640238E-01  -2.235284298147176E-01  -4.435505924841565E-01  -1.000000000000000E+05
  9.362687397393877E-01  -2.329968191933726E-01  -4.616631902332552E-01  -1.000000000000000E+05
  9.549035113493227E-01  -2.430859970688631E-01  -4.790171006523505E-01  -1.000000000000000E+05
  9.747268394561183E-01  -2.537889607058538E-01  -4.954962358144929E-01  -1.000000000000000E+05
  9.957189592389448E-01  -2.650935136666966E-01  -5.109824742124951E-01  -1.000000000000000E+05
  1.017849992316699E+00  -2.769821114555173E-01  -5.253567838138665E-01  -1.000000000000000E+05
  1.041079725598640E+00  -2.894317623495510E-01  -5.385003874042372E-01  -1.000000000000000E+05
  1.065357497489191E+00  -3.024139853029159E-01  -5.502959578319534E-01  -1.000000000000000E+05
  1.090622194213162E+00  -3.158948261898734E-01  -5.606288303493223E-01  -1.000000000000000E+05
  1.116802357833140E+00  -3.298349330203781E-01  -5.693882189682520E-01  -1.000000000000000E+05
  1.143816406314735E+00  -3.441896901173278E-01  -5.764684236131008E-01  -1.000000000000000E+05
  1.171572964771354E+00  -3.589094105994200E-01  -5.817700148631239E-01  -1.000000000000000E+05
  1.199971305801294E+00  -3.739395858729684E-01  -5.852009832311262E-01  -1.000000000000000E+05
  1.228901895629817E+00  -3.892211902074579E-01  -5.866778402223792E-01  -1.000000000000000E+05
  1.258247041600480E+00  -4.046910378599370E-01  -5.861266588555075E-01  -1.000000000000000E+05
  1.287881635436267E+00  -4.202821896292089E-01  -5.834840419003607E-01  -1.000000000000000E+05
  1.317673985624305E+00  -4.359244051686858E-01  -5.786980067908268E-01  -1.000000000000000E+05
  1.347486731279908E+00  -4.515446368726990E-01  -5.717287769956420E-01  -1.000000000000000E+05
  1.377177828927328E+00  -4.670675606807756E-01  -5.625494705687275E-01  -1.000000000000000E+05
  1.406601602806146E+00  -4.824161387230154E-01  -5.511466776423832E-01  -1.000000000000000E+05
  1.435609848582681E+00  -4.975122083619287E-01  -5.375209197606017E-01  -1.000000000000000E+05
  1.464052979723409E+00  -5.122770918760153E-01  -5.216869851636491E-01  -1.000000000000000E+05
  1.491781205278961E+00  -5.266322207813984E-01  -5.036741354158175E-01  -1.000000000000000E+05
  1.518645727438551E+00  -5.404997686028054E-01  -4.835261801020383E-01  -1.000000000000000E+05
  1.544499946949996E+00  -5.538032857861698E-01  -4.613014176914996E-01  -1.000000000000000E+05
  1.569200664362977E+00  -5.664683303935097E-01  -4.370724420626568E-01  -1.000000000000000E+05
  1.592609265044330E+00  -5.784230882371688E-01  -4.109258155889730E-01  -1.000000000000000E+05
  1.614592876034369E+00  -5.895989761948564E-01  -3.829616110831682E-01  -1.000000000000000E+05
  1.635025483061231E+00  -5.999312225983920E-01  -3.532928262745547E-01  -1.000000000000000E+05
  1.653788996403561E+00  -6.093594188060586E-01  -3.220446758342202E-01  -1.000000000000000E+05
  1.670774254786489E+00  -6.178280363486988E-01  -2.893537672519652E-01   0.000000000000000E+00 3 RotatedCurve7 
  1.075310577966103E+00  -8.607855486129207E-01  -4.611306848835611E-01  -9.572934830915040E+04
  1.088806562926727E+00  -8.798450140718995E-01  -4.499693710930027E-01  -9.572934830915040E+04
  1.101908586044129E+00  -8.983977972931243E-01  -4.376234089333895E-01  -9.572934830915040E+04
  1.114582879199191E+00  -9.163958885197653E-01  -4.241304939286747E-01  -9.572934830915040E+04
  1.126797065093589E+00  -9.337931138464568E-01  -4.095310722369621E-01  -9.572934830915040E+04
  1.138520220114521E+00  -9.505452271833081E-01  -3.938681918488708E-01  -9.572934830915040E+04
  1.149722931105207E+00  -9.666099938584841E-01  -3.771873513768624E-01  -9.572934830915040E+04
  1.160377346192223E+00  -9.819472660429598E-01  -3.595363472139433E-01  -9.572934830915040E+04
  1.170457219856761E+00  -9.965190502326595E-01  -3.409651197889000E-01  -9.572934830915040E+04
  1.179937952468872E+00  -1.010289567069318E+00  -3.215255995885933E-01  -9.572934830915040E+04
  1.188796624531325E+00  -1.023225303821642E+00  -3.012715535566457E-01  -9.572934830915040E+04
  1.197012025902797E+00  -1.035295059882383E+00  -2.802584324129359E-01  -9.572934830915040E+04
  1.204564680288374E+00  -1.046469985664558E+00  -2.585432193705549E-01  -9.572934830915040E+04
  1.211436865298874E+00  -1.056723615300982E+00  -2.361842806571721E-01  -9.572934830915040E+04
  1.217612628389106E+00  -1.066031893565607E+00  -2.132412181770238E-01  -9.572934830915040E+04
  1.223077798988964E+00  -1.074373197442681E+00  -1.897747245788811E-01  -9.572934830915040E+04
  1.227819997140258E+00  -1.081728352770688E+00  -1.658464409252975E-01  -9.572934830915040E+04
  1.231828638946519E+00  -1.088080646382424E+00  -1.415188170900453E-01  -9.572934830915040E+04
  1.235094939132914E+00  -1.093415834150740E+00  -1.168549749448022E-01  -9.572934830915040E+04
  1.237611910999031E+00  -1.097722145331645E+00  -9.191857433365924E-02  -9.572934830915040E+04
  1.239374364029022E+00  -1.100990283573032E+00  -6.677368177564882E-02  -9.572934830915040E+04
  1.240378899401633E+00  -1.103213424928689E+00  -4.148464178197863E-02  -9.572934830915040E+04
  1.240623903617502E+00  -1.104387213183977E+00  -1.611595062662403E-02  -9.572934830915040E+04
  1.240109540433081E+00  -1.104509752762110E+00   9.267867633019192E-03  -9.572934830915040E+04
  1.238837741260109E+00  -1.103581599439032E+00   3.460238312409249E-02  -9.572934830915040E+04
  1.236812194157236E+00  -1.101605749050984E+00   5.982338038190514E-02  -9.572934830915040E+04
  1.234038331506555E+00  -1.098587624332759E+00   8.486697711735740E-02  -9.572934830915040E+04
  1.230523316433111E+00  -1.094535059976937E+00   1.096697418297879E-01  -9.572934830915040E+04
  1.226276027990245E+00  -1.089458285955925E+00   1.341688105726832E-01  -9.572934830915040E+04
  1.221307045098597E+00  -1.083369909099942E+00   1.583020031777543E-01  -9.572934830915040E+04
  1.215628629192106E+00  -1.076284892876087E+00   1.820079392332609E-01  -9.572934830915040E+04
  1.209254705491021E+00  -1.068220535266859E+00   2.052261540952942E-01  -9.572934830915040E+04
  1.202200842790232E+00  -1.059196444601787E+00   2.278972151862642E-01  -9.572934830915040E+04
  1.194484231621561E+00  -1.049234513153735E+00   2.499628388033977E-01  -9.572934830915040E+04
  1.186123660621607E+00  -1.038358888272702E+00   2.713660076220795E-01  -9.572934830915040E+04
  1.177139490912610E+00  -1.026595940795068E+00   2.920510890348497E-01  -9.572934830915040E+04
  1.167553628282995E+00  -1.013974230435842E+00   3.119639544173888E-01  -9.572934830915040E+04
  1.157389492937214E+00  -1.000524467846009E+00   3.310520993585537E-01  -9.572934830915040E+04
  1.146671986571382E+00  -9.862794729970465E-01   3.492647648331433E-01  -9.572934830915040E+04
  1.135427456522362E+00  -9.712741295403504E-01   3.665530592343978E-01  -9.572934830915040E+04
  1.123683656733559E+00  -9.555453347811498E-01   3.828700811190358E-01  -9.572934830915040E+04
  1.111469705280852E+00  -9.391319449045439E-01   3.981710424518005E-01  -9.572934830915040E+04
  1.098816038206991E+00  -9.220747150958850E-01   4.124133920698755E-01  -9.572934830915040E+04
  1.085754359422369E+00  -9.044162342088202E-01   4.255569390210578E-01  -9.572934830915040E+04
  1.072317586444387E+00  -8.862008536519712E-01   4.375639753641243E-01  -9.572934830915040E+04
  1.058539791766545E+00  -8.674746101893461E-01   4.483993979563236E-01  -9.572934830915040E+04
  1.044456139671829E+00  -8.482851423800182E-01   4.580308286922281E-01  -9.572934830915040E+04
  1.030102818332649E+00  -8.286816004191089E-01   4.664287326011758E-01  -9.572934830915040E+04
  1.015516967071389E+00  -8.087145491844095E-01   4.735665331580213E-01  -9.572934830915040E+04
  1.000736598691144E+00  -7.884358643406244E-01   4.794207241147140E-01  -9.572934830915040E+04
  9.858005168251894E-01  -7.678986214058449E-01   4.839709771190266E-01  -9.572934830915040E+04
  9.707482282957308E-01  -7.471569777418858E-01   4.872002443522651E-01  -9.572934830915040E+04
  9.556198505170856E-01  -7.262660474910084E-01   4.890948553905787E-01  -9.572934830915040E+04
  9.404560140252082E-01  -7.052817695456868E-01   4.896446074750995E-01  -9.572934830915040E+04
  9.252977602638913E-01  -6.842607687047597E-01   4.888428483649931E-01  -9.572934830915040E+04
  9.101864348075412E-01  -6.632602102378822E-01   4.866865509449609E-01  -9.572934830915040E+04
  8.951635762505790E-01  -6.423376481498634E-01   4.831763787650549E-01  -9.572934830915040E+04
  8.802708010437557E-01  -6.215508675065611E-01   4.783167417059996E-01  -9.572934830915040E+04
  8.655496846073775E-01  -6.009577212536500E-01   4.721158409876405E-01  -9.572934830915040E+04
  8.510416391001017E-01  -5.806159620280869E-01   4.645857027716013E-01  -9.572934830915040E+04
  8.367877882690000E-01  -5.605830695286367E-01   4.557421996516064E-01  -9.572934830915040E+04
  8.228288398514744E-01  -5.409160740756683E-01   4.456050593759630E-01  -9.572934830915040E+04
  8.092049560417922E-01  -5.216713770508137E-01   4.341978602060745E-01  -9.572934830915040E+04
  7.959556225740250E-01  -5.029045689633269E-01   4.215480123821297E-01  -9.572934830915040E+04
  7.831195170084955E-01  -4.846702459413659E-01   4.076867252417771E-01  -9.572934830915040E+04
  7.707343768400681E-01  -4.670218254923446E-01   3.926489596190265E-01  -9.572934830915040E+04
  7.588368680733287E-01  -4.500113624163831E-01   3.764733652381562E-01  -9.572934830915040E+04
  7.474624549315323E-01  -4.336893657901737E-01   3.592022029102691E-01  -9.572934830915040E+04
  7.366452713828424E-01  -4.181046179648421E-01   3.408812514375201E-01  -9.572934830915040E+04
  7.264179951785925E-01  -4.033039965402214E-01   3.215596992310629E-01  -9.572934830915040E+04
  7.168117251038321E-01  -3.893323002890352E-01   3.012900207524926E-01  -9.572934830915040E+04
  7.078558621401529E-01  -3.762320800075881E-01   2.801278379940449E-01  -9.572934830915040E+04
  6.995779952346243E-01  -3.640434752645052E-01   2.581317673190550E-01  -9.572934830915040E+04
  6.920037923565571E-01  -3.528040580057926E-01   2.353632520901886E-01  -9.572934830915040E+04
  6.851568975058063E-01  -3.425486839529780E-01   2.118863816176942E-01  -9.572934830915040E+04
  6.790588343124891E-01  -3.333093527014601E-01   1.877676970624143E-01  -9.572934830915040E+04
  6.737289168384915E-01  -3.251150773885945E-01   1.630759850275083E-01  -9.572934830915040E+04
  6.691841681561694E-01  -3.179917647557363E-01   1.378820596678520E-01  -9.572934830915040E+04
  6.654392472394789E-01  -3.119621063757753E-01   1.122585342359095E-01  -9.572934830915040E+04
  6.625063846577093E-01  -3.070454817580519E-01   8.627958306668747E-02  -9.572934830915040E+04
  6.603953275124207E-01  -3.032578739764039E-01   6.002069508130110E-02  -9.572934830915040E+04
  6.591132940045044E-01  -3.006117983940307E-01   3.355841995797809E-02  -9.572934830915040E+04
  6.586649379609628E-01  -2.991162449814649E-01   6.970108180289683E-03  -9.572934830915040E+04
  6.590523235905233E-01  -2.987766346418887E-01  -1.966635377560728E-02  -9.572934830915040E+04
  6.602749106741074E-01  -2.995947898720463E-01  -4.627281181038662E-02  -9.572934830915040E+04
  6.623295503310167E-01  -3.015689199978198E-01  -7.277111479067708E-02  -9.572934830915040E+04
  6.652104914350470E-01  -3.046936211319720E-01  -9.908338599858979E-02  -9.572934830915040E+04
  6.689093976872117E-01  -3.089598909084054E-01  -1.251322940704567E-01  -9.572934830915040E+04
  6.734153752839327E-01  -3.143551579534050E-01  -1.508413220523453E-01  -9.572934830915040E+04
  6.787150110520670E-01  -3.208633259605314E-01  -1.761350332093452E-01  -9.572934830915040E+04
  6.847924208555687E-01  -3.284648321429875E-01  -2.009393322456052E-01  -9.572934830915040E+04
  6.916293080135554E-01  -3.371367197462049E-01  -2.251817206225532E-01  -9.572934830915040E+04
  6.992050314066238E-01  -3.468527242149073E-01  -2.487915447032480E-01  -9.572934830915040E+04
  7.074966828880014E-01  -3.575833725238053E-01  -2.717002355011516E-01  -9.572934830915040E+04
  7.164791735590864E-01  -3.692960951001079E-01  -2.938415388711936E-01  -9.572934830915040E+04
  7.261253284155781E-01  -3.819553496899112E-01  -3.151517350493040E-01  -9.572934830915040E+04
  7.364059888212463E-01  -3.955227564499231E-01  -3.355698465229816E-01  -9.572934830915040E+04
  7.472901222218082E-01  -4.099572434814895E-01  -3.550378332991787E-01  -9.572934830915040E+04
  7.587449384717919E-01  -4.252152019660840E-01  -3.735007747260623E-01  -9.572934830915040E+04
  7.707360121129508E-01  -4.412506500107420E-01  -3.909070371211663E-01  -9.572934830915040E+04
  7.832274099140610E-01  -4.580154042688055E-01  -4.072084265591819E-01  -9.572934830915040E+04
  7.961818229589757E-01  -4.754592583661167E-01  -4.223603262772085E-01  -9.572934830915040E+04
  8.095607025527887E-01  -4.935301671356837E-01  -4.363218182626747E-01  -9.572934830915040E+04
  8.233243992049774E-01  -5.121744356450370E-01  -4.490557886983730E-01  -9.572934830915040E+04
  8.374323039434788E-01  -5.313369119900767E-01  -4.605290170490939E-01  -9.572934830915040E+04
  8.518429912147794E-01  -5.509611828271452E-01  -4.707122486841557E-01  -9.572934830915040E+04
  8.665143626321993E-01  -5.709897706213317E-01  -4.795802510387377E-01  -9.572934830915040E+04
  8.814037908474401E-01  -5.913643316033632E-01  -4.871118534232813E-01  -9.572934830915040E+04
  8.964682628389958E-01  -6.120258534497073E-01  -4.932899706934275E-01  -9.572934830915040E+04
  9.116645219348932E-01  -6.329148517303106E-01  -4.981016110920413E-01  -9.572934830915040E+04
  9.269492079161453E-01  -6.539715642053513E-01  -5.015378686689776E-01  -9.572934830915040E+04
  9.422789945809091E-01  -6.751361420960266E-01  -5.035939007725635E-01  -9.572934830915040E+04
  9.576107241872266E-01  -6.963488375041820E-01  -5.042688911885435E-01  -9.572934830915040E+04
  9.729015382339653E-01  -7.175501862109466E-01  -5.035659995768104E-01  -9.572934830915040E+04
  9.881090040846696E-01  -7.386811851447943E-01  -5.014922979229981E-01  -9.572934830915040E+04
  1.003191236986984E+00  -7.596834638739458E-01  -4.980586947804881E-01  -9.572934830915040E+04
  1.018107017090597E+00  -7.804994495460378E-01  -4.932798481281214E-01  -9.572934830915040E+04
  1.032815901118700E+00  -8.010725247687285E-01  -4.871740677096297E-01  -9.572934830915040E+04
  1.047278328401222E+00  -8.213471779976520E-01  -4.797632077522772E-01  -9.572934830915040E+04
  1.061455721032012E+00  -8.412691460720719E-01  -4.710725509843097E-01  -9.572934830915040E+04
  1.075310577966103E+00  -8.607855486129207E-01  -4.611306848835611E-01   0.000000000000000E+00 4 RotatedCurve8 
 -1.670774254786489E+00  -6.178280363486985E-01   2.893537672519652E-01   1.000000000000000E+05
 -1.685881957106659E+00  -6.252869043802254E-01   2.553671680928752E-01   1.000000000000000E+05
 -1.699023512502473E+00  -6.316916425603661E-01   2.202413733071188E-01   1.000000000000000E+05
 -1.710121800108063E+00  -6.370040449470256E-01   1.841411823213852E-01   1.000000000000000E+05
 -1.719111830744928E+00  -6.411924109727951E-01   1.472384965930313E-01   1.000000000000000E+05
 -1.725941303803904E+00  -6.442318201195062E-01   1.097110491480412E-01   1.000000000000000E+05
 -1.730571053641430E+00  -6.461043474805468E-01   7.174107834225973E-02   1.000000000000000E+05
 -1.732975380946344E+00  -6.467992180067239E-01   3.351395867421811E-02   1.000000000000000E+05
 -1.733142265714588E+00  -6.463128978612316E-01  -4.783198069157706E-03   1.000000000000000E+05
 -1.731073459686435E+00  -6.446491219560011E-01  -4.296295774048550E-02   1.000000000000000E+05
 -1.726784457341074E+00  -6.418188573983858E-01  -8.083898107205395E-02   1.000000000000000E+05
 -1.720304345793238E+00  -6.378402032366954E-01  -1.182274294446892E-01   1.000000000000000E+05
 -1.711675535182560E+00  -6.327382275484346E-01  -1.549483455261534E-01   1.000000000000000E+05
 -1.700953372375062E+00  -6.265447435591555E-01  -1.908269953889911E-01   1.000000000000000E+05
 -1.688205641994377E+00  -6.192980271056517E-01  -2.256951591288049E-01   1.000000000000000E+05
 -1.673511959955059E+00  -6.110424783580851E-01  -2.593923575524757E-01   1.000000000000000E+05
 -1.656963065769275E+00  -6.018282312850536E-01  -2.917670031858881E-01   1.000000000000000E+05
 -1.638660020929354E+00  -5.917107148774619E-01  -3.226774646548685E-01   1.000000000000000E+05
 -1.618713321621136E+00  -5.807501706356440E-01  -3.519930344125687E-01   1.000000000000000E+05
 -1.597241934886517E+00  -5.690111312642365E-01  -3.795947908114123E-01   1.000000000000000E+05
 -1.574372268118779E+00  -5.565618659061280E-01  -4.053763466368643E-01   1.000000000000000E+05
 -1.550237082433071E+00  -5.434737975762624E-01  -4.292444774214885E-01   1.000000000000000E+05
 -1.524974360999711E+00  -5.298208987246504E-01  -4.511196241280226E-01   1.000000000000000E+05
 -1.498726143854062E+00  -5.156790710627984E-01  -4.709362661156973E-01   1.000000000000000E+05
 -1.471637340999101E+00  -5.011255159267510E-01  -4.886431616704026E-01   1.000000000000000E+05
 -1.443854535792279E+00  -4.862381015216293E-01  -5.042034547717266E-01   1.000000000000000E+05
 -1.415524790655167E+00  -4.710947333962299E-01  -5.175946481732606E-01   1.000000000000000E+05
 -1.386794467062342E+00  -4.557727344319888E-01  -5.288084442716879E-01   1.000000000000000E+05
 -1.357808071555952E+00  -4.403482404991619E-01  -5.378504566198929E-01   1.000000000000000E+05
 -1.328707139197007E+00  -4.248956177359873E-01  -5.447397962847127E-01   1.000000000000000E+05
 -1.299629165407357E+00  -4.094869071460575E-01  -5.495085385464719E-01   1.000000000000000E+05
 -1.270706596582735E+00  -3.941913018881023E-01  -5.522010766710821E-01   1.000000000000000E+05
 -1.242065889173567E+00  -3.790746622544073E-01  -5.528733706429526E-01   1.000000000000000E+05
 -1.213826646144054E+00  -3.641990729033949E-01  -5.515920998157825E-01   1.000000000000000E+05
 -1.186100838840066E+00  -3.496224464332143E-01  -5.484337294070081E-01   1.000000000000000E+05
 -1.158992121332299E+00  -3.353981768618326E-01  -5.434835016198605E-01   1.000000000000000E+05
 -1.132595243263759E+00  -3.215748460208361E-01  -5.368343629155174E-01   1.000000000000000E+05
 -1.106995566131072E+00  -3.081959852810660E-01  -5.285858395688041E-01   1.000000000000000E+05
 -1.082268686779886E+00  -2.952998944148505E-01  -5.188428741179170E-01   1.000000000000000E+05
 -1.058480170707935E+00  -2.829195187686412E-01  -5.077146356566826E-01   1.000000000000000E+05
 -1.035685396558586E+00  -2.710823852782905E-01  -4.953133171135037E-01   1.000000000000000E+05
 -1.013929511965909E+00  -2.598105972140199E-01  -4.817529327124542E-01   1.000000000000000E+05
 -9.932474996930306E-01  -2.491208869004204E-01  -4.671481287186944E-01   1.000000000000000E+05
 -9.736643518020824E-01  -2.390247250256048E-01  -4.516130203337194E-01   1.000000000000000E+05
 -9.551953484195613E-01  -2.295284845398134E-01  -4.352600672287978E-01   1.000000000000000E+05
 -9.378464365283079E-01  -2.206336565540660E-01  -4.181989996916750E-01   1.000000000000000E+05
 -9.216147031388654E-01  -2.123371150902831E-01  -4.005358067180701E-01   1.000000000000000E+05
 -9.064889361805357E-01  -2.046314270117791E-01  -3.823717966129960E-01   1.000000000000000E+05
 -8.924502655170099E-01  -1.975052029828407E-01  -3.638027397861081E-01   1.000000000000000E+05
 -8.794728756431903E-01  -1.909434848734657E-01  -3.449181024400197E-01   1.000000000000000E+05
 -8.675247808679726E-01  -1.849281646449502E-01  -3.258003787718623E-01   1.000000000000000E+05
 -8.565686531404446E-01  -1.794384294279857E-01  -3.065245281483260E-01   1.000000000000000E+05
 -8.465626921411878E-01  -1.744512272407558E-01  -2.871575224859569E-01   1.000000000000000E+05
 -8.374615268418897E-01  -1.699417475930444E-01  -2.677580077852618E-01   1.000000000000000E+05
 -8.292171374397490E-01  -1.658839110857055E-01  -2.483760824434500E-01   1.000000000000000E+05
 -8.217797864013134E-01  -1.622508620444512E-01  -2.290531936211507E-01   1.000000000000000E+05
 -8.150989473051553E-01  -1.590154582234491E-01  -2.098221515781088E-01   1.000000000000000E+05
 -8.091242202545257E-01  -1.561507516776761E-01  -1.907072605368446E-01   1.000000000000000E+05
 -8.038062228387718E-01  -1.536304550325362E-01  -1.717245632965137E-01   1.000000000000000E+05
 -7.990974459534139E-01  -1.514293875734390E-01  -1.528821955165996E-01   1.000000000000000E+05
 -7.949530642395568E-01  -1.495238958345980E-01  -1.341808443359963E-01   1.000000000000000E+05
 -7.913316914686453E-01  -1.478922436823712E-01  -1.156143048013951E-01   1.000000000000000E+05
 -7.881960718720653E-01  -1.465149672604350E-01  -9.717012646286338E-02   1.000000000000000E+05
 -7.855136991891911E-01  -1.453751905877973E-01  -7.883034146644186E-02   1.000000000000000E+05
 -7.832573560734888E-01  -1.444588980713658E-01  -6.057226454486479E-02   1.000000000000000E+05
 -7.814055674445248E-01  -1.437551607072155E-01  -4.236935448839395E-02   1.000000000000000E+05
 -7.799429623935978E-01  -1.432563132931378E-01  -2.419212597732584E-02   1.000000000000000E+05
 -7.788605403308204E-01  -1.429580805533659E-01  -6.009100083713644E-03   1.000000000000000E+05
 -7.781558381897908E-01  -1.428596506781162E-01   1.221221869140566E-02   1.000000000000000E+05
 -7.778329966699175E-01  -1.429636953990512E-01   3.050435128256942E-02   1.000000000000000E+05
 -7.779027246830322E-01  -1.432763363500675E-01   4.889885142611053E-02   1.000000000000000E+05
 -7.783821623669267E-01  -1.438070580939362E-01   6.742532414767327E-02   1.000000000000000E+05
 -7.792946442205426E-01  -1.445685688222482E-01   8.611046786737525E-02   1.000000000000000E+05
 -7.806693650904650E-01  -1.455766103518533E-01   1.049771523539846E-01   1.000000000000000E+05
 -7.825409528830092E-01  -1.468497196386698E-01   1.240435443557488E-01   1.000000000000000E+05
 -7.849489529777942E-01  -1.484089446027115E-01   1.433222921974437E-01   1.000000000000000E+05
 -7.879372303649814E-01  -1.502775176000489E-01   1.628197799667848E-01   1.000000000000000E+05
 -7.915532965076293E-01  -1.524804903821315E-01   1.825354611258762E-01   1.000000000000000E+05
 -7.958475688319535E-01  -1.550443348448112E-01   2.024612804836028E-01   1.000000000000000E+05
 -8.008725715615743E-01  -1.579965142833541E-01   2.225811924627025E-01   1.000000000000000E+05
 -8.066820873279947E-01  -1.613650302310646E-01   2.428707825017785E-01   1.000000000000000E+05
 -8.133302696005027E-01  -1.651779502638083E-01   2.632969972598190E-01   1.000000000000000E+05
 -8.208707264775672E-01  -1.694629223972671E-01   2.838179880518159E-01   1.000000000000000E+05
 -8.293555867629246E-01  -1.742466818854233E-01   3.043830706525742E-01   1.000000000000000E+05
 -8.388345595085809E-01  -1.795545563454452E-01   3.249328032760066E-01   1.000000000000000E+05
 -8.493539983408582E-01  -1.854099751844815E-01   3.453991831838741E-01   1.000000000000000E+05
 -8.609559818927747E-01  -1.918339892872237E-01   3.657059610160503E-01   1.000000000000000E+05
 -8.736774215461908E-01  -1.988448068395506E-01   3.857690705790180E-01   1.000000000000000E+05
 -8.875492074414727E-01  -2.064573510139813E-01   4.054971704955057E-01   1.000000000000000E+05
 -9.025954033434456E-01  -2.146828450285869E-01   4.247922928207455E-01   1.000000000000000E+05
 -9.188325004640238E-01  -2.235284298147175E-01   4.435505924841565E-01   1.000000000000000E+05
 -9.362687397393877E-01  -2.329968191933725E-01   4.616631902332552E-01   1.000000000000000E+05
 -9.549035113493227E-01  -2.430859970688630E-01   4.790171006523505E-01   1.000000000000000E+05
 -9.747268394561183E-01  -2.537889607058537E-01   4.954962358144929E-01   1.000000000000000E+05
 -9.957189592389448E-01  -2.650935136666965E-01   5.109824742124951E-01   1.000000000000000E+05
 -1.017849992316699E+00  -2.769821114555172E-01   5.253567838138665E-01   1.000000000000000E+05
 -1.041079725598640E+00  -2.894317623495509E-01   5.385003874042372E-01   1.000000000000000E+05
 -1.065357497489191E+00  -3.024139853029158E-01   5.502959578319534E-01   1.000000000000000E+05
 -1.090622194213162E+00  -3.158948261898732E-01   5.606288303493223E-01   1.000000000000000E+05
 -1.116802357833140E+00  -3.298349330203780E-01   5.693882189682520E-01   1.000000000000000E+05
 -1.143816406314735E+00  -3.441896901173276E-01   5.764684236131008E-01   1.000000000000000E+05
 -1.171572964771354E+00  -3.589094105994198E-01   5.817700148631239E-01   1.000000000000000E+05
 -1.199971305801294E+00  -3.739395858729682E-01   5.852009832311262E-01   1.000000000000000E+05
 -1.228901895629817E+00  -3.892211902074577E-01   5.866778402223792E-01   1.000000000000000E+05
 -1.258247041600480E+00  -4.046910378599368E-01   5.861266588555075E-01   1.000000000000000E+05
 -1.287881635436267E+00  -4.202821896292088E-01   5.834840419003607E-01   1.000000000000000E+05
 -1.317673985624305E+00  -4.359244051686856E-01   5.786980067908268E-01   1.000000000000000E+05
 -1.347486731279908E+00  -4.515446368726988E-01   5.717287769956420E-01   1.000000000000000E+05
 -1.377177828927328E+00  -4.670675606807754E-01   5.625494705687275E-01   1.000000000000000E+05
 -1.406601602806146E+00  -4.824161387230153E-01   5.511466776423832E-01   1.000000000000000E+05
 -1.435609848582681E+00  -4.975122083619285E-01   5.375209197606017E-01   1.000000000000000E+05
 -1.464052979723409E+00  -5.122770918760151E-01   5.216869851636491E-01   1.000000000000000E+05
 -1.491781205278961E+00  -5.266322207813982E-01   5.036741354158175E-01   1.000000000000000E+05
 -1.518645727438551E+00  -5.404997686028051E-01   4.835261801020383E-01   1.000000000000000E+05
 -1.544499946949996E+00  -5.538032857861696E-01   4.613014176914996E-01   1.000000000000000E+05
 -1.569200664362977E+00  -5.664683303935095E-01   4.370724420626568E-01   1.000000000000000E+05
 -1.592609265044330E+00  -5.784230882371686E-01   4.109258155889730E-01   1.000000000000000E+05
 -1.614592876034369E+00  -5.895989761948561E-01   3.829616110831682E-01   1.000000000000000E+05
 -1.635025483061231E+00  -5.999312225983918E-01   3.532928262745547E-01   1.000000000000000E+05
 -1.653788996403561E+00  -6.093594188060584E-01   3.220446758342202E-01   1.000000000000000E+05
 -1.670774254786489E+00  -6.178280363486985E-01   2.893537672519652E-01   0.000000000000000E+00 5 RotatedCurve9 
 -1.075310577966103E+00  -8.607855486129206E-01   4.611306848835611E-01   9.572934830915040E+04
 -1.088806562926727E+00  -8.798450140718994E-01   4.499693710930027E-01   9.572934830915040E+04
 -1.101908586044129E+00  -8.983977972931242E-01   4.376234089333895E-01   9.572934830915040E+04
 -1.114582879199191E+00  -9.163958885197652E-01   4.241304939286747E-01   9.572934830915040E+04
 -1.126797065093589E+00  -9.337931138464567E-01   4.095310722369621E-01   9.572934830915040E+04
 -1.138520220114521E+00  -9.505452271833080E-01   3.938681918488708E-01   9.572934830915040E+04
 -1.149722931105208E+00  -9.666099938584840E-01   3.771873513768624E-01   9.572934830915040E+04
 -1.160377346192223E+00  -9.819472660429597E-01   3.595363472139433E-01   9.572934830915040E+04
 -1.170457219856762E+00  -9.965190502326594E-01   3.409651197889000E-01   9.572934830915040E+04
 -1.179937952468872E+00  -1.010289567069318E+00   3.215255995885933E-01   9.572934830915040E+04
 -1.188796624531325E+00  -1.023225303821641E+00   3.012715535566457E-01   9.572934830915040E+04
 -1.197012025902797E+00  -1.035295059882383E+00   2.802584324129359E-01   9.572934830915040E+04
 -1.204564680288374E+00  -1.046469985664558E+00   2.585432193705549E-01   9.572934830915040E+04
 -1.211436865298874E+00  -1.056723615300982E+00   2.361842806571721E-01   9.572934830915040E+04
 -1.217612628389106E+00  -1.066031893565606E+00   2.132412181770238E-01   9.572934830915040E+04
 -1.223077798988964E+00  -1.074373197442680E+00   1.897747245788811E-01   9.572934830915040E+04
 -1.227819997140258E+00  -1.081728352770688E+00   1.658464409252975E-01   9.572934830915040E+04
 -1.231828638946520E+00  -1.088080646382423E+00   1.415188170900453E-01   9.572934830915040E+04
 -1.235094939132914E+00  -1.093415834150740E+00   1.168549749448022E-01   9.572934830915040E+04
 -1.237611910999031E+00  -1.097722145331645E+00   9.191857433365924E-02   9.572934830915040E+04
 -1.239374364029022E+00  -1.100990283573032E+00   6.677368177564882E-02   9.572934830915040E+04
 -1.240378899401633E+00  -1.103213424928689E+00   4.148464178197863E-02   9.572934830915040E+04
 -1.240623903617503E+00  -1.104387213183976E+00   1.611595062662403E-02   9.572934830915040E+04
 -1.240109540433081E+00  -1.104509752762110E+00  -9.267867633019192E-03   9.572934830915040E+04
 -1.238837741260109E+00  -1.103581599439032E+00  -3.460238312409249E-02   9.572934830915040E+04
 -1.236812194157236E+00  -1.101605749050984E+00  -5.982338038190514E-02   9.572934830915040E+04
 -1.234038331506555E+00  -1.098587624332759E+00  -8.486697711735740E-02   9.572934830915040E+04
 -1.230523316433111E+00  -1.094535059976937E+00  -1.096697418297879E-01   9.572934830915040E+04
 -1.226276027990245E+00  -1.089458285955925E+00  -1.341688105726832E-01   9.572934830915040E+04
 -1.221307045098598E+00  -1.083369909099942E+00  -1.583020031777543E-01   9.572934830915040E+04
 -1.215628629192106E+00  -1.076284892876087E+00  -1.820079392332609E-01   9.572934830915040E+04
 -1.209254705491021E+00  -1.068220535266859E+00  -2.052261540952942E-01   9.572934830915040E+04
 -1.202200842790233E+00  -1.059196444601787E+00  -2.278972151862642E-01   9.572934830915040E+04
 -1.194484231621561E+00  -1.049234513153734E+00  -2.499628388033977E-01   9.572934830915040E+04
 -1.186123660621607E+00  -1.038358888272702E+00  -2.713660076220795E-01   9.572934830915040E+04
 -1.177139490912610E+00  -1.026595940795068E+00  -2.920510890348497E-01   9.572934830915040E+04
 -1.167553628282995E+00  -1.013974230435841E+00  -3.119639544173888E-01   9.572934830915040E+04
 -1.157389492937214E+00  -1.000524467846009E+00  -3.310520993585537E-01   9.572934830915040E+04
 -1.146671986571382E+00  -9.862794729970464E-01  -3.492647648331433E-01   9.572934830915040E+04
 -1.135427456522363E+00  -9.712741295403503E-01  -3.665530592343978E-01   9.572934830915040E+04
 -1.123683656733560E+00  -9.555453347811497E-01  -3.828700811190358E-01   9.572934830915040E+04
 -1.111469705280852E+00  -9.391319449045438E-01  -3.981710424518005E-01   9.572934830915040E+04
 -1.098816038206991E+00  -9.220747150958849E-01  -4.124133920698755E-01   9.572934830915040E+04
 -1.085754359422369E+00  -9.044162342088201E-01  -4.255569390210578E-01   9.572934830915040E+04
 -1.072317586444387E+00  -8.862008536519711E-01  -4.375639753641243E-01   9.572934830915040E+04
 -1.058539791766545E+00  -8.674746101893460E-01  -4.483993979563236E-01   9.572934830915040E+04
 -1.044456139671829E+00  -8.482851423800181E-01  -4.580308286922281E-01   9.572934830915040E+04
 -1.030102818332649E+00  -8.286816004191088E-01  -4.664287326011758E-01   9.572934830915040E+04
 -1.015516967071389E+00  -8.087145491844094E-01  -4.735665331580213E-01   9.572934830915040E+04
 -1.000736598691144E+00  -7.884358643406243E-01  -4.794207241147140E-01   9.572934830915040E+04
 -9.858005168251895E-01  -7.678986214058448E-01  -4.839709771190266E-01   9.572934830915040E+04
 -9.707482282957309E-01  -7.471569777418857E-01  -4.872002443522651E-01   9.572934830915040E+04
 -9.556198505170858E-01  -7.262660474910083E-01  -4.890948553905787E-01   9.572934830915040E+04
 -9.404560140252083E-01  -7.052817695456867E-01  -4.896446074750995E-01   9.572934830915040E+04
 -9.252977602638914E-01  -6.842607687047596E-01  -4.888428483649931E-01   9.572934830915040E+04
 -9.101864348075414E-01  -6.632602102378821E-01  -4.866865509449609E-01   9.572934830915040E+04
 -8.951635762505791E-01  -6.423376481498633E-01  -4.831763787650549E-01   9.572934830915040E+04
 -8.802708010437558E-01  -6.215508675065610E-01  -4.783167417059996E-01   9.572934830915040E+04
 -8.655496846073776E-01  -6.009577212536499E-01  -4.721158409876405E-01   9.572934830915040E+04
 -8.510416391001018E-01  -5.806159620280867E-01  -4.645857027716013E-01   9.572934830915040E+04
 -8.367877882690001E-01  -5.605830695286366E-01  -4.557421996516064E-01   9.572934830915040E+04
 -8.228288398514745E-01  -5.409160740756682E-01  -4.456050593759630E-01   9.572934830915040E+04
 -8.092049560417923E-01  -5.216713770508136E-01  -4.341978602060745E-01   9.572934830915040E+04
 -7.959556225740251E-01  -5.029045689633268E-01  -4.215480123821297E-01   9.572934830915040E+04
 -7.831195170084956E-01  -4.846702459413658E-01  -4.076867252417771E-01   9.572934830915040E+04
 -7.707343768400682E-01  -4.670218254923444E-01  -3.926489596190265E-01   9.572934830915040E+04
 -7.588368680733287E-01  -4.500113624163830E-01  -3.764733652381562E-01   9.572934830915040E+04
 -7.474624549315323E-01  -4.336893657901736E-01  -3.592022029102691E-01   9.572934830915040E+04
 -7.366452713828424E-01  -4.181046179648419E-01  -3.408812514375201E-01   9.572934830915040E+04
 -7.264179951785925E-01  -4.033039965402213E-01  -3.215596992310629E-01   9.572934830915040E+04
 -7.168117251038321E-01  -3.893323002890351E-01  -3.012900207524926E-01   9.572934830915040E+04
 -7.078558621401529E-01  -3.762320800075880E-01  -2.801278379940449E-01   9.572934830915040E+04
 -6.995779952346243E-01  -3.640434752645051E-01  -2.581317673190550E-01   9.572934830915040E+04
 -6.920037923565571E-01  -3.528040580057925E-01  -2.353632520901886E-01   9.572934830915040E+04
 -6.851568975058063E-01  -3.425486839529779E-01  -2.118863816176942E-01   9.572934830915040E+04
 -6.790588343124891E-01  -3.333093527014601E-01  -1.877676970624143E-01   9.572934830915040E+04
 -6.737289168384915E-01  -3.251150773885944E-01  -1.630759850275083E-01   9.572934830915040E+04
 -6.691841681561694E-01  -3.179917647557362E-01  -1.378820596678520E-01   9.572934830915040E+04
 -6.654392472394789E-01  -3.119621063757753E-01  -1.122585342359095E-01   9.572934830915040E+04
 -6.625063846577093E-01  -3.070454817580518E-01  -8.627958306668747E-02   9.572934830915040E+04
 -6.603953275124207E-01  -3.032578739764038E-01  -6.002069508130110E-02   9.572934830915040E+04
 -6.591132940045044E-01  -3.006117983940306E-01  -3.355841995797809E-02   9.572934830915040E+04
 -6.586649379609628E-01  -2.991162449814648E-01  -6.970108180289683E-03   9.572934830915040E+04
 -6.590523235905233E-01  -2.987766346418887E-01   1.966635377560728E-02   9.572934830915040E+04
 -6.602749106741074E-01  -2.995947898720462E-01   4.627281181038662E-02   9.572934830915040E+04
 -6.623295503310167E-01  -3.015689199978198E-01   7.277111479067708E-02   9.572934830915040E+04
 -6.652104914350470E-01  -3.046936211319719E-01   9.908338599858979E-02   9.572934830915040E+04
 -6.689093976872117E-01  -3.089598909084054E-01   1.251322940704567E-01   9.572934830915040E+04
 -6.734153752839327E-01  -3.143551579534050E-01   1.508413220523453E-01   9.572934830915040E+04
 -6.787150110520670E-01  -3.208633259605314E-01   1.761350332093452E-01   9.572934830915040E+04
 -6.847924208555687E-01  -3.284648321429874E-01   2.009393322456052E-01   9.572934830915040E+04
 -6.916293080135554E-01  -3.371367197462048E-01   2.251817206225532E-01   9.572934830915040E+04
 -6.992050314066238E-01  -3.468527242149072E-01   2.487915447032480E-01   9.572934830915040E+04
 -7.074966828880014E-01  -3.575833725238052E-01   2.717002355011516E-01   9.572934830915040E+04
 -7.164791735590864E-01  -3.692960951001078E-01   2.938415388711936E-01   9.572934830915040E+04
 -7.261253284155781E-01  -3.819553496899111E-01   3.151517350493040E-01   9.572934830915040E+04
 -7.364059888212463E-01  -3.955227564499230E-01   3.355698465229816E-01   9.572934830915040E+04
 -7.472901222218082E-01  -4.099572434814894E-01   3.550378332991787E-01   9.572934830915040E+04
 -7.587449384717919E-01  -4.252152019660839E-01   3.735007747260623E-01   9.572934830915040E+04
 -7.707360121129508E-01  -4.412506500107419E-01   3.909070371211663E-01   9.572934830915040E+04
 -7.832274099140611E-01  -4.580154042688054E-01   4.072084265591819E-01   9.572934830915040E+04
 -7.961818229589758E-01  -4.754592583661166E-01   4.223603262772085E-01   9.572934830915040E+04
 -8.095607025527888E-01  -4.935301671356835E-01   4.363218182626747E-01   9.572934830915040E+04
 -8.233243992049775E-01  -5.121744356450368E-01   4.490557886983730E-01   9.572934830915040E+04
 -8.374323039434789E-01  -5.313369119900766E-01   4.605290170490939E-01   9.572934830915040E+04
 -8.518429912147795E-01  -5.509611828271451E-01   4.707122486841557E-01   9.572934830915040E+04
 -8.665143626321994E-01  -5.709897706213316E-01   4.795802510387377E-01   9.572934830915040E+04
 -8.814037908474402E-01  -5.913643316033631E-01   4.871118534232813E-01   9.572934830915040E+04
 -8.964682628389959E-01  -6.120258534497072E-01   4.932899706934275E-01   9.572934830915040E+04
 -9.116645219348933E-01  -6.329148517303105E-01   4.981016110920413E-01   9.572934830915040E+04
 -9.269492079161454E-01  -6.539715642053512E-01   5.015378686689776E-01   9.572934830915040E+04
 -9.422789945809092E-01  -6.751361420960265E-01   5.035939007725635E-01   9.572934830915040E+04
 -9.576107241872267E-01  -6.963488375041819E-01   5.042688911885435E-01   9.572934830915040E+04
 -9.729015382339654E-01  -7.175501862109465E-01   5.035659995768104E-01   9.572934830915040E+04
 -9.881090040846697E-01  -7.386811851447942E-01   5.014922979229981E-01   9.572934830915040E+04
 -1.003191236986984E+00  -7.596834638739457E-01   4.980586947804881E-01   9.572934830915040E+04
 -1.018107017090597E+00  -7.804994495460377E-01   4.932798481281214E-01   9.572934830915040E+04
 -1.032815901118700E+00  -8.010725247687284E-01   4.871740677096297E-01   9.572934830915040E+04
 -1.047278328401222E+00  -8.213471779976519E-01   4.797632077522772E-01   9.572934830915040E+04
 -1.061455721032012E+00  -8.412691460720718E-01   4.710725509843097E-01   9.572934830915040E+04
 -1.075310577966103E+00  -8.607855486129206E-01   4.611306848835611E-01   0.000000000000000E+00 6 RotatedCurve10 
 -1.670774254786489E+00   6.178280363486985E-01  -2.893537672519652E-01  -1.000000000000000E+05
 -1.685881957106659E+00   6.252869043802254E-01  -2.553671680928752E-01  -1.000000000000000E+05
 -1.699023512502473E+00   6.316916425603661E-01  -2.202413733071188E-01  -1.000000000000000E+05
 -1.710121800108063E+00   6.370040449470256E-01  -1.841411823213852E-01  -1.000000000000000E+05
 -1.719111830744928E+00   6.411924109727951E-01  -1.472384965930313E-01  -1.000000000000000E+05
 -1.725941303803904E+00   6.442318201195062E-01  -1.097110491480412E-01  -1.000000000000000E+05
 -1.730571053641430E+00   6.461043474805468E-01  -7.174107834225973E-02  -1.000000000000000E+05
 -1.732975380946344E+00   6.467992180067239E-01  -3.351395867421811E-02  -1.000000000000000E+05
 -1.733142265714588E+00   6.463128978612316E-01   4.783198069157706E-03  -1.000000000000000E+05
 -1.731073459686435E+00   6.446491219560011E-01   4.296295774048550E-02  -1.000000000000000E+05
 -1.726784457341074E+00   6.418188573983858E-01   8.083898107205395E-02  -1.000000000000000E+05
 -1.720304345793238E+00   6.378402032366954E-01   1.182274294446892E-01  -1.000000000000000E+05
 -1.711675535182560E+00   6.327382275484346E-01   1.549483455261534E-01  -1.000000000000000E+05
 -1.700953372375062E+00   6.265447435591555E-01   1.908269953889911E-01  -1.000000000000000E+05
 -1.688205641994377E+00   6.192980271056517E-01   2.256951591288049E-01  -1.000000000000000E+05
 -1.673511959955059E+00   6.110424783580851E-01   2.593923575524757E-01  -1.000000000000000E+05
 -1.656963065769275E+00   6.018282312850536E-01   2.917670031858881E-01  -1.000000000000000E+05
 -1.638660020929354E+00   5.917107148774619E-01   3.226774646548685E-01  -1.000000000000000E+05
 -1.618713321621136E+00   5.807501706356440E-01   3.519930344125687E-01  -1.000000000000000E+05
 -1.597241934886517E+00   5.690111312642365E-01   3.795947908114123E-01  -1.000000000000000E+05
 -1.574372268118779E+00   5.565618659061280E-01   4.053763466368643E-01  -1.000000000000000E+05
 -1.550237082433071E+00   5.434737975762624E-01   4.292444774214885E-01  -1.000000000000000E+05
 -1.524974360999711E+00   5.298208987246504E-01   4.511196241280226E-01  -1.000000000000000E+05
 -1.498726143854062E+00   5.156790710627984E-01   4.709362661156973E-01  -1.000000000000000E+05
 -1.471637340999101E+00   5.011255159267510E-01   4.886431616704026E-01  -1.000000000000000E+05
 -1.443854535792279E+00   4.862381015216293E-01   5.042034547717266E-01  -1.000000000000000E+05
 -1.415524790655167E+00   4.710947333962299E-01   5.175946481732606E-01  -1.000000000000000E+05
 -1.386794467062342E+00   4.557727344319888E-01   5.288084442716879E-01  -1.000000000000000E+05
 -1.357808071555952E+00   4.403482404991619E-01   5.378504566198929E-01  -1.000000000000000E+05
 -1.328707139197007E+00   4.248956177359873E-01   5.447397962847127E-01  -1.000000000000000E+05
 -1.299629165407357E+00   4.094869071460575E-01   5.495085385464719E-01  -1.000000000000000E+05
 -1.270706596582735E+00   3.941913018881023E-01   5.522010766710821E-01  -1.000000000000000E+05
 -1.242065889173567E+00   3.790746622544073E-01   5.528733706429526E-01  -1.000000000000000E+05
 -1.213826646144054E+00   3.641990729033949E-01   5.515920998157825E-01  -1.000000000000000E+05
 -1.186100838840066E+00   3.496224464332143E-01   5.484337294070081E-01  -1.000000000000000E+05
 -1.158992121332299E+00   3.353981768618326E-01   5.434835016198605E-01  -1.000000000000000E+05
 -1.132595243263759E+00   3.215748460208361E-01   5.368343629155174E-01  -1.000000000000000E+05
 -1.106995566131072E+00   3.081959852810660E-01   5.285858395688041E-01  -1.000000000000000E+05
 -1.082268686779886E+00   2.952998944148505E-01   5.188428741179170E-01  -1.000000000000000E+05
 -1.058480170707935E+00   2.829195187686412E-01   5.077146356566826E-01  -1.000000000000000E+05
 -1.035685396558586E+00   2.710823852782905E-01   4.953133171135037E-01  -1.000000000000000E+05
 -1.013929511965909E+00   2.598105972140199E-01   4.817529327124542E-01  -1.000000000000000E+05
 -9.932474996930306E-01   2.491208869004204E-01   4.671481287186944E-01  -1.000000000000000E+05
 -9.736643518020824E-01   2.390247250256048E-01   4.516130203337194E-01  -1.000000000000000E+05
 -9.551953484195613E-01   2.295284845398134E-01   4.352600672287978E-01  -1.000000000000000E+05
 -9.378464365283079E-01   2.206336565540660E-01   4.181989996916750E-01  -1.000000000000000E+05
 -9.216147031388654E-01   2.123371150902831E-01   4.005358067180701E-01  -1.000000000000000E+05
 -9.064889361805357E-01   2.046314270117791E-01   3.823717966129960E-01  -1.000000000000000E+05
 -8.924502655170099E-01   1.975052029828407E-01   3.638027397861081E-01  -1.000000000000000E+05
 -8.794728756431903E-01   1.909434848734657E-01   3.449181024400197E-01  -1.000000000000000E+05
 -8.675247808679726E-01   1.849281646449502E-01   3.258003787718623E-01  -1.000000000000000E+05
 -8.565686531404446E-01   1.794384294279857E-01   3.065245281483260E-01  -1.000000000000000E+05
 -8.465626921411878E-01   1.744512272407558E-01   2.871575224859569E-01  -1.000000000000000E+05
 -8.374615268418897E-01   1.699417475930444E-01   2.677580077852618E-01  -1.000000000000000E+05
 -8.292171374397490E-01   1.658839110857055E-01   2.483760824434500E-01  -1.000000000000000E+05
 -8.217797864013134E-01   1.622508620444512E-01   2.290531936211507E-01  -1.000000000000000E+05
 -8.150989473051553E-01   1.590154582234491E-01   2.098221515781088E-01  -1.000000000000000E+05
 -8.091242202545257E-01   1.561507516776761E-01   1.907072605368446E-01  -1.000000000000000E+05
 -8.038062228387718E-01   1.536304550325362E-01   1.717245632965137E-01  -1.000000000000000E+05
 -7.990974459534139E-01   1.514293875734390E-01   1.528821955165996E-01  -1.000000000000000E+05
 -7.949530642395568E-01   1.495238958345980E-01   1.341808443359963E-01  -1.000000000000000E+05
 -7.913316914686453E-01   1.478922436823712E-01   1.156143048013951E-01  -1.000000000000000E+05
 -7.881960718720653E-01   1.465149672604350E-01   9.717012646286338E-02  -1.000000000000000E+05
 -7.855136991891911E-01   1.453751905877973E-01   7.883034146644186E-02  -1.000000000000000E+05
 -7.832573560734888E-01   1.444588980713658E-01   6.057226454486479E-02  -1.000000000000000E+05
 -7.814055674445248E-01   1.437551607072155E-01   4.236935448839395E-02  -1.000000000000000E+05
 -7.799429623935978E-01   1.432563132931378E-01   2.419212597732584E-02  -1.000000000000000E+05
 -7.788605403308204E-01   1.429580805533659E-01   6.009100083713644E-03  -1.000000000000000E+05
 -7.781558381897908E-01   1.428596506781162E-01  -1.221221869140566E-02  -1.000000000000000E+05
 -7.778329966699175E-01   1.429636953990512E-01  -3.050435128256942E-02  -1.000000000000000E+05
 -7.779027246830322E-01   1.432763363500675E-01  -4.889885142611053E-02  -1.000000000000000E+05
 -7.783821623669267E-01   1.438070580939362E-01  -6.742532414767327E-02  -1.000000000000000E+05
 -7.792946442205426E-01   1.445685688222482E-01  -8.611046786737525E-02  -1.000000000000000E+05
 -7.806693650904650E-01   1.455766103518533E-01  -1.049771523539846E-01  -1.000000000000000E+05
 -7.825409528830092E-01   1.468497196386698E-01  -1.240435443557488E-01  -1.000000000000000E+05
 -7.849489529777942E-01   1.484089446027115E-01  -1.433222921974437E-01  -1.000000000000000E+05
 -7.879372303649814E-01   1.502775176000489E-01  -1.628197799667848E-01  -1.000000000000000E+05
 -7.915532965076293E-01   1.524804903821315E-01  -1.825354611258762E-01  -1.000000000000000E+05
 -7.958475688319535E-01   1.550443348448112E-01  -2.024612804836028E-01  -1.000000000000000E+05
 -8.008725715615743E-01   1.579965142833541E-01  -2.225811924627025E-01  -1.000000000000000E+05
 -8.066820873279947E-01   1.613650302310646E-01  -2.428707825017785E-01  -1.000000000000000E+05
 -8.133302696005027E-01   1.651779502638083E-01  -2.632969972598190E-01  -1.000000000000000E+05
 -8.208707264775672E-01   1.694629223972671E-01  -2.838179880518159E-01  -1.000000000000000E+05
 -8.293555867629246E-01   1.742466818854233E-01  -3.043830706525742E-01  -1.000000000000000E+05
 -8.388345595085809E-01   1.795545563454452E-01  -3.249328032760066E-01  -1.000000000000000E+05
 -8.493539983408582E-01   1.854099751844815E-01  -3.453991831838741E-01  -1.000000000000000E+05
 -8.609559818927747E-01   1.918339892872237E-01  -3.657059610160503E-01  -1.000000000000000E+05
 -8.736774215461908E-01   1.988448068395506E-01  -3.857690705790180E-01  -1.000000000000000E+05
 -8.875492074414727E-01   2.064573510139813E-01  -4.054971704955057E-01  -1.000000000000000E+05
 -9.025954033434456E-01   2.146828450285869E-01  -4.247922928207455E-01  -1.000000000000000E+05
 -9.188325004640238E-01   2.235284298147175E-01  -4.435505924841565E-01  -1.000000000000000E+05
 -9.362687397393877E-01   2.329968191933725E-01  -4.616631902332552E-01  -1.000000000000000E+05
 -9.549035113493227E-01   2.430859970688630E-01  -4.790171006523505E-01  -1.000000000000000E+05
 -9.747268394561183E-01   2.537889607058537E-01  -4.954962358144929E-01  -1.000000000000000E+05
 -9.957189592389448E-01   2.650935136666965E-01  -5.109824742124951E-01  -1.000000000000000E+05
 -1.017849992316699E+00   2.769821114555172E-01  -5.253567838138665E-01  -1.000000000000000E+05
 -1.041079725598640E+00   2.894317623495509E-01  -5.385003874042372E-01  -1.000000000000000E+05
 -1.065357497489191E+00   3.024139853029158E-01  -5.502959578319534E-01  -1.000000000000000E+05
 -1.090622194213162E+00   3.158948261898732E-01  -5.606288303493223E-01  -1.000000000000000E+05
 -1.116802357833140E+00   3.298349330203780E-01  -5.693882189682520E-01  -1.000000000000000E+05
 -1.143816406314735E+00   3.441896901173276E-01  -5.764684236131008E-01  -1.000000000000000E+05
 -1.171572964771354E+00   3.589094105994198E-01  -5.817700148631239E-01  -1.000000000000000E+05
 -1.199971305801294E+00   3.739395858729682E-01  -5.852009832311262E-01  -1.000000000000000E+05
 -1.228901895629817E+00   3.892211902074577E-01  -5.866778402223792E-01  -1.000000000000000E+05
 -1.258247041600480E+00   4.046910378599368E-01  -5.861266588555075E-01  -1.000000000000000E+05
 -1.287881635436267E+00   4.202821896292088E-01  -5.834840419003607E-01  -1.000000000000000E+05
 -1.317673985624305E+00   4.359244051686856E-01  -5.786980067908268E-01  -1.000000000000000E+05
 -1.347486731279908E+00   4.515446368726988E-01  -5.717287769956420E-01  -1.000000000000000E+05
 -1.377177828927328E+00   4.670675606807754E-01  -5.625494705687275E-01  -1.000000000000000E+05
 -1.406601602806146E+00   4.824161387230153E-01  -5.511466776423832E-01  -1.000000000000000E+05
 -1.435609848582681E+00   4.975122083619285E-01  -5.375209197606017E-01  -1.000000000000000E+05
 -1.464052979723409E+00   5.122770918760151E-01  -5.216869851636491E-01  -1.000000000000000E+05
 -1.491781205278961E+00   5.266322207813982E-01  -5.036741354158175E-01  -1.000000000000000E+05
 -1.518645727438551E+00   5.404997686028051E-01  -4.835261801020383E-01  -1.000000000000000E+05
 -1.544499946949996E+00   5.538032857861696E-01  -4.613014176914996E-01  -1.000000000000000E+05
 -1.569200664362977E+00   5.664683303935095E-01  -4.370724420626568E-01  -1.000000000000000E+05
 -1.592609265044330E+00   5.784230882371686E-01  -4.109258155889730E-01  -1.000000000000000E+05
 -1.614592876034369E+00   5.895989761948561E-01  -3.829616110831682E-01  -1.000000000000000E+05
 -1.635025483061231E+00   5.999312225983918E-01  -3.532928262745547E-01  -1.000000000000000E+05
 -1.653788996403561E+00   6.093594188060584E-01  -3.220446758342202E-01  -1.000000000000000E+05
 -1.670774254786489E+00   6.178280363486985E-01  -2.893537672519652E-01   0.000000000000000E+00 7 RotatedCurve11 
 -1.075310577966103E+00   8.607855486129206E-01  -4.611306848835611E-01  -9.572934830915040E+04
 -1.088806562926727E+00   8.798450140718994E-01  -4.499693710930027E-01  -9.572934830915040E+04
 -1.101908586044129E+00   8.983977972931242E-01  -4.376234089333895E-01  -9.572934830915040E+04
 -1.114582879199191E+00   9.163958885197652E-01  -4.241304939286747E-01  -9.572934830915040E+04
 -1.126797065093589E+00   9.337931138464567E-01  -4.095310722369621E-01  -9.572934830915040E+04
 -1.138520220114521E+00   9.505452271833080E-01  -3.938681918488708E-01  -9.572934830915040E+04
 -1.149722931105208E+00   9.666099938584840E-01  -3.771873513768624E-01  -9.572934830915040E+04
 -1.160377346192223E+00   9.819472660429597E-01  -3.595363472139433E-01  -9.572934830915040E+04
 -1.170457219856762E+00   9.965190502326594E-01  -3.409651197889000E-01  -9.572934830915040E+04
 -1.179937952468872E+00   1.010289567069318E+00  -3.215255995885933E-01  -9.572934830915040E+04
 -1.188796624531325E+00   1.023225303821641E+00  -3.012715535566457E-01  -9.572934830915040E+04
 -1.197012025902797E+00   1.035295059882383E+00  -2.802584324129359E-01  -9.572934830915040E+04
 -1.204564680288374E+00   1.046469985664558E+00  -2.585432193705549E-01  -9.572934830915040E+04
 -1.211436865298874E+00   1.056723615300982E+00  -2.361842806571721E-01  -9.572934830915040E+04
 -1.217612628389106E+00   1.066031893565606E+00  -2.132412181770238E-01  -9.572934830915040E+04
 -1.223077798988964E+00   1.074373197442680E+00  -1.897747245788811E-01  -9.572934830915040E+04
 -1.227819997140258E+00   1.081728352770688E+00  -1.658464409252975E-01  -9.572934830915040E+04
 -1.231828638946520E+00   1.088080646382423E+00  -1.415188170900453E-01  -9.572934830915040E+04
 -1.235094939132914E+00   1.093415834150740E+00  -1.168549749448022E-01  -9.572934830915040E+04
 -1.237611910999031E+00   1.097722145331645E+00  -9.191857433365924E-02  -9.572934830915040E+04
 -1.239374364029022E+00   1.100990283573032E+00  -6.677368177564882E-02  -9.572934830915040E+04
 -1.240378899401633E+00   1.103213424928689E+00  -4.148464178197863E-02  -9.572934830915040E+04
 -1.240623903617503E+00   1.104387213183976E+00  -1.611595062662403E-02  -9.572934830915040E+04
 -1.240109540433081E+00   1.104509752762110E+00   9.267867633019192E-03  -9.572934830915040E+04
 -1.238837741260109E+00   1.103581599439032E+00   3.460238312409249E-02  -9.572934830915040E+04
 -1.236812194157236E+00   1.101605749050984E+00   5.982338038190514E-02  -9.572934830915040E+04
 -1.234038331506555E+00   1.098587624332759E+00   8.486697711735740E-02  -9.572934830915040E+04
 -1.230523316433111E+00   1.094535059976937E+00   1.096697418297879E-01  -9.572934830915040E+04
 -1.226276027990245E+00   1.089458285955925E+00   1.341688105726832E-01  -9.572934830915040E+04
 -1.221307045098598E+00   1.083369909099942E+00   1.583020031777543E-01  -9.572934830915040E+04
 -1.215628629192106E+00   1.076284892876087E+00   1.820079392332609E-01  -9.572934830915040E+04
 -1.209254705491021E+00   1.068220535266859E+00   2.052261540952942E-01  -9.572934830915040E+04
 -1.202200842790233E+00   1.059196444601787E+00   2.278972151862642E-01  -9.572934830915040E+04
 -1.194484231621561E+00   1.049234513153734E+00   2.499628388033977E-01  -9.572934830915040E+04
 -1.186123660621607E+00   1.038358888272702E+00   2.713660076220795E-01  -9.572934830915040E+04
 -1.177139490912610E+00   1.026595940795068E+00   2.920510890348497E-01  -9.572934830915040E+04
 -1.167553628282995E+00   1.013974230435841E+00   3.119639544173888E-01  -9.572934830915040E+04
 -1.157389492937214E+00   1.000524467846009E+00   3.310520993585537E-01  -9.572934830915040E+04
 -1.146671986571382E+00   9.862794729970464E-01   3.492647648331433E-01  -9.572934830915040E+04
 -1.135427456522363E+00   9.712741295403503E-01   3.665530592343978E-01  -9.572934830915040E+04
 -1.123683656733560E+00   9.555453347811497E-01   3.828700811190358E-01  -9.572934830915040E+04
 -1.111469705280852E+00   9.391319449045438E-01   3.981710424518005E-01  -9.572934830915040E+04
 -1.098816038206991E+00   9.220747150958849E-01   4.124133920698755E-01  -9.572934830915040E+04
 -1.085754359422369E+00   9.044162342088201E-01   4.255569390210578E-01  -9.572934830915040E+04
 -1.072317586444387E+00   8.862008536519711E-01   4.375639753641243E-01  -9.572934830915040E+04
 -1.058539791766545E+00   8.674746101893460E-01   4.483993979563236E-01  -9.572934830915040E+04
 -1.044456139671829E+00   8.482851423800181E-01   4.580308286922281E-01  -9.572934830915040E+04
 -1.030102818332649E+00   8.286816004191088E-01   4.664287326011758E-01  -9.572934830915040E+04
 -1.015516967071389E+00   8.087145491844094E-01   4.735665331580213E-01  -9.572934830915040E+04
 -1.000736598691144E+00   7.884358643406243E-01   4.794207241147140E-01  -9.572934830915040E+04
 -9.858005168251895E-01   7.678986214058448E-01   4.839709771190266E-01  -9.572934830915040E+04
 -9.707482282957309E-01   7.471569777418857E-01   4.872002443522651E-01  -9.572934830915040E+04
 -9.556198505170858E-01   7.262660474910083E-01   4.890948553905787E-01  -9.572934830915040E+04
 -9.404560140252083E-01   7.052817695456867E-01   4.896446074750995E-01  -9.572934830915040E+04
 -9.252977602638914E-01   6.842607687047596E-01   4.888428483649931E-01  -9.572934830915040E+04
 -9.101864348075414E-01   6.632602102378821E-01   4.866865509449609E-01  -9.572934830915040E+04
 -8.951635762505791E-01   6.423376481498633E-01   4.831763787650549E-01  -9.572934830915040E+04
 -8.802708010437558E-01   6.215508675065610E-01   4.783167417059996E-01  -9.572934830915040E+04
 -8.655496846073776E-01   6.009577212536499E-01   4.721158409876405E-01  -9.572934830915040E+04
 -8.510416391001018E-01   5.806159620280867E-01   4.645857027716013E-01  -9.572934830915040E+04
 -8.367877882690001E-01   5.605830695286366E-01   4.557421996516064E-01  -9.572934830915040E+04
 -8.228288398514745E-01   5.409160740756682E-01   4.456050593759630E-01  -9.572934830915040E+04
 -8.092049560417923E-01   5.216713770508136E-01   4.341978602060745E-01  -9.572934830915040E+04
 -7.959556225740251E-01   5.029045689633268E-01   4.215480123821297E-01  -9.572934830915040E+04
 -7.831195170084956E-01   4.846702459413658E-01   4.076867252417771E-01  -9.572934830915040E+04
 -7.707343768400682E-01   4.670218254923444E-01   3.926489596190265E-01  -9.572934830915040E+04
 -7.588368680733287E-01   4.500113624163830E-01   3.764733652381562E-01  -9.572934830915040E+04
 -7.474624549315323E-01   4.336893657901736E-01   3.592022029102691E-01  -9.572934830915040E+04
 -7.366452713828424E-01   4.181046179648419E-01   3.408812514375201E-01  -9.572934830915040E+04
 -7.264179951785925E-01   4.033039965402213E-01   3.215596992310629E-01  -9.572934830915040E+04
 -7.168117251038321E-01   3.893323002890351E-01   3.012900207524926E-01  -9.572934830915040E+04
 -7.078558621401529E-01   3.762320800075880E-01   2.801278379940449E-01  -9.572934830915040E+04
 -6.995779952346243E-01   3.640434752645051E-01   2.581317673190550E-01  -9.572934830915040E+04
 -6.920037923565571E-01   3.528040580057925E-01   2.353632520901886E-01  -9.572934830915040E+04
 -6.851568975058063E-01   3.425486839529779E-01   2.118863816176942E-01  -9.572934830915040E+04
 -6.790588343124891E-01   3.333093527014601E-01   1.877676970624143E-01  -9.572934830915040E+04
 -6.737289168384915E-01   3.251150773885944E-01   1.630759850275083E-01  -9.572934830915040E+04
 -6.691841681561694E-01   3.179917647557362E-01   1.378820596678520E-01  -9.572934830915040E+04
 -6.654392472394789E-01   3.119621063757753E-01   1.122585342359095E-01  -9.572934830915040E+04
 -6.625063846577093E-01   3.070454817580518E-01   8.627958306668747E-02  -9.572934830915040E+04
 -6.603953275124207E-01   3.032578739764038E-01   6.002069508130110E-02  -9.572934830915040E+04
 -6.591132940045044E-01   3.006117983940306E-01   3.355841995797809E-02  -9.572934830915040E+04
 -6.586649379609628E-01   2.991162449814648E-01   6.970108180289683E-03  -9.572934830915040E+04
 -6.590523235905233E-01   2.987766346418887E-01  -1.966635377560728E-02  -9.572934830915040E+04
 -6.602749106741074E-01   2.995947898720462E-01  -4.627281181038662E-02  -9.572934830915040E+04
 -6.623295503310167E-01   3.015689199978198E-01  -7.277111479067708E-02  -9.572934830915040E+04
 -6.652104914350470E-01   3.046936211319719E-01  -9.908338599858979E-02  -9.572934830915040E+04
 -6.689093976872117E-01   3.089598909084054E-01  -1.251322940704567E-01  -9.572934830915040E+04
 -6.734153752839327E-01   3.143551579534050E-01  -1.508413220523453E-01  -9.572934830915040E+04
 -6.787150110520670E-01   3.208633259605314E-01  -1.761350332093452E-01  -9.572934830915040E+04
 -6.847924208555687E-01   3.284648321429874E-01  -2.009393322456052E-01  -9.572934830915040E+04
 -6.916293080135554E-01   3.371367197462048E-01  -2.251817206225532E-01  -9.572934830915040E+04
 -6.992050314066238E-01   3.468527242149072E-01  -2.487915447032480E-01  -9.572934830915040E+04
 -7.074966828880014E-01   3.575833725238052E-01  -2.717002355011516E-01  -9.572934830915040E+04
 -7.164791735590864E-01   3.692960951001078E-01  -2.938415388711936E-01  -9.572934830915040E+04
 -7.261253284155781E-01   3.819553496899111E-01  -3.151517350493040E-01  -9.572934830915040E+04
 -7.364059888212463E-01   3.955227564499230E-01  -3.355698465229816E-01  -9.572934830915040E+04
 -7.472901222218082E-01   4.099572434814894E-01  -3.550378332991787E-01  -9.572934830915040E+04
 -7.587449384717919E-01   4.252152019660839E-01  -3.735007747260623E-01  -9.572934830915040E+04
 -7.707360121129508E-01   4.412506500107419E-01  -3.909070371211663E-01  -9.572934830915040E+04
 -7.832274099140611E-01   4.580154042688054E-01  -4.072084265591819E-01  -9.572934830915040E+04
 -7.961818229589758E-01   4.754592583661166E-01  -4.223603262772085E-01  -9.572934830915040E+04
 -8.095607025527888E-01   4.935301671356835E-01  -4.363218182626747E-01  -9.572934830915040E+04
 -8.233243992049775E-01   5.121744356450368E-01  -4.490557886983730E-01  -9.572934830915040E+04
 -8.374323039434789E-01   5.313369119900766E-01  -4.605290170490939E-01  -9.572934830915040E+04
 -8.518429912147795E-01   5.509611828271451E-01  -4.707122486841557E-01  -9.572934830915040E+04
 -8.665143626321994E-01   5.709897706213316E-01  -4.795802510387377E-01  -9.572934830915040E+04
 -8.814037908474402E-01   5.913643316033631E-01  -4.871118534232813E-01  -9.572934830915040E+04
 -8.964682628389959E-01   6.120258534497072E-01  -4.932899706934275E-01  -9.572934830915040E+04
 -9.116645219348933E-01   6.329148517303105E-01  -4.981016110920413E-01  -9.572934830915040E+04
 -9.269492079161454E-01   6.539715642053512E-01  -5.015378686689776E-01  -9.572934830915040E+04
 -9.422789945809092E-01   6.751361420960265E-01  -5.035939007725635E-01  -9.572934830915040E+04
 -9.576107241872267E-01   6.963488375041819E-01  -5.042688911885435E-01  -9.572934830915040E+04
 -9.729015382339654E-01   7.175501862109465E-01  -5.035659995768104E-01  -9.572934830915040E+04
 -9.881090040846697E-01   7.386811851447942E-01  -5.014922979229981E-01  -9.572934830915040E+04
 -1.003191236986984E+00   7.596834638739457E-01  -4.980586947804881E-01  -9.572934830915040E+04
 -1.018107017090597E+00   7.804994495460377E-01  -4.932798481281214E-01  -9.572934830915040E+04
 -1.032815901118700E+00   8.010725247687284E-01  -4.871740677096297E-01  -9.572934830915040E+04
 -1.047278328401222E+00   8.213471779976519E-01  -4.797632077522772E-01  -9.572934830915040E+04
 -1.061455721032012E+00   8.412691460720718E-01  -4.710725509843097E-01  -9.572934830915040E+04
 -1.075310577966103E+00   8.607855486129206E-01  -4.611306848835611E-01   0.000000000000000E+00 8 RotatedCurve12 
end 
