periods   2 
begin filament 
mirror NIL 
  1.513271683916582E+00   4.579069959823731E-01  -1.221472979293146E-02   1.000000000000000E+05
  1.513096135093845E+00   4.606337085224682E-01  -1.754092839664701E-02   1.000000000000000E+05
  1.512673947344058E+00   4.647500297907486E-01  -2.602537890953689E-02   1.000000000000000E+05
  1.511843047803670E+00   4.703058121564026E-01  -3.821817137720617E-02   1.000000000000000E+05
  1.510402259898350E+00   4.771768927010871E-01  -5.446231175715260E-02   1.000000000000000E+05
  1.508114373391153E+00   4.850707005359522E-01  -7.487979061151569E-02   1.000000000000000E+05
  1.504710873849011E+00   4.935433696599402E-01  -9.936979873109586E-02   1.000000000000000E+05
  1.499898643222689E+00   5.020271317284029E-01  -1.276187973886262E-01   1.000000000000000E+05
  1.493368810055768E+00   5.098660945897683E-01  -1.591214854670999E-01   1.000000000000000E+05
  1.484807755629448E+00   5.163579751057414E-01  -1.932111152589749E-01   1.000000000000000E+05
  1.473910084471354E+00   5.207989834827228E-01  -2.290971273539449E-01   1.000000000000000E+05
  1.460393160263174E+00   5.225288746520482E-01  -2.659077292558236E-01   1.000000000000000E+05
  1.444012608988639E+00   5.209732008146449E-01  -3.027348496285380E-01   1.000000000000000E+05
  1.424578018064930E+00   5.156800152568282E-01  -3.386788677706031E-01   1.000000000000000E+05
  1.401967929847927E+00   5.063486748349650E-01  -3.728906431572437E-01   1.000000000000000E+05
  1.376143154344615E+00   4.928489389112993E-01  -4.046086398731732E-01   1.000000000000000E+05
  1.347157419461368E+00   4.752292276822920E-01  -4.331893338396931E-01   1.000000000000000E+05
  1.315164443198404E+00   4.537136370002875E-01  -4.581295780262940E-01   1.000000000000000E+05
  1.280420651081021E+00   4.286880598704232E-01  -4.790801482473431E-01   1.000000000000000E+05
  1.243282968475479E+00   4.006764858508468E-01  -4.958502627602052E-01   1.000000000000000E+05
  1.204201380609892E+00   3.703091902281231E-01  -5.084034254412271E-01   1.000000000000000E+05
  1.163706257701845E+00   3.382850425741111E-01  -5.168454496807641E-01   1.000000000000000E+05
  1.122390769395302E+00   3.053305253205117E-01  -5.214059475588296E-01   1.000000000000000E+05
  1.080889040021759E+00   2.721582344692266E-01  -5.224148919051154E-01   1.000000000000000E+05
  1.039851001281708E+00   2.394276260757099E-01  -5.202760608486904E-01   1.000000000000000E+05
  9.999151596125395E-01   2.077105763293288E-01  -5.154392474305279E-01   1.000000000000000E+05
  9.616806917541489E-01   1.774639553051133E-01  -5.083730617508168E-01   1.000000000000000E+05
  9.256803974865272E-01   1.490109017815552E-01  -4.995399795463820E-01   1.000000000000000E+05
  8.923560617657099E-01   1.225318655825929E-01  -4.893750163520501E-01   1.000000000000000E+05
  8.620377039827711E-01   9.806579845338330E-02  -4.782690540997468E-01   1.000000000000000E+05
  8.349280207272203E-01   7.552117227072563E-02  -4.665574452304848E-01   1.000000000000000E+05
  8.110930677514739E-01   5.469583285938624E-02  -4.545140986014223E-01   1.000000000000000E+05
  7.904598905738425E-01   3.530410461734074E-02  -4.423508423059325E-01   1.000000000000000E+05
  7.728214205946820E-01   1.700908553367162E-02  -4.302214896457506E-01   1.000000000000000E+05
  7.578485283497818E-01  -5.422545104468643E-04  -4.182297305968954E-01   1.000000000000000E+05
  7.451086940637081E-01  -1.768371617561727E-02  -4.064397512843228E-01   1.000000000000000E+05
  7.340903456203747E-01  -3.469677609097162E-02  -3.948883604968790E-01   1.000000000000000E+05
  7.242315523883668E-01  -5.178208071267214E-02  -3.835973798972807E-01   1.000000000000000E+05
  7.149514744793594E-01  -6.903749792158920E-02  -3.725851304277528E-01   1.000000000000000E+05
  7.056827712533373E-01  -8.644420691224858E-02  -3.618760113691256E-01   1.000000000000000E+05
  6.959030848708917E-01  -1.038617212249857E-01  -3.515074041766729E-01   1.000000000000000E+05
  6.851637423839703E-01  -1.210320992334998E-01  -3.415334192726857E-01   1.000000000000000E+05
  6.731139638460640E-01  -1.375929465553115E-01  -3.320253159046277E-01   1.000000000000000E+05
  6.595191172693823E-01  -1.530982014502242E-01  -3.230687371746149E-01   1.000000000000000E+05
  6.442719098064768E-01  -1.670451600600263E-01  -3.147581893012830E-01   1.000000000000000E+05
  6.273958277286782E-01  -1.789057800896385E-01  -3.071894335696374E-01   1.000000000000000E+05
  6.090406098946632E-01  -1.881600274806663E-01  -3.004506330033859E-01   1.000000000000000E+05
  5.894700311730899E-01  -1.943289185756938E-01  -2.946131908981483E-01   1.000000000000000E+05
  5.690427527291496E-01  -1.970049663739783E-01  -2.897232288120945E-01   1.000000000000000E+05
  5.481874345284681E-01  -1.958779579049531E-01  -2.857945781337294E-01   1.000000000000000E+05
  5.273736734716722E-01  -1.907543531661840E-01  -2.828040093942005E-01   1.000000000000000E+05
  5.070806040348078E-01  -1.815690769637162E-01  -2.806892106268844E-01   1.000000000000000E+05
  4.877651587248497E-01  -1.683890376551143E-01  -2.793497688607131E-01   1.000000000000000E+05
  4.698320216755479E-01  -1.514083099409862E-01  -2.786511293406552E-01   1.000000000000000E+05
  4.536072167618562E-01  -1.309355185777623E-01  -2.784312291406896E-01   1.000000000000000E+05
  4.393170563027263E-01  -1.073745128265211E-01  -2.785092491992956E-01   1.000000000000000E+05
  4.270738502716989E-01  -8.119988787849677E-02  -2.786957232064134E-01   1.000000000000000E+05
  4.168693586352177E-01  -5.292925614373416E-02  -2.788031012352400E-01   1.000000000000000E+05
  4.085764866386972E-01  -2.309437372251376E-02  -2.786558034180031E-01   1.000000000000000E+05
  4.019592045543977E-01   7.786728272739775E-03  -2.780988209752305E-01   1.000000000000000E+05
  3.966901520315334E-01   3.923457395434088E-02  -2.770040283856802E-01   1.000000000000000E+05
  3.923748955622927E-01   7.082826802666697E-02  -2.752735544193834E-01   1.000000000000000E+05
  3.885813767875057E-01   1.022193477717789E-01  -2.728398077206791E-01   1.000000000000000E+05
  3.848727467825047E-01   1.331385919613436E-01  -2.696620457234424E-01   1.000000000000000E+05
  3.808415489770889E-01   1.633954795137877E-01  -2.657196909174667E-01   1.000000000000000E+05
  3.761431059739104E-01   1.928705750241941E-01  -2.610029104918461E-01   1.000000000000000E+05
  3.705259903820873E-01   2.215016808493384E-01  -2.555012583219824E-01   1.000000000000000E+05
  3.638576157069408E-01   2.492650941673628E-01  -2.491914078246942E-01   1.000000000000000E+05
  3.561432609225414E-01   2.761537048199773E-01  -2.420251594890495E-01   1.000000000000000E+05
  3.475372245581841E-01   3.021539355166542E-01  -2.339189721169944E-01   1.000000000000000E+05
  3.383452673734202E-01   3.272236393485279E-01  -2.247462326416469E-01   1.000000000000000E+05
  3.290180183766050E-01   3.512730207678885E-01  -2.143333438262973E-01   1.000000000000000E+05
  3.201355552659456E-01   3.741504372770157E-01  -2.024604778670186E-01   1.000000000000000E+05
  3.123838943846551E-01   3.956345838001935E-01  -1.888675300982971E-01   1.000000000000000E+05
  3.065246049594442E-01   4.154340846602200E-01  -1.732654305389576E-01   1.000000000000000E+05
  3.033591686633776E-01   4.331949529456441E-01  -1.553525572858996E-01   1.000000000000000E+05
  3.036900141099998E-01   4.485157643146575E-01  -1.348355739080763E-01   1.000000000000000E+05
  3.082803487141577E-01   4.609697763450109E-01  -1.114536139167209E-01   1.000000000000000E+05
  3.178149767654915E-01   4.701326506025379E-01  -8.500438956953062E-02   1.000000000000000E+05
  3.328642298232862E-01   4.756139454236703E-01  -5.537053755150768E-02   1.000000000000000E+05
  3.538529489594576E-01   4.770901802387306E-01  -2.254435359738126E-02   1.000000000000000E+05
  3.810361608506010E-01   4.743370561320315E-01   1.335097149097789E-02   1.000000000000000E+05
  4.144827008291389E-01   4.672583709016582E-01   5.204541197855435E-02   1.000000000000000E+05
  4.540675806664654E-01   4.559092970001442E-01   9.311304141344642E-02   1.000000000000000E+05
  4.994734056722824E-01   4.405119918379073E-01   1.359710786306384E-01   1.000000000000000E+05
  5.502006450477620E-01   4.214619642724589E-01   1.798878400741621E-01   1.000000000000000E+05
  6.055860815543708E-01   3.993241998800964E-01   2.239998722000106E-01   1.000000000000000E+05
  6.648283395988344E-01   3.748187128298422E-01   2.673379708930280E-01   1.000000000000000E+05
  7.270190390952269E-01   3.487958992421472E-01   3.088612176785608E-01   1.000000000000000E+05
  7.911778649504669E-01   3.222027676147047E-01   3.474976126689790E-01   1.000000000000000E+05
  8.562896913342916E-01   2.960417677492306E-01   3.821893987024410E-01   1.000000000000000E+05
  9.213418615929515E-01   2.713244852073464E-01   4.119407839636211E-01   1.000000000000000E+05
  9.853597970750348E-01   2.490228745031948E-01   4.358655100479325E-01   1.000000000000000E+05
  1.047439282663324E+00   2.300209408687221E-01   4.532316000073487E-01   1.000000000000000E+05
  1.106774038685945E+00   2.150698285596905E-01   4.635006684365928E-01   1.000000000000000E+05
  1.162677518328959E+00   2.047491269693706E-01   4.663593851425268E-01   1.000000000000000E+05
  1.214598243336215E+00   1.994368711142676E-01   4.617410470390355E-01   1.000000000000000E+05
  1.262128383389092E+00   1.992902100132890E-01   4.498357112427180E-01   1.000000000000000E+05
  1.305005670659025E+00   2.042380763676758E-01   4.310879484959012E-01   1.000000000000000E+05
  1.343109096694645E+00   2.139864546162684E-01   4.061819551737424E-01   1.000000000000000E+05
  1.376449143196843E+00   2.280360596312870E-01   3.760144740985323E-01   1.000000000000000E+05
  1.405153534878671E+00   2.457114564835907E-01   3.416566762354244E-01   1.000000000000000E+05
  1.429449660368856E+00   2.661999245465562E-01   3.043068040307098E-01   1.000000000000000E+05
  1.449644880762757E+00   2.885977451885791E-01   2.652359322788274E-01   1.000000000000000E+05
  1.466105935751021E+00   3.119611133594826E-01   2.257296288287116E-01   1.000000000000000E+05
  1.479238570803119E+00   3.353585720433630E-01   1.870285675769571E-01   1.000000000000000E+05
  1.489468357240044E+00   3.579217657286811E-01   1.502712418358219E-01   1.000000000000000E+05
  1.497223475808297E+00   3.788914125323471E-01   1.164418397145571E-01   1.000000000000000E+05
  1.502920001909460E+00   3.976556985194765E-01   8.632607819627758E-02   1.000000000000000E+05
  1.506949986573258E+00   4.137787828505516E-01   6.047736373878933E-02   1.000000000000000E+05
  1.509672390996642E+00   4.270177373275851E-01   3.919507925103052E-02   1.000000000000000E+05
  1.511406721754121E+00   4.373269873278168E-01   2.251612362303172E-02   1.000000000000000E+05
  1.512429043417634E+00   4.448501243446628E-01   1.022009062081388E-02   1.000000000000000E+05
  1.512969926134168E+00   4.498997706927701E-01   1.847712983479674E-03   1.000000000000000E+05
  1.513213823841608E+00   4.529269411467648E-01  -3.268539617406889E-03   1.000000000000000E+05
  1.513299375386780E+00   4.544820141821350E-01  -5.963489597359092E-03   1.000000000000000E+05
  1.513320172012490E+00   4.551699532849963E-01  -7.190250516873400E-03   1.000000000000000E+05
  1.513325632146414E+00   4.556027720430336E-01  -7.965961304344248E-03   1.000000000000000E+05
  1.513321756053119E+00   4.563523926088494E-01  -9.315278588907818E-03   1.000000000000000E+05
  1.513271683916582E+00   4.579069959823730E-01  -1.221472979293145E-02   1.000000000000000E+05
  1.513271683916582E+00   4.579069959823731E-01  -1.221472979293146E-02   0.000000000000000E+00 1 CurveXYZFourier1 
  5.116831007945936E-01   1.607857091539577E+00   2.057643589840550E-01   2.049619118358387E+05
  5.118224870466376E-01   1.608304231796615E+00   2.043665681330921E-01   2.049619118358387E+05
  5.120113388452279E-01   1.608937825324715E+00   2.023033726735605E-01   2.049619118358387E+05
  5.122913168912796E-01   1.609865439716242E+00   1.990165978472896E-01   2.049619118358387E+05
  5.127005465664560E-01   1.611149474109810E+00   1.940061670120277E-01   2.049619118358387E+05
  5.132718596226985E-01   1.612808146443087E+00   1.868477782105458E-01   2.049619118358387E+05
  5.140317983547210E-01   1.614816605299018E+00   1.772051040352531E-01   2.049619118358387E+05
  5.150002801227952E-01   1.617108053657654E+00   1.648361695768236E-01   2.049619118358387E+05
  5.161907378860262E-01   1.619574876517212E+00   1.495939659182717E-01   2.049619118358387E+05
  5.176104932690266E-01   1.622069864964121E+00   1.314217426194483E-01   2.049619118358387E+05
  5.192610883907990E-01   1.624407715580144E+00   1.103437656315740E-01   2.049619118358387E+05
  5.211383044740016E-01   1.626367047151084E+00   8.645260407975799E-02   2.049619118358387E+05
  5.232316295467223E-01   1.627693209627333E+00   5.989420220428084E-02   2.049619118358387E+05
  5.255230018848510E-01   1.628102158941532E+00   3.085208939025357E-02   2.049619118358387E+05
  5.279847450383228E-01   1.627285634342006E+00  -4.679235524187343E-04   2.049619118358387E+05
  5.305767168167453E-01   1.624917804171262E+00  -3.385131787304246E-02   2.049619118358387E+05
  5.332428091884338E-01   1.620663446296828E+00  -6.908566072518836E-02   2.049619118358387E+05
  5.359070483320783E-01   1.614187608100434E+00  -1.059678396265401E-01   2.049619118358387E+05
  5.384696434987626E-01   1.605166557533980E+00  -1.443072819659727E-01   2.049619118358387E+05
  5.408034099369960E-01   1.593299702092453E+00  -1.839250583916289E-01   2.049619118358387E+05
  5.427510363856977E-01   1.578322027993709E+00  -2.246491272193956E-01   2.049619118358387E+05
  5.441236751979599E-01   1.560016508395518E+00  -2.663063127381216E-01   2.049619118358387E+05
  5.447012994189995E-01   1.538225856903605E+00  -3.087118986987487E-01   2.049619118358387E+05
  5.442351956377260E-01   1.512862968706039E+00  -3.516579380632346E-01   2.049619118358387E+05
  5.424528469902445E-01   1.483919401531084E+00  -3.949015149208134E-01   2.049619118358387E+05
  5.390653133524965E-01   1.451471304275251E+00  -4.381542341299750E-01   2.049619118358387E+05
  5.337770444365803E-01   1.415682301243402E+00  -4.810741553216079E-01   2.049619118358387E+05
  5.262978774475975E-01   1.376802979797884E+00  -5.232612340806622E-01   2.049619118358387E+05
  5.163567869975224E-01   1.335166801054147E+00  -5.642570949051425E-01   2.049619118358387E+05
  5.037167846454057E-01   1.291182446707085E+00  -6.035496544999318E-01   2.049619118358387E+05
  4.881902220172287E-01   1.245322817826272E+00  -6.405827616003584E-01   2.049619118358387E+05
  4.696536470011884E-01   1.198111100136705E+00  -6.747706457569417E-01   2.049619118358387E+05
  4.480613069161929E-01   1.150104491369500E+00  -7.055165989428874E-01   2.049619118358387E+05
  4.234563927772874E-01   1.101876336996888E+00  -7.322349768743750E-01   2.049619118358387E+05
  3.959791782520495E-01   1.053997530058387E+00  -7.543753259229156E-01   2.049619118358387E+05
  3.658713251173099E-01   1.007018090383721E+00  -7.714472370566882E-01   2.049619118358387E+05
  3.334757994532753E-01   9.614498430588135E-01  -7.830444157735410E-01   2.049619118358387E+05
  2.992320610505372E-01   9.177510638279729E-01  -7.888664455817294E-01   2.049619118358387E+05
  2.636664407195121E-01   8.763138524586799E-01  -7.887368143886717E-01   2.049619118358387E+05
  2.273778917974228E-01   8.374548398355175E-01  -7.826159631869848E-01   2.049619118358387E+05
  1.910195767024158E-01   8.014096400185582E-01  -7.706083928866286E-01   2.049619118358387E+05
  1.552770096273498E-01   7.683312368399963E-01  -7.529632102242638E-01   2.049619118358387E+05
  1.208437054417886E-01   7.382922599951488E-01  -7.300678847759057E-01   2.049619118358387E+05
  8.839546705949461E-02   7.112908732771348E-01  -7.024354003404734E-01   2.049619118358387E+05
  5.856456590655085E-02   6.872597829394816E-01  -6.706853879999171E-01   2.049619118358387E+05
  3.191512308432407E-02   6.660776914937301E-01  -6.355201980391068E-01   2.049619118358387E+05
  8.920976883125625E-03   6.475823839262999E-01  -5.976971789119541E-01   2.049619118358387E+05
 -1.005277542765493E-02   6.315845488651526E-01  -5.579986627955364E-01   2.049619118358387E+05
 -2.476354327595967E-02   6.178814126178737E-01  -5.172012935727708E-01   2.049619118358387E+05
 -3.509953082570964E-02   6.062693012224022E-01  -4.760463653377247E-01   2.049619118358387E+05
 -4.108204630189066E-02   5.965543425070700E-01  -4.352127657695394E-01   2.049619118358387E+05
 -4.286165039624630E-02   5.885606703780103E-01  -3.952939441737178E-01   2.049619118358387E+05
 -4.070829675928143E-02   5.821356871723889E-01  -3.567800606383302E-01   2.049619118358387E+05
 -3.499594930667606E-02   5.771521639082231E-01  -3.200461385509704E-01   2.049619118358387E+05
 -2.618246937619468E-02   5.735071973923225E-01  -2.853466603376934E-01   2.049619118358387E+05
 -1.478583190274633E-02   5.711182809909605E-01  -2.528166415328234E-01   2.049619118358387E+05
 -1.357937333303519E-03   5.699169659108866E-01  -2.224788183495529E-01   2.049619118358387E+05
  1.354257800174258E-02   5.698407766069133E-01  -1.942562154715252E-01   2.049619118358387E+05
  2.937707462136371E-02   5.708241840560184E-01  -1.679890481629065E-01   2.049619118358387E+05
  4.565175570122253E-02   5.727895237841792E-01  -1.434546763330776E-01   2.049619118358387E+05
  6.193930719944247E-02   5.756387651439491E-01  -1.203891828381087E-01   2.049619118358387E+05
  7.789620133122233E-02   5.792469921259815E-01  -9.850910260598347E-02   2.049619118358387E+05
  9.327478566243169E-02   5.834583461243705E-01  -7.753188473242022E-02   2.049619118358387E+05
  1.079295836902527E-01   5.880850141175086E-01  -5.719382107537624E-02   2.049619118358387E+05
  1.218175685379264E-01   5.929096322111186E-01  -3.726441002945049E-02   2.049619118358387E+05
  1.349925191439982E-01   5.976912282769279E-01  -1.755642529546619E-02   2.049619118358387E+05
  1.475939071971259E-01   6.021745647948643E-01   2.068695684452240E-03   2.049619118358387E+05
  1.598310727730990E-01   6.061024816163236E-01   2.170016552744913E-02   2.049619118358387E+05
  1.719637087495706E-01   6.092305960539625E-01   4.138152910056134E-02   2.049619118358387E+05
  1.842798731911835E-01   6.113435113176121E-01   6.111805770055666E-02   2.049619118358387E+05
  1.970728735569926E-01   6.122715285749765E-01   8.088693242526915E-02   2.049619118358387E+05
  2.106184099824340E-01   6.119067644066432E-01   1.006491025082593E-01   2.049619118358387E+05
  2.251533252818812E-01   6.102175518003812E-01   1.203616012530428E-01   2.049619118358387E+05
  2.408571900843689E-01   6.072600522605370E-01   1.399890942770507E-01   2.049619118358387E+05
  2.578377609078033E-01   6.031861275280156E-01   1.595135220784571E-01   2.049619118358387E+05
  2.761210995615297E-01   5.982467055667926E-01   1.789408746002299E-01   2.049619118358387E+05
  2.956468500888478E-01   5.927901163087218E-01   1.983043862152334E-01   2.049619118358387E+05
  3.162688529976950E-01   5.872551539274072E-01   2.176637466678847E-01   2.049619118358387E+05
  3.377609554967017E-01   5.821589271291855E-01   2.371002641292022E-01   2.049619118358387E+05
  3.598275705525660E-01   5.780798684072208E-01   2.567082652970137E-01   2.049619118358387E+05
  3.821182652467775E-01   5.756365682078667E-01   2.765833483454954E-01   2.049619118358387E+05
  4.042454361565418E-01   5.754633620445841E-01   2.968083925987468E-01   2.049619118358387E+05
  4.258039689478902E-01   5.781838112217819E-01   3.174384521105929E-01   2.049619118358387E+05
  4.463916895432907E-01   5.843833674411167E-01   3.384858014337109E-01   2.049619118358387E+05
  4.656293990010282E-01   5.945825884545159E-01   3.599064490970386E-01   2.049619118358387E+05
  4.831793427390573E-01   6.092122708785540E-01   3.815893826731276E-01   2.049619118358387E+05
  4.987610914490829E-01   6.285917868823726E-01   4.033496608498474E-01   2.049619118358387E+05
  5.121639962966998E-01   6.529117581278296E-01   4.249262316261022E-01   2.049619118358387E+05
  5.232556116403837E-01   6.822219820412322E-01   4.459850470092165E-01   2.049619118358387E+05
  5.319857388281251E-01   7.164252551585972E-01   4.661276841293152E-01   2.049619118358387E+05
  5.383860174707156E-01   7.552774319681023E-01   4.849052951654970E-01   2.049619118358387E+05
  5.425652584397403E-01   7.983937335314351E-01   5.018373208030145E-01   2.049619118358387E+05
  5.447009590052612E-01   8.452609973005646E-01   5.164340413932539E-01   2.049619118358387E+05
  5.450276502036849E-01   8.952552567931209E-01   5.282217323339660E-01   2.049619118358387E+05
  5.438228877025045E-01   9.476637745380665E-01   5.367689578677343E-01   2.049619118358387E+05
  5.413918016126253E-01   1.001710438823571E+00   5.417123980457336E-01   2.049619118358387E+05
  5.380511633763023E-01   1.056583285720785E+00   5.427805683914296E-01   2.049619118358387E+05
  5.341139086798892E-01   1.111462829981780E+00   5.398138651947161E-01   2.049619118358387E+05
  5.298749780244335E-01   1.165549884594957E+00   5.327795483808402E-01   2.049619118358387E+05
  5.255992085523067E-01   1.218091617321004E+00   5.217805483254477E-01   2.049619118358387E+05
  5.215118424838007E-01   1.268404727337622E+00   5.070573360487782E-01   2.049619118358387E+05
  5.177920218604185E-01   1.315894816198338E+00   4.889825056617159E-01   2.049619118358387E+05
  5.145694303664011E-01   1.360071261488562E+00   4.680481574943324E-01   2.049619118358387E+05
  5.119240352938088E-01   1.400557163410798E+00   4.448466115063980E-01   2.049619118358387E+05
  5.098886900549888E-01   1.437094207410477E+00   4.200453945201105E-01   2.049619118358387E+05
  5.084541922633667E-01   1.469542553119366E+00   3.943578043029554E-01   2.049619118358387E+05
  5.075762641463165E-01   1.497876105583541E+00   3.685106347941338E-01   2.049619118358387E+05
  5.071838377766024E-01   1.522173735175752E+00   3.432108311110955E-01   2.049619118358387E+05
  5.071879907933553E-01   1.542607176807509E+00   3.191129180335664E-01   2.049619118358387E+05
  5.074908889089601E-01   1.559426449545378E+00   2.967890062665783E-01   2.049619118358387E+05
  5.079941461634376E-01   1.572943690823854E+00   2.767030293003899E-01   2.049619118358387E+05
  5.086061061727601E-01   1.583516295403407E+00   2.591906098740252E-01   2.049619118358387E+05
  5.092476686520080E-01   1.591530192101239E+00   2.444456154089550E-01   2.049619118358387E+05
  5.098564246903561E-01   1.597383988546150E+00   2.325140584373707E-01   2.049619118358387E+05
  5.103890101453310E-01   1.601474575929615E+00   2.232955572716717E-01   2.049619118358387E+05
  5.108217276441784E-01   1.604184624013871E+00   2.165521225844073E-01   2.049619118358387E+05
  5.111496134297575E-01   1.605872224581188E+00   2.119236062704595E-01   2.049619118358387E+05
  5.113842267060581E-01   1.606862772160720E+00   2.089487675156161E-01   2.049619118358387E+05
  5.115505095391281E-01   1.607443016427523E+00   2.070906016118015E-01   2.049619118358387E+05
  5.116831007945936E-01   1.607857091539577E+00   2.057643589840549E-01   2.049619118358387E+05
  5.116831007945936E-01   1.607857091539577E+00   2.057643589840550E-01   0.000000000000000E+00 2 CurveXYZFourier2 
  1.513271683916582E+00  -4.579069959823731E-01   1.221472979293146E-02  -1.000000000000000E+05
  1.513096135093845E+00  -4.606337085224682E-01   1.754092839664701E-02  -1.000000000000000E+05
  1.512673947344058E+00  -4.647500297907486E-01   2.602537890953689E-02  -1.000000000000000E+05
  1.511843047803670E+00  -4.703058121564026E-01   3.821817137720617E-02  -1.000000000000000E+05
  1.510402259898350E+00  -4.771768927010871E-01   5.446231175715260E-02  -1.000000000000000E+05
  1.508114373391153E+00  -4.850707005359522E-01   7.487979061151569E-02  -1.000000000000000E+05
  1.504710873849011E+00  -4.935433696599402E-01   9.936979873109586E-02  -1.000000000000000E+05
  1.499898643222689E+00  -5.020271317284029E-01   1.276187973886262E-01  -1.000000000000000E+05
  1.493368810055768E+00  -5.098660945897683E-01   1.591214854670999E-01  -1.000000000000000E+05
  1.484807755629448E+00  -5.163579751057414E-01   1.932111152589749E-01  -1.000000000000000E+05
  1.473910084471354E+00  -5.207989834827228E-01   2.290971273539449E-01  -1.000000000000000E+05
  1.460393160263174E+00  -5.225288746520482E-01   2.659077292558236E-01  -1.000000000000000E+05
  1.444012608988639E+00  -5.209732008146449E-01   3.027348496285380E-01  -1.000000000000000E+05
  1.424578018064930E+00  -5.156800152568282E-01   3.386788677706031E-01  -1.000000000000000E+05
  1.401967929847927E+00  -5.063486748349650E-01   3.728906431572437E-01  -1.000000000000000E+05
  1.376143154344615E+00  -4.928489389112993E-01   4.046086398731732E-01  -1.000000000000000E+05
  1.347157419461368E+00  -4.752292276822920E-01   4.331893338396931E-01  -1.000000000000000E+05
  1.315164443198404E+00  -4.537136370002875E-01   4.581295780262940E-01  -1.000000000000000E+05
  1.280420651081021E+00  -4.286880598704232E-01   4.790801482473431E-01  -1.000000000000000E+05
  1.243282968475479E+00  -4.006764858508468E-01   4.958502627602052E-01  -1.000000000000000E+05
  1.204201380609892E+00  -3.703091902281231E-01   5.084034254412271E-01  -1.000000000000000E+05
  1.163706257701845E+00  -3.382850425741111E-01   5.168454496807641E-01  -1.000000000000000E+05
  1.122390769395302E+00  -3.053305253205117E-01   5.214059475588296E-01  -1.000000000000000E+05
  1.080889040021759E+00  -2.721582344692266E-01   5.224148919051154E-01  -1.000000000000000E+05
  1.039851001281708E+00  -2.394276260757099E-01   5.202760608486904E-01  -1.000000000000000E+05
  9.999151596125395E-01  -2.077105763293288E-01   5.154392474305279E-01  -1.000000000000000E+05
  9.616806917541489E-01  -1.774639553051133E-01   5.083730617508168E-01  -1.000000000000000E+05
  9.256803974865272E-01  -1.490109017815552E-01   4.995399795463820E-01  -1.000000000000000E+05
  8.923560617657099E-01  -1.225318655825929E-01   4.893750163520501E-01  -1.000000000000000E+05
  8.620377039827711E-01  -9.806579845338330E-02   4.782690540997468E-01  -1.000000000000000E+05
  8.349280207272203E-01  -7.552117227072563E-02   4.665574452304848E-01  -1.000000000000000E+05
  8.110930677514739E-01  -5.469583285938624E-02   4.545140986014223E-01  -1.000000000000000E+05
  7.904598905738425E-01  -3.530410461734074E-02   4.423508423059325E-01  -1.000000000000000E+05
  7.728214205946820E-01  -1.700908553367162E-02   4.302214896457506E-01  -1.000000000000000E+05
  7.578485283497818E-01   5.422545104468643E-04   4.182297305968954E-01  -1.000000000000000E+05
  7.451086940637081E-01   1.768371617561727E-02   4.064397512843228E-01  -1.000000000000000E+05
  7.340903456203747E-01   3.469677609097162E-02   3.948883604968790E-01  -1.000000000000000E+05
  7.242315523883668E-01   5.178208071267214E-02   3.835973798972807E-01  -1.000000000000000E+05
  7.149514744793594E-01   6.903749792158920E-02   3.725851304277528E-01  -1.000000000000000E+05
  7.056827712533373E-01   8.644420691224858E-02   3.618760113691256E-01  -1.000000000000000E+05
  6.959030848708917E-01   1.038617212249857E-01   3.515074041766729E-01  -1.000000000000000E+05
  6.851637423839703E-01   1.210320992334998E-01   3.415334192726857E-01  -1.000000000000000E+05
  6.731139638460640E-01   1.375929465553115E-01   3.320253159046277E-01  -1.000000000000000E+05
  6.595191172693823E-01   1.530982014502242E-01   3.230687371746149E-01  -1.000000000000000E+05
  6.442719098064768E-01   1.670451600600263E-01   3.147581893012830E-01  -1.000000000000000E+05
  6.273958277286782E-01   1.789057800896385E-01   3.071894335696374E-01  -1.000000000000000E+05
  6.090406098946632E-01   1.881600274806663E-01   3.004506330033859E-01  -1.000000000000000E+05
  5.894700311730899E-01   1.943289185756938E-01   2.946131908981483E-01  -1.000000000000000E+05
  5.690427527291496E-01   1.970049663739783E-01   2.897232288120945E-01  -1.000000000000000E+05
  5.481874345284681E-01   1.958779579049531E-01   2.857945781337294E-01  -1.000000000000000E+05
  5.273736734716722E-01   1.907543531661840E-01   2.828040093942005E-01  -1.000000000000000E+05
  5.070806040348078E-01   1.815690769637162E-01   2.806892106268844E-01  -1.000000000000000E+05
  4.877651587248497E-01   1.683890376551143E-01   2.793497688607131E-01  -1.000000000000000E+05
  4.698320216755479E-01   1.514083099409862E-01   2.786511293406552E-01  -1.000000000000000E+05
  4.536072167618562E-01   1.309355185777623E-01   2.784312291406896E-01  -1.000000000000000E+05
  4.393170563027263E-01   1.073745128265211E-01   2.785092491992956E-01  -1.000000000000000E+05
  4.270738502716989E-01   8.119988787849677E-02   2.786957232064134E-01  -1.000000000000000E+05
  4.168693586352177E-01   5.292925614373416E-02   2.788031012352400E-01  -1.000000000000000E+05
  4.085764866386972E-01   2.309437372251376E-02   2.786558034180031E-01  -1.000000000000000E+05
  4.019592045543977E-01  -7.786728272739775E-03   2.780988209752305E-01  -1.000000000000000E+05
  3.966901520315334E-01  -3.923457395434088E-02   2.770040283856802E-01  -1.000000000000000E+05
  3.923748955622927E-01  -7.082826802666697E-02   2.752735544193834E-01  -1.000000000000000E+05
  3.885813767875057E-01  -1.022193477717789E-01   2.728398077206791E-01  -1.000000000000000E+05
  3.848727467825047E-01  -1.331385919613436E-01   2.696620457234424E-01  -1.000000000000000E+05
  3.808415489770889E-01  -1.633954795137877E-01   2.657196909174667E-01  -1.000000000000000E+05
  3.761431059739104E-01  -1.928705750241941E-01   2.610029104918461E-01  -1.000000000000000E+05
  3.705259903820873E-01  -2.215016808493384E-01   2.555012583219824E-01  -1.000000000000000E+05
  3.638576157069408E-01  -2.492650941673628E-01   2.491914078246942E-01  -1.000000000000000E+05
  3.561432609225414E-01  -2.761537048199773E-01   2.420251594890495E-01  -1.000000000000000E+05
  3.475372245581841E-01  -3.021539355166542E-01   2.339189721169944E-01  -1.000000000000000E+05
  3.383452673734202E-01  -3.272236393485279E-01   2.247462326416469E-01  -1.000000000000000E+05
  3.290180183766050E-01  -3.512730207678885E-01   2.143333438262973E-01  -1.000000000000000E+05
  3.201355552659456E-01  -3.741504372770157E-01   2.024604778670186E-01  -1.000000000000000E+05
  3.123838943846551E-01  -3.956345838001935E-01   1.888675300982971E-01  -1.000000000000000E+05
  3.065246049594442E-01  -4.154340846602200E-01   1.732654305389576E-01  -1.000000000000000E+05
  3.033591686633776E-01  -4.331949529456441E-01   1.553525572858996E-01  -1.000000000000000E+05
  3.036900141099998E-01  -4.485157643146575E-01   1.348355739080763E-01  -1.000000000000000E+05
  3.082803487141577E-01  -4.609697763450109E-01   1.114536139167209E-01  -1.000000000000000E+05
  3.178149767654915E-01  -4.701326506025379E-01   8.500438956953062E-02  -1.000000000000000E+05
  3.328642298232862E-01  -4.756139454236703E-01   5.537053755150768E-02  -1.000000000000000E+05
  3.538529489594576E-01  -4.770901802387306E-01   2.254435359738126E-02  -1.000000000000000E+05
  3.810361608506010E-01  -4.743370561320315E-01  -1.335097149097789E-02  -1.000000000000000E+05
  4.144827008291389E-01  -4.672583709016582E-01  -5.204541197855435E-02  -1.000000000000000E+05
  4.540675806664654E-01  -4.559092970001442E-01  -9.311304141344642E-02  -1.000000000000000E+05
  4.994734056722824E-01  -4.405119918379073E-01  -1.359710786306384E-01  -1.000000000000000E+05
  5.502006450477620E-01  -4.214619642724589E-01  -1.798878400741621E-01  -1.000000000000000E+05
  6.055860815543708E-01  -3.993241998800964E-01  -2.239998722000106E-01  -1.000000000000000E+05
  6.648283395988344E-01  -3.748187128298422E-01  -2.673379708930280E-01  -1.000000000000000E+05
  7.270190390952269E-01  -3.487958992421472E-01  -3.088612176785608E-01  -1.000000000000000E+05
  7.911778649504669E-01  -3.222027676147047E-01  -3.474976126689790E-01  -1.000000000000000E+05
  8.562896913342916E-01  -2.960417677492306E-01  -3.821893987024410E-01  -1.000000000000000E+05
  9.213418615929515E-01  -2.713244852073464E-01  -4.119407839636211E-01  -1.000000000000000E+05
  9.853597970750348E-01  -2.490228745031948E-01  -4.358655100479325E-01  -1.000000000000000E+05
  1.047439282663324E+00  -2.300209408687221E-01  -4.532316000073487E-01  -1.000000000000000E+05
  1.106774038685945E+00  -2.150698285596905E-01  -4.635006684365928E-01  -1.000000000000000E+05
  1.162677518328959E+00  -2.047491269693706E-01  -4.663593851425268E-01  -1.000000000000000E+05
  1.214598243336215E+00  -1.994368711142676E-01  -4.617410470390355E-01  -1.000000000000000E+05
  1.262128383389092E+00  -1.992902100132890E-01  -4.498357112427180E-01  -1.000000000000000E+05
  1.305005670659025E+00  -2.042380763676758E-01  -4.310879484959012E-01  -1.000000000000000E+05
  1.343109096694645E+00  -2.139864546162684E-01  -4.061819551737424E-01  -1.000000000000000E+05
  1.376449143196843E+00  -2.280360596312870E-01  -3.760144740985323E-01  -1.000000000000000E+05
  1.405153534878671E+00  -2.457114564835907E-01  -3.416566762354244E-01  -1.000000000000000E+05
  1.429449660368856E+00  -2.661999245465562E-01  -3.043068040307098E-01  -1.000000000000000E+05
  1.449644880762757E+00  -2.885977451885791E-01  -2.652359322788274E-01  -1.000000000000000E+05
  1.466105935751021E+00  -3.119611133594826E-01  -2.257296288287116E-01  -1.000000000000000E+05
  1.479238570803119E+00  -3.353585720433630E-01  -1.870285675769571E-01  -1.000000000000000E+05
  1.489468357240044E+00  -3.579217657286811E-01  -1.502712418358219E-01  -1.000000000000000E+05
  1.497223475808297E+00  -3.788914125323471E-01  -1.164418397145571E-01  -1.000000000000000E+05
  1.502920001909460E+00  -3.976556985194765E-01  -8.632607819627758E-02  -1.000000000000000E+05
  1.506949986573258E+00  -4.137787828505516E-01  -6.047736373878933E-02  -1.000000000000000E+05
  1.509672390996642E+00  -4.270177373275851E-01  -3.919507925103052E-02  -1.000000000000000E+05
  1.511406721754121E+00  -4.373269873278168E-01  -2.251612362303172E-02  -1.000000000000000E+05
  1.512429043417634E+00  -4.448501243446628E-01  -1.022009062081388E-02  -1.000000000000000E+05
  1.512969926134168E+00  -4.498997706927701E-01  -1.847712983479674E-03  -1.000000000000000E+05
  1.513213823841608E+00  -4.529269411467648E-01   3.268539617406889E-03  -1.000000000000000E+05
  1.513299375386780E+00  -4.544820141821350E-01   5.963489597359092E-03  -1.000000000000000E+05
  1.513320172012490E+00  -4.551699532849963E-01   7.190250516873400E-03  -1.000000000000000E+05
  1.513325632146414E+00  -4.556027720430336E-01   7.965961304344248E-03  -1.000000000000000E+05
  1.513321756053119E+00  -4.563523926088494E-01   9.315278588907818E-03  -1.000000000000000E+05
  1.513271683916582E+00  -4.579069959823730E-01   1.221472979293145E-02  -1.000000000000000E+05
  1.513271683916582E+00  -4.579069959823731E-01   1.221472979293146E-02   0.000000000000000E+00 3 RotatedCurve10 
  5.116831007945936E-01  -1.607857091539577E+00  -2.057643589840550E-01  -2.049619118358387E+05
  5.118224870466376E-01  -1.608304231796615E+00  -2.043665681330921E-01  -2.049619118358387E+05
  5.120113388452279E-01  -1.608937825324715E+00  -2.023033726735605E-01  -2.049619118358387E+05
  5.122913168912796E-01  -1.609865439716242E+00  -1.990165978472896E-01  -2.049619118358387E+05
  5.127005465664560E-01  -1.611149474109810E+00  -1.940061670120277E-01  -2.049619118358387E+05
  5.132718596226985E-01  -1.612808146443087E+00  -1.868477782105458E-01  -2.049619118358387E+05
  5.140317983547210E-01  -1.614816605299018E+00  -1.772051040352531E-01  -2.049619118358387E+05
  5.150002801227952E-01  -1.617108053657654E+00  -1.648361695768236E-01  -2.049619118358387E+05
  5.161907378860262E-01  -1.619574876517212E+00  -1.495939659182717E-01  -2.049619118358387E+05
  5.176104932690266E-01  -1.622069864964121E+00  -1.314217426194483E-01  -2.049619118358387E+05
  5.192610883907990E-01  -1.624407715580144E+00  -1.103437656315740E-01  -2.049619118358387E+05
  5.211383044740016E-01  -1.626367047151084E+00  -8.645260407975799E-02  -2.049619118358387E+05
  5.232316295467223E-01  -1.627693209627333E+00  -5.989420220428084E-02  -2.049619118358387E+05
  5.255230018848510E-01  -1.628102158941532E+00  -3.085208939025357E-02  -2.049619118358387E+05
  5.279847450383228E-01  -1.627285634342006E+00   4.679235524187343E-04  -2.049619118358387E+05
  5.305767168167453E-01  -1.624917804171262E+00   3.385131787304246E-02  -2.049619118358387E+05
  5.332428091884338E-01  -1.620663446296828E+00   6.908566072518836E-02  -2.049619118358387E+05
  5.359070483320783E-01  -1.614187608100434E+00   1.059678396265401E-01  -2.049619118358387E+05
  5.384696434987626E-01  -1.605166557533980E+00   1.443072819659727E-01  -2.049619118358387E+05
  5.408034099369960E-01  -1.593299702092453E+00   1.839250583916289E-01  -2.049619118358387E+05
  5.427510363856977E-01  -1.578322027993709E+00   2.246491272193956E-01  -2.049619118358387E+05
  5.441236751979599E-01  -1.560016508395518E+00   2.663063127381216E-01  -2.049619118358387E+05
  5.447012994189995E-01  -1.538225856903605E+00   3.087118986987487E-01  -2.049619118358387E+05
  5.442351956377260E-01  -1.512862968706039E+00   3.516579380632346E-01  -2.049619118358387E+05
  5.424528469902445E-01  -1.483919401531084E+00   3.949015149208134E-01  -2.049619118358387E+05
  5.390653133524965E-01  -1.451471304275251E+00   4.381542341299750E-01  -2.049619118358387E+05
  5.337770444365803E-01  -1.415682301243402E+00   4.810741553216079E-01  -2.049619118358387E+05
  5.262978774475975E-01  -1.376802979797884E+00   5.232612340806622E-01  -2.049619118358387E+05
  5.163567869975224E-01  -1.335166801054147E+00   5.642570949051425E-01  -2.049619118358387E+05
  5.037167846454057E-01  -1.291182446707085E+00   6.035496544999318E-01  -2.049619118358387E+05
  4.881902220172287E-01  -1.245322817826272E+00   6.405827616003584E-01  -2.049619118358387E+05
  4.696536470011884E-01  -1.198111100136705E+00   6.747706457569417E-01  -2.049619118358387E+05
  4.480613069161929E-01  -1.150104491369500E+00   7.055165989428874E-01  -2.049619118358387E+05
  4.234563927772874E-01  -1.101876336996888E+00   7.322349768743750E-01  -2.049619118358387E+05
  3.959791782520495E-01  -1.053997530058387E+00   7.543753259229156E-01  -2.049619118358387E+05
  3.658713251173099E-01  -1.007018090383721E+00   7.714472370566882E-01  -2.049619118358387E+05
  3.334757994532753E-01  -9.614498430588135E-01   7.830444157735410E-01  -2.049619118358387E+05
  2.992320610505372E-01  -9.177510638279729E-01   7.888664455817294E-01  -2.049619118358387E+05
  2.636664407195121E-01  -8.763138524586799E-01   7.887368143886717E-01  -2.049619118358387E+05
  2.273778917974228E-01  -8.374548398355175E-01   7.826159631869848E-01  -2.049619118358387E+05
  1.910195767024158E-01  -8.014096400185582E-01   7.706083928866286E-01  -2.049619118358387E+05
  1.552770096273498E-01  -7.683312368399963E-01   7.529632102242638E-01  -2.049619118358387E+05
  1.208437054417886E-01  -7.382922599951488E-01   7.300678847759057E-01  -2.049619118358387E+05
  8.839546705949461E-02  -7.112908732771348E-01   7.024354003404734E-01  -2.049619118358387E+05
  5.856456590655085E-02  -6.872597829394816E-01   6.706853879999171E-01  -2.049619118358387E+05
  3.191512308432407E-02  -6.660776914937301E-01   6.355201980391068E-01  -2.049619118358387E+05
  8.920976883125625E-03  -6.475823839262999E-01   5.976971789119541E-01  -2.049619118358387E+05
 -1.005277542765493E-02  -6.315845488651526E-01   5.579986627955364E-01  -2.049619118358387E+05
 -2.476354327595967E-02  -6.178814126178737E-01   5.172012935727708E-01  -2.049619118358387E+05
 -3.509953082570964E-02  -6.062693012224022E-01   4.760463653377247E-01  -2.049619118358387E+05
 -4.108204630189066E-02  -5.965543425070700E-01   4.352127657695394E-01  -2.049619118358387E+05
 -4.286165039624630E-02  -5.885606703780103E-01   3.952939441737178E-01  -2.049619118358387E+05
 -4.070829675928143E-02  -5.821356871723889E-01   3.567800606383302E-01  -2.049619118358387E+05
 -3.499594930667606E-02  -5.771521639082231E-01   3.200461385509704E-01  -2.049619118358387E+05
 -2.618246937619468E-02  -5.735071973923225E-01   2.853466603376934E-01  -2.049619118358387E+05
 -1.478583190274633E-02  -5.711182809909605E-01   2.528166415328234E-01  -2.049619118358387E+05
 -1.357937333303519E-03  -5.699169659108866E-01   2.224788183495529E-01  -2.049619118358387E+05
  1.354257800174258E-02  -5.698407766069133E-01   1.942562154715252E-01  -2.049619118358387E+05
  2.937707462136371E-02  -5.708241840560184E-01   1.679890481629065E-01  -2.049619118358387E+05
  4.565175570122253E-02  -5.727895237841792E-01   1.434546763330776E-01  -2.049619118358387E+05
  6.193930719944247E-02  -5.756387651439491E-01   1.203891828381087E-01  -2.049619118358387E+05
  7.789620133122233E-02  -5.792469921259815E-01   9.850910260598347E-02  -2.049619118358387E+05
  9.327478566243169E-02  -5.834583461243705E-01   7.753188473242022E-02  -2.049619118358387E+05
  1.079295836902527E-01  -5.880850141175086E-01   5.719382107537624E-02  -2.049619118358387E+05
  1.218175685379264E-01  -5.929096322111186E-01   3.726441002945049E-02  -2.049619118358387E+05
  1.349925191439982E-01  -5.976912282769279E-01   1.755642529546619E-02  -2.049619118358387E+05
  1.475939071971259E-01  -6.021745647948643E-01  -2.068695684452240E-03  -2.049619118358387E+05
  1.598310727730990E-01  -6.061024816163236E-01  -2.170016552744913E-02  -2.049619118358387E+05
  1.719637087495706E-01  -6.092305960539625E-01  -4.138152910056134E-02  -2.049619118358387E+05
  1.842798731911835E-01  -6.113435113176121E-01  -6.111805770055666E-02  -2.049619118358387E+05
  1.970728735569926E-01  -6.122715285749765E-01  -8.088693242526915E-02  -2.049619118358387E+05
  2.106184099824340E-01  -6.119067644066432E-01  -1.006491025082593E-01  -2.049619118358387E+05
  2.251533252818812E-01  -6.102175518003812E-01  -1.203616012530428E-01  -2.049619118358387E+05
  2.408571900843689E-01  -6.072600522605370E-01  -1.399890942770507E-01  -2.049619118358387E+05
  2.578377609078033E-01  -6.031861275280156E-01  -1.595135220784571E-01  -2.049619118358387E+05
  2.761210995615297E-01  -5.982467055667926E-01  -1.789408746002299E-01  -2.049619118358387E+05
  2.956468500888478E-01  -5.927901163087218E-01  -1.983043862152334E-01  -2.049619118358387E+05
  3.162688529976950E-01  -5.872551539274072E-01  -2.176637466678847E-01  -2.049619118358387E+05
  3.377609554967017E-01  -5.821589271291855E-01  -2.371002641292022E-01  -2.049619118358387E+05
  3.598275705525660E-01  -5.780798684072208E-01  -2.567082652970137E-01  -2.049619118358387E+05
  3.821182652467775E-01  -5.756365682078667E-01  -2.765833483454954E-01  -2.049619118358387E+05
  4.042454361565418E-01  -5.754633620445841E-01  -2.968083925987468E-01  -2.049619118358387E+05
  4.258039689478902E-01  -5.781838112217819E-01  -3.174384521105929E-01  -2.049619118358387E+05
  4.463916895432907E-01  -5.843833674411167E-01  -3.384858014337109E-01  -2.049619118358387E+05
  4.656293990010282E-01  -5.945825884545159E-01  -3.599064490970386E-01  -2.049619118358387E+05
  4.831793427390573E-01  -6.092122708785540E-01  -3.815893826731276E-01  -2.049619118358387E+05
  4.987610914490829E-01  -6.285917868823726E-01  -4.033496608498474E-01  -2.049619118358387E+05
  5.121639962966998E-01  -6.529117581278296E-01  -4.249262316261022E-01  -2.049619118358387E+05
  5.232556116403837E-01  -6.822219820412322E-01  -4.459850470092165E-01  -2.049619118358387E+05
  5.319857388281251E-01  -7.164252551585972E-01  -4.661276841293152E-01  -2.049619118358387E+05
  5.383860174707156E-01  -7.552774319681023E-01  -4.849052951654970E-01  -2.049619118358387E+05
  5.425652584397403E-01  -7.983937335314351E-01  -5.018373208030145E-01  -2.049619118358387E+05
  5.447009590052612E-01  -8.452609973005646E-01  -5.164340413932539E-01  -2.049619118358387E+05
  5.450276502036849E-01  -8.952552567931209E-01  -5.282217323339660E-01  -2.049619118358387E+05
  5.438228877025045E-01  -9.476637745380665E-01  -5.367689578677343E-01  -2.049619118358387E+05
  5.413918016126253E-01  -1.001710438823571E+00  -5.417123980457336E-01  -2.049619118358387E+05
  5.380511633763023E-01  -1.056583285720785E+00  -5.427805683914296E-01  -2.049619118358387E+05
  5.341139086798892E-01  -1.111462829981780E+00  -5.398138651947161E-01  -2.049619118358387E+05
  5.298749780244335E-01  -1.165549884594957E+00  -5.327795483808402E-01  -2.049619118358387E+05
  5.255992085523067E-01  -1.218091617321004E+00  -5.217805483254477E-01  -2.049619118358387E+05
  5.215118424838007E-01  -1.268404727337622E+00  -5.070573360487782E-01  -2.049619118358387E+05
  5.177920218604185E-01  -1.315894816198338E+00  -4.889825056617159E-01  -2.049619118358387E+05
  5.145694303664011E-01  -1.360071261488562E+00  -4.680481574943324E-01  -2.049619118358387E+05
  5.119240352938088E-01  -1.400557163410798E+00  -4.448466115063980E-01  -2.049619118358387E+05
  5.098886900549888E-01  -1.437094207410477E+00  -4.200453945201105E-01  -2.049619118358387E+05
  5.084541922633667E-01  -1.469542553119366E+00  -3.943578043029554E-01  -2.049619118358387E+05
  5.075762641463165E-01  -1.497876105583541E+00  -3.685106347941338E-01  -2.049619118358387E+05
  5.071838377766024E-01  -1.522173735175752E+00  -3.432108311110955E-01  -2.049619118358387E+05
  5.071879907933553E-01  -1.542607176807509E+00  -3.191129180335664E-01  -2.049619118358387E+05
  5.074908889089601E-01  -1.559426449545378E+00  -2.967890062665783E-01  -2.049619118358387E+05
  5.079941461634376E-01  -1.572943690823854E+00  -2.767030293003899E-01  -2.049619118358387E+05
  5.086061061727601E-01  -1.583516295403407E+00  -2.591906098740252E-01  -2.049619118358387E+05
  5.092476686520080E-01  -1.591530192101239E+00  -2.444456154089550E-01  -2.049619118358387E+05
  5.098564246903561E-01  -1.597383988546150E+00  -2.325140584373707E-01  -2.049619118358387E+05
  5.103890101453310E-01  -1.601474575929615E+00  -2.232955572716717E-01  -2.049619118358387E+05
  5.108217276441784E-01  -1.604184624013871E+00  -2.165521225844073E-01  -2.049619118358387E+05
  5.111496134297575E-01  -1.605872224581188E+00  -2.119236062704595E-01  -2.049619118358387E+05
  5.113842267060581E-01  -1.606862772160720E+00  -2.089487675156161E-01  -2.049619118358387E+05
  5.115505095391281E-01  -1.607443016427523E+00  -2.070906016118015E-01  -2.049619118358387E+05
  5.116831007945936E-01  -1.607857091539577E+00  -2.057643589840549E-01  -2.049619118358387E+05
  5.116831007945936E-01  -1.607857091539577E+00  -2.057643589840550E-01   0.000000000000000E+00 4 RotatedCurve11 
 -1.513271683916582E+00  -4.579069959823729E-01  -1.221472979293146E-02   1.000000000000000E+05
 -1.513096135093845E+00  -4.606337085224680E-01  -1.754092839664701E-02   1.000000000000000E+05
 -1.512673947344058E+00  -4.647500297907485E-01  -2.602537890953689E-02   1.000000000000000E+05
 -1.511843047803670E+00  -4.703058121564024E-01  -3.821817137720617E-02   1.000000000000000E+05
 -1.510402259898350E+00  -4.771768927010869E-01  -5.446231175715260E-02   1.000000000000000E+05
 -1.508114373391153E+00  -4.850707005359521E-01  -7.487979061151569E-02   1.000000000000000E+05
 -1.504710873849011E+00  -4.935433696599401E-01  -9.936979873109586E-02   1.000000000000000E+05
 -1.499898643222689E+00  -5.020271317284026E-01  -1.276187973886262E-01   1.000000000000000E+05
 -1.493368810055768E+00  -5.098660945897681E-01  -1.591214854670999E-01   1.000000000000000E+05
 -1.484807755629448E+00  -5.163579751057412E-01  -1.932111152589749E-01   1.000000000000000E+05
 -1.473910084471354E+00  -5.207989834827226E-01  -2.290971273539449E-01   1.000000000000000E+05
 -1.460393160263174E+00  -5.225288746520480E-01  -2.659077292558236E-01   1.000000000000000E+05
 -1.444012608988639E+00  -5.209732008146447E-01  -3.027348496285380E-01   1.000000000000000E+05
 -1.424578018064930E+00  -5.156800152568279E-01  -3.386788677706031E-01   1.000000000000000E+05
 -1.401967929847927E+00  -5.063486748349648E-01  -3.728906431572437E-01   1.000000000000000E+05
 -1.376143154344615E+00  -4.928489389112991E-01  -4.046086398731732E-01   1.000000000000000E+05
 -1.347157419461368E+00  -4.752292276822919E-01  -4.331893338396931E-01   1.000000000000000E+05
 -1.315164443198404E+00  -4.537136370002873E-01  -4.581295780262940E-01   1.000000000000000E+05
 -1.280420651081021E+00  -4.286880598704230E-01  -4.790801482473431E-01   1.000000000000000E+05
 -1.243282968475479E+00  -4.006764858508466E-01  -4.958502627602052E-01   1.000000000000000E+05
 -1.204201380609892E+00  -3.703091902281230E-01  -5.084034254412271E-01   1.000000000000000E+05
 -1.163706257701845E+00  -3.382850425741109E-01  -5.168454496807641E-01   1.000000000000000E+05
 -1.122390769395302E+00  -3.053305253205116E-01  -5.214059475588296E-01   1.000000000000000E+05
 -1.080889040021759E+00  -2.721582344692265E-01  -5.224148919051154E-01   1.000000000000000E+05
 -1.039851001281708E+00  -2.394276260757097E-01  -5.202760608486904E-01   1.000000000000000E+05
 -9.999151596125395E-01  -2.077105763293287E-01  -5.154392474305279E-01   1.000000000000000E+05
 -9.616806917541489E-01  -1.774639553051132E-01  -5.083730617508168E-01   1.000000000000000E+05
 -9.256803974865272E-01  -1.490109017815550E-01  -4.995399795463820E-01   1.000000000000000E+05
 -8.923560617657099E-01  -1.225318655825927E-01  -4.893750163520501E-01   1.000000000000000E+05
 -8.620377039827711E-01  -9.806579845338319E-02  -4.782690540997468E-01   1.000000000000000E+05
 -8.349280207272203E-01  -7.552117227072554E-02  -4.665574452304848E-01   1.000000000000000E+05
 -8.110930677514739E-01  -5.469583285938615E-02  -4.545140986014223E-01   1.000000000000000E+05
 -7.904598905738425E-01  -3.530410461734064E-02  -4.423508423059325E-01   1.000000000000000E+05
 -7.728214205946820E-01  -1.700908553367153E-02  -4.302214896457506E-01   1.000000000000000E+05
 -7.578485283497818E-01   5.422545104469571E-04  -4.182297305968954E-01   1.000000000000000E+05
 -7.451086940637081E-01   1.768371617561736E-02  -4.064397512843228E-01   1.000000000000000E+05
 -7.340903456203747E-01   3.469677609097171E-02  -3.948883604968790E-01   1.000000000000000E+05
 -7.242315523883668E-01   5.178208071267223E-02  -3.835973798972807E-01   1.000000000000000E+05
 -7.149514744793594E-01   6.903749792158928E-02  -3.725851304277528E-01   1.000000000000000E+05
 -7.056827712533373E-01   8.644420691224866E-02  -3.618760113691256E-01   1.000000000000000E+05
 -6.959030848708917E-01   1.038617212249858E-01  -3.515074041766729E-01   1.000000000000000E+05
 -6.851637423839703E-01   1.210320992334998E-01  -3.415334192726857E-01   1.000000000000000E+05
 -6.731139638460640E-01   1.375929465553116E-01  -3.320253159046277E-01   1.000000000000000E+05
 -6.595191172693823E-01   1.530982014502242E-01  -3.230687371746149E-01   1.000000000000000E+05
 -6.442719098064768E-01   1.670451600600264E-01  -3.147581893012830E-01   1.000000000000000E+05
 -6.273958277286782E-01   1.789057800896386E-01  -3.071894335696374E-01   1.000000000000000E+05
 -6.090406098946632E-01   1.881600274806664E-01  -3.004506330033859E-01   1.000000000000000E+05
 -5.894700311730899E-01   1.943289185756939E-01  -2.946131908981483E-01   1.000000000000000E+05
 -5.690427527291496E-01   1.970049663739784E-01  -2.897232288120945E-01   1.000000000000000E+05
 -5.481874345284681E-01   1.958779579049532E-01  -2.857945781337294E-01   1.000000000000000E+05
 -5.273736734716722E-01   1.907543531661841E-01  -2.828040093942005E-01   1.000000000000000E+05
 -5.070806040348078E-01   1.815690769637162E-01  -2.806892106268844E-01   1.000000000000000E+05
 -4.877651587248497E-01   1.683890376551144E-01  -2.793497688607131E-01   1.000000000000000E+05
 -4.698320216755479E-01   1.514083099409862E-01  -2.786511293406552E-01   1.000000000000000E+05
 -4.536072167618562E-01   1.309355185777624E-01  -2.784312291406896E-01   1.000000000000000E+05
 -4.393170563027263E-01   1.073745128265212E-01  -2.785092491992956E-01   1.000000000000000E+05
 -4.270738502716989E-01   8.119988787849683E-02  -2.786957232064134E-01   1.000000000000000E+05
 -4.168693586352177E-01   5.292925614373421E-02  -2.788031012352400E-01   1.000000000000000E+05
 -4.085764866386972E-01   2.309437372251380E-02  -2.786558034180031E-01   1.000000000000000E+05
 -4.019592045543977E-01  -7.786728272739725E-03  -2.780988209752305E-01   1.000000000000000E+05
 -3.966901520315334E-01  -3.923457395434083E-02  -2.770040283856802E-01   1.000000000000000E+05
 -3.923748955622927E-01  -7.082826802666693E-02  -2.752735544193834E-01   1.000000000000000E+05
 -3.885813767875057E-01  -1.022193477717789E-01  -2.728398077206791E-01   1.000000000000000E+05
 -3.848727467825047E-01  -1.331385919613436E-01  -2.696620457234424E-01   1.000000000000000E+05
 -3.808415489770889E-01  -1.633954795137877E-01  -2.657196909174667E-01   1.000000000000000E+05
 -3.761431059739104E-01  -1.928705750241941E-01  -2.610029104918461E-01   1.000000000000000E+05
 -3.705259903820873E-01  -2.215016808493384E-01  -2.555012583219824E-01   1.000000000000000E+05
 -3.638576157069409E-01  -2.492650941673628E-01  -2.491914078246942E-01   1.000000000000000E+05
 -3.561432609225414E-01  -2.761537048199772E-01  -2.420251594890495E-01   1.000000000000000E+05
 -3.475372245581842E-01  -3.021539355166541E-01  -2.339189721169944E-01   1.000000000000000E+05
 -3.383452673734203E-01  -3.272236393485279E-01  -2.247462326416469E-01   1.000000000000000E+05
 -3.290180183766050E-01  -3.512730207678884E-01  -2.143333438262973E-01   1.000000000000000E+05
 -3.201355552659456E-01  -3.741504372770157E-01  -2.024604778670186E-01   1.000000000000000E+05
 -3.123838943846551E-01  -3.956345838001934E-01  -1.888675300982971E-01   1.000000000000000E+05
 -3.065246049594443E-01  -4.154340846602199E-01  -1.732654305389576E-01   1.000000000000000E+05
 -3.033591686633776E-01  -4.331949529456441E-01  -1.553525572858996E-01   1.000000000000000E+05
 -3.036900141099999E-01  -4.485157643146574E-01  -1.348355739080763E-01   1.000000000000000E+05
 -3.082803487141577E-01  -4.609697763450108E-01  -1.114536139167209E-01   1.000000000000000E+05
 -3.178149767654915E-01  -4.701326506025379E-01  -8.500438956953062E-02   1.000000000000000E+05
 -3.328642298232863E-01  -4.756139454236702E-01  -5.537053755150768E-02   1.000000000000000E+05
 -3.538529489594576E-01  -4.770901802387305E-01  -2.254435359738126E-02   1.000000000000000E+05
 -3.810361608506011E-01  -4.743370561320314E-01   1.335097149097789E-02   1.000000000000000E+05
 -4.144827008291390E-01  -4.672583709016582E-01   5.204541197855435E-02   1.000000000000000E+05
 -4.540675806664654E-01  -4.559092970001442E-01   9.311304141344642E-02   1.000000000000000E+05
 -4.994734056722825E-01  -4.405119918379073E-01   1.359710786306384E-01   1.000000000000000E+05
 -5.502006450477620E-01  -4.214619642724589E-01   1.798878400741621E-01   1.000000000000000E+05
 -6.055860815543708E-01  -3.993241998800964E-01   2.239998722000106E-01   1.000000000000000E+05
 -6.648283395988344E-01  -3.748187128298421E-01   2.673379708930280E-01   1.000000000000000E+05
 -7.270190390952269E-01  -3.487958992421471E-01   3.088612176785608E-01   1.000000000000000E+05
 -7.911778649504669E-01  -3.222027676147046E-01   3.474976126689790E-01   1.000000000000000E+05
 -8.562896913342916E-01  -2.960417677492305E-01   3.821893987024410E-01   1.000000000000000E+05
 -9.213418615929515E-01  -2.713244852073463E-01   4.119407839636211E-01   1.000000000000000E+05
 -9.853597970750348E-01  -2.490228745031947E-01   4.358655100479325E-01   1.000000000000000E+05
 -1.047439282663324E+00  -2.300209408687219E-01   4.532316000073487E-01   1.000000000000000E+05
 -1.106774038685945E+00  -2.150698285596904E-01   4.635006684365928E-01   1.000000000000000E+05
 -1.162677518328959E+00  -2.047491269693704E-01   4.663593851425268E-01   1.000000000000000E+05
 -1.214598243336215E+00  -1.994368711142675E-01   4.617410470390355E-01   1.000000000000000E+05
 -1.262128383389092E+00  -1.992902100132888E-01   4.498357112427180E-01   1.000000000000000E+05
 -1.305005670659025E+00  -2.042380763676756E-01   4.310879484959012E-01   1.000000000000000E+05
 -1.343109096694645E+00  -2.139864546162682E-01   4.061819551737424E-01   1.000000000000000E+05
 -1.376449143196843E+00  -2.280360596312868E-01   3.760144740985323E-01   1.000000000000000E+05
 -1.405153534878671E+00  -2.457114564835905E-01   3.416566762354244E-01   1.000000000000000E+05
 -1.429449660368856E+00  -2.661999245465561E-01   3.043068040307098E-01   1.000000000000000E+05
 -1.449644880762757E+00  -2.885977451885789E-01   2.652359322788274E-01   1.000000000000000E+05
 -1.466105935751021E+00  -3.119611133594824E-01   2.257296288287116E-01   1.000000000000000E+05
 -1.479238570803119E+00  -3.353585720433628E-01   1.870285675769571E-01   1.000000000000000E+05
 -1.489468357240044E+00  -3.579217657286809E-01   1.502712418358219E-01   1.000000000000000E+05
 -1.497223475808297E+00  -3.788914125323470E-01   1.164418397145571E-01   1.000000000000000E+05
 -1.502920001909460E+00  -3.976556985194764E-01   8.632607819627758E-02   1.000000000000000E+05
 -1.506949986573258E+00  -4.137787828505515E-01   6.047736373878933E-02   1.000000000000000E+05
 -1.509672390996642E+00  -4.270177373275849E-01   3.919507925103052E-02   1.000000000000000E+05
 -1.511406721754121E+00  -4.373269873278167E-01   2.251612362303172E-02   1.000000000000000E+05
 -1.512429043417634E+00  -4.448501243446626E-01   1.022009062081388E-02   1.000000000000000E+05
 -1.512969926134168E+00  -4.498997706927699E-01   1.847712983479674E-03   1.000000000000000E+05
 -1.513213823841608E+00  -4.529269411467646E-01  -3.268539617406889E-03   1.000000000000000E+05
 -1.513299375386780E+00  -4.544820141821349E-01  -5.963489597359092E-03   1.000000000000000E+05
 -1.513320172012490E+00  -4.551699532849961E-01  -7.190250516873400E-03   1.000000000000000E+05
 -1.513325632146414E+00  -4.556027720430334E-01  -7.965961304344248E-03   1.000000000000000E+05
 -1.513321756053119E+00  -4.563523926088492E-01  -9.315278588907818E-03   1.000000000000000E+05
 -1.513271683916582E+00  -4.579069959823728E-01  -1.221472979293145E-02   1.000000000000000E+05
 -1.513271683916582E+00  -4.579069959823729E-01  -1.221472979293146E-02   0.000000000000000E+00 5 RotatedCurve12 
 -5.116831007945938E-01  -1.607857091539577E+00   2.057643589840550E-01   2.049619118358387E+05
 -5.118224870466378E-01  -1.608304231796615E+00   2.043665681330921E-01   2.049619118358387E+05
 -5.120113388452281E-01  -1.608937825324715E+00   2.023033726735605E-01   2.049619118358387E+05
 -5.122913168912798E-01  -1.609865439716242E+00   1.990165978472896E-01   2.049619118358387E+05
 -5.127005465664563E-01  -1.611149474109810E+00   1.940061670120277E-01   2.049619118358387E+05
 -5.132718596226987E-01  -1.612808146443087E+00   1.868477782105458E-01   2.049619118358387E+05
 -5.140317983547212E-01  -1.614816605299018E+00   1.772051040352531E-01   2.049619118358387E+05
 -5.150002801227954E-01  -1.617108053657654E+00   1.648361695768236E-01   2.049619118358387E+05
 -5.161907378860264E-01  -1.619574876517212E+00   1.495939659182717E-01   2.049619118358387E+05
 -5.176104932690269E-01  -1.622069864964121E+00   1.314217426194483E-01   2.049619118358387E+05
 -5.192610883907992E-01  -1.624407715580144E+00   1.103437656315740E-01   2.049619118358387E+05
 -5.211383044740018E-01  -1.626367047151084E+00   8.645260407975799E-02   2.049619118358387E+05
 -5.232316295467225E-01  -1.627693209627333E+00   5.989420220428084E-02   2.049619118358387E+05
 -5.255230018848512E-01  -1.628102158941532E+00   3.085208939025357E-02   2.049619118358387E+05
 -5.279847450383230E-01  -1.627285634342006E+00  -4.679235524187343E-04   2.049619118358387E+05
 -5.305767168167456E-01  -1.624917804171262E+00  -3.385131787304246E-02   2.049619118358387E+05
 -5.332428091884340E-01  -1.620663446296828E+00  -6.908566072518836E-02   2.049619118358387E+05
 -5.359070483320785E-01  -1.614187608100434E+00  -1.059678396265401E-01   2.049619118358387E+05
 -5.384696434987628E-01  -1.605166557533980E+00  -1.443072819659727E-01   2.049619118358387E+05
 -5.408034099369963E-01  -1.593299702092453E+00  -1.839250583916289E-01   2.049619118358387E+05
 -5.427510363856979E-01  -1.578322027993709E+00  -2.246491272193956E-01   2.049619118358387E+05
 -5.441236751979601E-01  -1.560016508395518E+00  -2.663063127381216E-01   2.049619118358387E+05
 -5.447012994189997E-01  -1.538225856903605E+00  -3.087118986987487E-01   2.049619118358387E+05
 -5.442351956377263E-01  -1.512862968706039E+00  -3.516579380632346E-01   2.049619118358387E+05
 -5.424528469902448E-01  -1.483919401531084E+00  -3.949015149208134E-01   2.049619118358387E+05
 -5.390653133524967E-01  -1.451471304275251E+00  -4.381542341299750E-01   2.049619118358387E+05
 -5.337770444365805E-01  -1.415682301243402E+00  -4.810741553216079E-01   2.049619118358387E+05
 -5.262978774475977E-01  -1.376802979797884E+00  -5.232612340806622E-01   2.049619118358387E+05
 -5.163567869975225E-01  -1.335166801054147E+00  -5.642570949051425E-01   2.049619118358387E+05
 -5.037167846454058E-01  -1.291182446707085E+00  -6.035496544999318E-01   2.049619118358387E+05
 -4.881902220172289E-01  -1.245322817826272E+00  -6.405827616003584E-01   2.049619118358387E+05
 -4.696536470011886E-01  -1.198111100136705E+00  -6.747706457569417E-01   2.049619118358387E+05
 -4.480613069161931E-01  -1.150104491369500E+00  -7.055165989428874E-01   2.049619118358387E+05
 -4.234563927772875E-01  -1.101876336996888E+00  -7.322349768743750E-01   2.049619118358387E+05
 -3.959791782520496E-01  -1.053997530058387E+00  -7.543753259229156E-01   2.049619118358387E+05
 -3.658713251173100E-01  -1.007018090383721E+00  -7.714472370566882E-01   2.049619118358387E+05
 -3.334757994532754E-01  -9.614498430588135E-01  -7.830444157735410E-01   2.049619118358387E+05
 -2.992320610505373E-01  -9.177510638279729E-01  -7.888664455817294E-01   2.049619118358387E+05
 -2.636664407195122E-01  -8.763138524586799E-01  -7.887368143886717E-01   2.049619118358387E+05
 -2.273778917974229E-01  -8.374548398355175E-01  -7.826159631869848E-01   2.049619118358387E+05
 -1.910195767024159E-01  -8.014096400185582E-01  -7.706083928866286E-01   2.049619118358387E+05
 -1.552770096273499E-01  -7.683312368399963E-01  -7.529632102242638E-01   2.049619118358387E+05
 -1.208437054417887E-01  -7.382922599951488E-01  -7.300678847759057E-01   2.049619118358387E+05
 -8.839546705949469E-02  -7.112908732771348E-01  -7.024354003404734E-01   2.049619118358387E+05
 -5.856456590655093E-02  -6.872597829394816E-01  -6.706853879999171E-01   2.049619118358387E+05
 -3.191512308432415E-02  -6.660776914937301E-01  -6.355201980391068E-01   2.049619118358387E+05
 -8.920976883125705E-03  -6.475823839262999E-01  -5.976971789119541E-01   2.049619118358387E+05
  1.005277542765485E-02  -6.315845488651526E-01  -5.579986627955364E-01   2.049619118358387E+05
  2.476354327595959E-02  -6.178814126178737E-01  -5.172012935727708E-01   2.049619118358387E+05
  3.509953082570957E-02  -6.062693012224022E-01  -4.760463653377247E-01   2.049619118358387E+05
  4.108204630189059E-02  -5.965543425070700E-01  -4.352127657695394E-01   2.049619118358387E+05
  4.286165039624623E-02  -5.885606703780103E-01  -3.952939441737178E-01   2.049619118358387E+05
  4.070829675928136E-02  -5.821356871723889E-01  -3.567800606383302E-01   2.049619118358387E+05
  3.499594930667599E-02  -5.771521639082231E-01  -3.200461385509704E-01   2.049619118358387E+05
  2.618246937619461E-02  -5.735071973923225E-01  -2.853466603376934E-01   2.049619118358387E+05
  1.478583190274626E-02  -5.711182809909605E-01  -2.528166415328234E-01   2.049619118358387E+05
  1.357937333303450E-03  -5.699169659108866E-01  -2.224788183495529E-01   2.049619118358387E+05
 -1.354257800174265E-02  -5.698407766069133E-01  -1.942562154715252E-01   2.049619118358387E+05
 -2.937707462136378E-02  -5.708241840560184E-01  -1.679890481629065E-01   2.049619118358387E+05
 -4.565175570122260E-02  -5.727895237841792E-01  -1.434546763330776E-01   2.049619118358387E+05
 -6.193930719944254E-02  -5.756387651439491E-01  -1.203891828381087E-01   2.049619118358387E+05
 -7.789620133122239E-02  -5.792469921259815E-01  -9.850910260598347E-02   2.049619118358387E+05
 -9.327478566243176E-02  -5.834583461243705E-01  -7.753188473242022E-02   2.049619118358387E+05
 -1.079295836902528E-01  -5.880850141175086E-01  -5.719382107537624E-02   2.049619118358387E+05
 -1.218175685379265E-01  -5.929096322111186E-01  -3.726441002945049E-02   2.049619118358387E+05
 -1.349925191439983E-01  -5.976912282769279E-01  -1.755642529546619E-02   2.049619118358387E+05
 -1.475939071971260E-01  -6.021745647948643E-01   2.068695684452240E-03   2.049619118358387E+05
 -1.598310727730991E-01  -6.061024816163236E-01   2.170016552744913E-02   2.049619118358387E+05
 -1.719637087495706E-01  -6.092305960539625E-01   4.138152910056134E-02   2.049619118358387E+05
 -1.842798731911836E-01  -6.113435113176121E-01   6.111805770055666E-02   2.049619118358387E+05
 -1.970728735569927E-01  -6.122715285749765E-01   8.088693242526915E-02   2.049619118358387E+05
 -2.106184099824341E-01  -6.119067644066432E-01   1.006491025082593E-01   2.049619118358387E+05
 -2.251533252818813E-01  -6.102175518003812E-01   1.203616012530428E-01   2.049619118358387E+05
 -2.408571900843690E-01  -6.072600522605370E-01   1.399890942770507E-01   2.049619118358387E+05
 -2.578377609078034E-01  -6.031861275280156E-01   1.595135220784571E-01   2.049619118358387E+05
 -2.761210995615297E-01  -5.982467055667926E-01   1.789408746002299E-01   2.049619118358387E+05
 -2.956468500888479E-01  -5.927901163087218E-01   1.983043862152334E-01   2.049619118358387E+05
 -3.162688529976951E-01  -5.872551539274072E-01   2.176637466678847E-01   2.049619118358387E+05
 -3.377609554967018E-01  -5.821589271291855E-01   2.371002641292022E-01   2.049619118358387E+05
 -3.598275705525660E-01  -5.780798684072208E-01   2.567082652970137E-01   2.049619118358387E+05
 -3.821182652467776E-01  -5.756365682078667E-01   2.765833483454954E-01   2.049619118358387E+05
 -4.042454361565419E-01  -5.754633620445841E-01   2.968083925987468E-01   2.049619118358387E+05
 -4.258039689478902E-01  -5.781838112217819E-01   3.174384521105929E-01   2.049619118358387E+05
 -4.463916895432908E-01  -5.843833674411167E-01   3.384858014337109E-01   2.049619118358387E+05
 -4.656293990010282E-01  -5.945825884545158E-01   3.599064490970386E-01   2.049619118358387E+05
 -4.831793427390573E-01  -6.092122708785539E-01   3.815893826731276E-01   2.049619118358387E+05
 -4.987610914490829E-01  -6.285917868823725E-01   4.033496608498474E-01   2.049619118358387E+05
 -5.121639962967000E-01  -6.529117581278295E-01   4.249262316261022E-01   2.049619118358387E+05
 -5.232556116403838E-01  -6.822219820412321E-01   4.459850470092165E-01   2.049619118358387E+05
 -5.319857388281252E-01  -7.164252551585971E-01   4.661276841293152E-01   2.049619118358387E+05
 -5.383860174707157E-01  -7.552774319681022E-01   4.849052951654970E-01   2.049619118358387E+05
 -5.425652584397405E-01  -7.983937335314349E-01   5.018373208030145E-01   2.049619118358387E+05
 -5.447009590052613E-01  -8.452609973005645E-01   5.164340413932539E-01   2.049619118358387E+05
 -5.450276502036850E-01  -8.952552567931208E-01   5.282217323339660E-01   2.049619118358387E+05
 -5.438228877025046E-01  -9.476637745380664E-01   5.367689578677343E-01   2.049619118358387E+05
 -5.413918016126255E-01  -1.001710438823571E+00   5.417123980457336E-01   2.049619118358387E+05
 -5.380511633763024E-01  -1.056583285720785E+00   5.427805683914296E-01   2.049619118358387E+05
 -5.341139086798893E-01  -1.111462829981780E+00   5.398138651947161E-01   2.049619118358387E+05
 -5.298749780244336E-01  -1.165549884594957E+00   5.327795483808402E-01   2.049619118358387E+05
 -5.255992085523068E-01  -1.218091617321004E+00   5.217805483254477E-01   2.049619118358387E+05
 -5.215118424838008E-01  -1.268404727337622E+00   5.070573360487782E-01   2.049619118358387E+05
 -5.177920218604186E-01  -1.315894816198338E+00   4.889825056617159E-01   2.049619118358387E+05
 -5.145694303664013E-01  -1.360071261488562E+00   4.680481574943324E-01   2.049619118358387E+05
 -5.119240352938090E-01  -1.400557163410798E+00   4.448466115063980E-01   2.049619118358387E+05
 -5.098886900549890E-01  -1.437094207410477E+00   4.200453945201105E-01   2.049619118358387E+05
 -5.084541922633670E-01  -1.469542553119366E+00   3.943578043029554E-01   2.049619118358387E+05
 -5.075762641463167E-01  -1.497876105583541E+00   3.685106347941338E-01   2.049619118358387E+05
 -5.071838377766026E-01  -1.522173735175752E+00   3.432108311110955E-01   2.049619118358387E+05
 -5.071879907933555E-01  -1.542607176807509E+00   3.191129180335664E-01   2.049619118358387E+05
 -5.074908889089603E-01  -1.559426449545378E+00   2.967890062665783E-01   2.049619118358387E+05
 -5.079941461634379E-01  -1.572943690823854E+00   2.767030293003899E-01   2.049619118358387E+05
 -5.086061061727604E-01  -1.583516295403407E+00   2.591906098740252E-01   2.049619118358387E+05
 -5.092476686520082E-01  -1.591530192101239E+00   2.444456154089550E-01   2.049619118358387E+05
 -5.098564246903563E-01  -1.597383988546150E+00   2.325140584373707E-01   2.049619118358387E+05
 -5.103890101453312E-01  -1.601474575929615E+00   2.232955572716717E-01   2.049619118358387E+05
 -5.108217276441787E-01  -1.604184624013871E+00   2.165521225844073E-01   2.049619118358387E+05
 -5.111496134297577E-01  -1.605872224581188E+00   2.119236062704595E-01   2.049619118358387E+05
 -5.113842267060583E-01  -1.606862772160720E+00   2.089487675156161E-01   2.049619118358387E+05
 -5.115505095391283E-01  -1.607443016427523E+00   2.070906016118015E-01   2.049619118358387E+05
 -5.116831007945938E-01  -1.607857091539577E+00   2.057643589840549E-01   2.049619118358387E+05
 -5.116831007945938E-01  -1.607857091539577E+00   2.057643589840550E-01   0.000000000000000E+00 6 RotatedCurve13 
 -1.513271683916582E+00   4.579069959823729E-01   1.221472979293146E-02  -1.000000000000000E+05
 -1.513096135093845E+00   4.606337085224680E-01   1.754092839664701E-02  -1.000000000000000E+05
 -1.512673947344058E+00   4.647500297907485E-01   2.602537890953689E-02  -1.000000000000000E+05
 -1.511843047803670E+00   4.703058121564024E-01   3.821817137720617E-02  -1.000000000000000E+05
 -1.510402259898350E+00   4.771768927010869E-01   5.446231175715260E-02  -1.000000000000000E+05
 -1.508114373391153E+00   4.850707005359521E-01   7.487979061151569E-02  -1.000000000000000E+05
 -1.504710873849011E+00   4.935433696599401E-01   9.936979873109586E-02  -1.000000000000000E+05
 -1.499898643222689E+00   5.020271317284026E-01   1.276187973886262E-01  -1.000000000000000E+05
 -1.493368810055768E+00   5.098660945897681E-01   1.591214854670999E-01  -1.000000000000000E+05
 -1.484807755629448E+00   5.163579751057412E-01   1.932111152589749E-01  -1.000000000000000E+05
 -1.473910084471354E+00   5.207989834827226E-01   2.290971273539449E-01  -1.000000000000000E+05
 -1.460393160263174E+00   5.225288746520480E-01   2.659077292558236E-01  -1.000000000000000E+05
 -1.444012608988639E+00   5.209732008146447E-01   3.027348496285380E-01  -1.000000000000000E+05
 -1.424578018064930E+00   5.156800152568279E-01   3.386788677706031E-01  -1.000000000000000E+05
 -1.401967929847927E+00   5.063486748349648E-01   3.728906431572437E-01  -1.000000000000000E+05
 -1.376143154344615E+00   4.928489389112991E-01   4.046086398731732E-01  -1.000000000000000E+05
 -1.347157419461368E+00   4.752292276822919E-01   4.331893338396931E-01  -1.000000000000000E+05
 -1.315164443198404E+00   4.537136370002873E-01   4.581295780262940E-01  -1.000000000000000E+05
 -1.280420651081021E+00   4.286880598704230E-01   4.790801482473431E-01  -1.000000000000000E+05
 -1.243282968475479E+00   4.006764858508466E-01   4.958502627602052E-01  -1.000000000000000E+05
 -1.204201380609892E+00   3.703091902281230E-01   5.084034254412271E-01  -1.000000000000000E+05
 -1.163706257701845E+00   3.382850425741109E-01   5.168454496807641E-01  -1.000000000000000E+05
 -1.122390769395302E+00   3.053305253205116E-01   5.214059475588296E-01  -1.000000000000000E+05
 -1.080889040021759E+00   2.721582344692265E-01   5.224148919051154E-01  -1.000000000000000E+05
 -1.039851001281708E+00   2.394276260757097E-01   5.202760608486904E-01  -1.000000000000000E+05
 -9.999151596125395E-01   2.077105763293287E-01   5.154392474305279E-01  -1.000000000000000E+05
 -9.616806917541489E-01   1.774639553051132E-01   5.083730617508168E-01  -1.000000000000000E+05
 -9.256803974865272E-01   1.490109017815550E-01   4.995399795463820E-01  -1.000000000000000E+05
 -8.923560617657099E-01   1.225318655825927E-01   4.893750163520501E-01  -1.000000000000000E+05
 -8.620377039827711E-01   9.806579845338319E-02   4.782690540997468E-01  -1.000000000000000E+05
 -8.349280207272203E-01   7.552117227072554E-02   4.665574452304848E-01  -1.000000000000000E+05
 -8.110930677514739E-01   5.469583285938615E-02   4.545140986014223E-01  -1.000000000000000E+05
 -7.904598905738425E-01   3.530410461734064E-02   4.423508423059325E-01  -1.000000000000000E+05
 -7.728214205946820E-01   1.700908553367153E-02   4.302214896457506E-01  -1.000000000000000E+05
 -7.578485283497818E-01  -5.422545104469571E-04   4.182297305968954E-01  -1.000000000000000E+05
 -7.451086940637081E-01  -1.768371617561736E-02   4.064397512843228E-01  -1.000000000000000E+05
 -7.340903456203747E-01  -3.469677609097171E-02   3.948883604968790E-01  -1.000000000000000E+05
 -7.242315523883668E-01  -5.178208071267223E-02   3.835973798972807E-01  -1.000000000000000E+05
 -7.149514744793594E-01  -6.903749792158928E-02   3.725851304277528E-01  -1.000000000000000E+05
 -7.056827712533373E-01  -8.644420691224866E-02   3.618760113691256E-01  -1.000000000000000E+05
 -6.959030848708917E-01  -1.038617212249858E-01   3.515074041766729E-01  -1.000000000000000E+05
 -6.851637423839703E-01  -1.210320992334998E-01   3.415334192726857E-01  -1.000000000000000E+05
 -6.731139638460640E-01  -1.375929465553116E-01   3.320253159046277E-01  -1.000000000000000E+05
 -6.595191172693823E-01  -1.530982014502242E-01   3.230687371746149E-01  -1.000000000000000E+05
 -6.442719098064768E-01  -1.670451600600264E-01   3.147581893012830E-01  -1.000000000000000E+05
 -6.273958277286782E-01  -1.789057800896386E-01   3.071894335696374E-01  -1.000000000000000E+05
 -6.090406098946632E-01  -1.881600274806664E-01   3.004506330033859E-01  -1.000000000000000E+05
 -5.894700311730899E-01  -1.943289185756939E-01   2.946131908981483E-01  -1.000000000000000E+05
 -5.690427527291496E-01  -1.970049663739784E-01   2.897232288120945E-01  -1.000000000000000E+05
 -5.481874345284681E-01  -1.958779579049532E-01   2.857945781337294E-01  -1.000000000000000E+05
 -5.273736734716722E-01  -1.907543531661841E-01   2.828040093942005E-01  -1.000000000000000E+05
 -5.070806040348078E-01  -1.815690769637162E-01   2.806892106268844E-01  -1.000000000000000E+05
 -4.877651587248497E-01  -1.683890376551144E-01   2.793497688607131E-01  -1.000000000000000E+05
 -4.698320216755479E-01  -1.514083099409862E-01   2.786511293406552E-01  -1.000000000000000E+05
 -4.536072167618562E-01  -1.309355185777624E-01   2.784312291406896E-01  -1.000000000000000E+05
 -4.393170563027263E-01  -1.073745128265212E-01   2.785092491992956E-01  -1.000000000000000E+05
 -4.270738502716989E-01  -8.119988787849683E-02   2.786957232064134E-01  -1.000000000000000E+05
 -4.168693586352177E-01  -5.292925614373421E-02   2.788031012352400E-01  -1.000000000000000E+05
 -4.085764866386972E-01  -2.309437372251380E-02   2.786558034180031E-01  -1.000000000000000E+05
 -4.019592045543977E-01   7.786728272739725E-03   2.780988209752305E-01  -1.000000000000000E+05
 -3.966901520315334E-01   3.923457395434083E-02   2.770040283856802E-01  -1.000000000000000E+05
 -3.923748955622927E-01   7.082826802666693E-02   2.752735544193834E-01  -1.000000000000000E+05
 -3.885813767875057E-01   1.022193477717789E-01   2.728398077206791E-01  -1.000000000000000E+05
 -3.848727467825047E-01   1.331385919613436E-01   2.696620457234424E-01  -1.000000000000000E+05
 -3.808415489770889E-01   1.633954795137877E-01   2.657196909174667E-01  -1.000000000000000E+05
 -3.761431059739104E-01   1.928705750241941E-01   2.610029104918461E-01  -1.000000000000000E+05
 -3.705259903820873E-01   2.215016808493384E-01   2.555012583219824E-01  -1.000000000000000E+05
 -3.638576157069409E-01   2.492650941673628E-01   2.491914078246942E-01  -1.000000000000000E+05
 -3.561432609225414E-01   2.761537048199772E-01   2.420251594890495E-01  -1.000000000000000E+05
 -3.475372245581842E-01   3.021539355166541E-01   2.339189721169944E-01  -1.000000000000000E+05
 -3.383452673734203E-01   3.272236393485279E-01   2.247462326416469E-01  -1.000000000000000E+05
 -3.290180183766050E-01   3.512730207678884E-01   2.143333438262973E-01  -1.000000000000000E+05
 -3.201355552659456E-01   3.741504372770157E-01   2.024604778670186E-01  -1.000000000000000E+05
 -3.123838943846551E-01   3.956345838001934E-01   1.888675300982971E-01  -1.000000000000000E+05
 -3.065246049594443E-01   4.154340846602199E-01   1.732654305389576E-01  -1.000000000000000E+05
 -3.033591686633776E-01   4.331949529456441E-01   1.553525572858996E-01  -1.000000000000000E+05
 -3.036900141099999E-01   4.485157643146574E-01   1.348355739080763E-01  -1.000000000000000E+05
 -3.082803487141577E-01   4.609697763450108E-01   1.114536139167209E-01  -1.000000000000000E+05
 -3.178149767654915E-01   4.701326506025379E-01   8.500438956953062E-02  -1.000000000000000E+05
 -3.328642298232863E-01   4.756139454236702E-01   5.537053755150768E-02  -1.000000000000000E+05
 -3.538529489594576E-01   4.770901802387305E-01   2.254435359738126E-02  -1.000000000000000E+05
 -3.810361608506011E-01   4.743370561320314E-01  -1.335097149097789E-02  -1.000000000000000E+05
 -4.144827008291390E-01   4.672583709016582E-01  -5.204541197855435E-02  -1.000000000000000E+05
 -4.540675806664654E-01   4.559092970001442E-01  -9.311304141344642E-02  -1.000000000000000E+05
 -4.994734056722825E-01   4.405119918379073E-01  -1.359710786306384E-01  -1.000000000000000E+05
 -5.502006450477620E-01   4.214619642724589E-01  -1.798878400741621E-01  -1.000000000000000E+05
 -6.055860815543708E-01   3.993241998800964E-01  -2.239998722000106E-01  -1.000000000000000E+05
 -6.648283395988344E-01   3.748187128298421E-01  -2.673379708930280E-01  -1.000000000000000E+05
 -7.270190390952269E-01   3.487958992421471E-01  -3.088612176785608E-01  -1.000000000000000E+05
 -7.911778649504669E-01   3.222027676147046E-01  -3.474976126689790E-01  -1.000000000000000E+05
 -8.562896913342916E-01   2.960417677492305E-01  -3.821893987024410E-01  -1.000000000000000E+05
 -9.213418615929515E-01   2.713244852073463E-01  -4.119407839636211E-01  -1.000000000000000E+05
 -9.853597970750348E-01   2.490228745031947E-01  -4.358655100479325E-01  -1.000000000000000E+05
 -1.047439282663324E+00   2.300209408687219E-01  -4.532316000073487E-01  -1.000000000000000E+05
 -1.106774038685945E+00   2.150698285596904E-01  -4.635006684365928E-01  -1.000000000000000E+05
 -1.162677518328959E+00   2.047491269693704E-01  -4.663593851425268E-01  -1.000000000000000E+05
 -1.214598243336215E+00   1.994368711142675E-01  -4.617410470390355E-01  -1.000000000000000E+05
 -1.262128383389092E+00   1.992902100132888E-01  -4.498357112427180E-01  -1.000000000000000E+05
 -1.305005670659025E+00   2.042380763676756E-01  -4.310879484959012E-01  -1.000000000000000E+05
 -1.343109096694645E+00   2.139864546162682E-01  -4.061819551737424E-01  -1.000000000000000E+05
 -1.376449143196843E+00   2.280360596312868E-01  -3.760144740985323E-01  -1.000000000000000E+05
 -1.405153534878671E+00   2.457114564835905E-01  -3.416566762354244E-01  -1.000000000000000E+05
 -1.429449660368856E+00   2.661999245465561E-01  -3.043068040307098E-01  -1.000000000000000E+05
 -1.449644880762757E+00   2.885977451885789E-01  -2.652359322788274E-01  -1.000000000000000E+05
 -1.466105935751021E+00   3.119611133594824E-01  -2.257296288287116E-01  -1.000000000000000E+05
 -1.479238570803119E+00   3.353585720433628E-01  -1.870285675769571E-01  -1.000000000000000E+05
 -1.489468357240044E+00   3.579217657286809E-01  -1.502712418358219E-01  -1.000000000000000E+05
 -1.497223475808297E+00   3.788914125323470E-01  -1.164418397145571E-01  -1.000000000000000E+05
 -1.502920001909460E+00   3.976556985194764E-01  -8.632607819627758E-02  -1.000000000000000E+05
 -1.506949986573258E+00   4.137787828505515E-01  -6.047736373878933E-02  -1.000000000000000E+05
 -1.509672390996642E+00   4.270177373275849E-01  -3.919507925103052E-02  -1.000000000000000E+05
 -1.511406721754121E+00   4.373269873278167E-01  -2.251612362303172E-02  -1.000000000000000E+05
 -1.512429043417634E+00   4.448501243446626E-01  -1.022009062081388E-02  -1.000000000000000E+05
 -1.512969926134168E+00   4.498997706927699E-01  -1.847712983479674E-03  -1.000000000000000E+05
 -1.513213823841608E+00   4.529269411467646E-01   3.268539617406889E-03  -1.000000000000000E+05
 -1.513299375386780E+00   4.544820141821349E-01   5.963489597359092E-03  -1.000000000000000E+05
 -1.513320172012490E+00   4.551699532849961E-01   7.190250516873400E-03  -1.000000000000000E+05
 -1.513325632146414E+00   4.556027720430334E-01   7.965961304344248E-03  -1.000000000000000E+05
 -1.513321756053119E+00   4.563523926088492E-01   9.315278588907818E-03  -1.000000000000000E+05
 -1.513271683916582E+00   4.579069959823728E-01   1.221472979293145E-02  -1.000000000000000E+05
 -1.513271683916582E+00   4.579069959823729E-01   1.221472979293146E-02   0.000000000000000E+00 7 RotatedCurve14 
 -5.116831007945938E-01   1.607857091539577E+00  -2.057643589840550E-01  -2.049619118358387E+05
 -5.118224870466378E-01   1.608304231796615E+00  -2.043665681330921E-01  -2.049619118358387E+05
 -5.120113388452281E-01   1.608937825324715E+00  -2.023033726735605E-01  -2.049619118358387E+05
 -5.122913168912798E-01   1.609865439716242E+00  -1.990165978472896E-01  -2.049619118358387E+05
 -5.127005465664563E-01   1.611149474109810E+00  -1.940061670120277E-01  -2.049619118358387E+05
 -5.132718596226987E-01   1.612808146443087E+00  -1.868477782105458E-01  -2.049619118358387E+05
 -5.140317983547212E-01   1.614816605299018E+00  -1.772051040352531E-01  -2.049619118358387E+05
 -5.150002801227954E-01   1.617108053657654E+00  -1.648361695768236E-01  -2.049619118358387E+05
 -5.161907378860264E-01   1.619574876517212E+00  -1.495939659182717E-01  -2.049619118358387E+05
 -5.176104932690269E-01   1.622069864964121E+00  -1.314217426194483E-01  -2.049619118358387E+05
 -5.192610883907992E-01   1.624407715580144E+00  -1.103437656315740E-01  -2.049619118358387E+05
 -5.211383044740018E-01   1.626367047151084E+00  -8.645260407975799E-02  -2.049619118358387E+05
 -5.232316295467225E-01   1.627693209627333E+00  -5.989420220428084E-02  -2.049619118358387E+05
 -5.255230018848512E-01   1.628102158941532E+00  -3.085208939025357E-02  -2.049619118358387E+05
 -5.279847450383230E-01   1.627285634342006E+00   4.679235524187343E-04  -2.049619118358387E+05
 -5.305767168167456E-01   1.624917804171262E+00   3.385131787304246E-02  -2.049619118358387E+05
 -5.332428091884340E-01   1.620663446296828E+00   6.908566072518836E-02  -2.049619118358387E+05
 -5.359070483320785E-01   1.614187608100434E+00   1.059678396265401E-01  -2.049619118358387E+05
 -5.384696434987628E-01   1.605166557533980E+00   1.443072819659727E-01  -2.049619118358387E+05
 -5.408034099369963E-01   1.593299702092453E+00   1.839250583916289E-01  -2.049619118358387E+05
 -5.427510363856979E-01   1.578322027993709E+00   2.246491272193956E-01  -2.049619118358387E+05
 -5.441236751979601E-01   1.560016508395518E+00   2.663063127381216E-01  -2.049619118358387E+05
 -5.447012994189997E-01   1.538225856903605E+00   3.087118986987487E-01  -2.049619118358387E+05
 -5.442351956377263E-01   1.512862968706039E+00   3.516579380632346E-01  -2.049619118358387E+05
 -5.424528469902448E-01   1.483919401531084E+00   3.949015149208134E-01  -2.049619118358387E+05
 -5.390653133524967E-01   1.451471304275251E+00   4.381542341299750E-01  -2.049619118358387E+05
 -5.337770444365805E-01   1.415682301243402E+00   4.810741553216079E-01  -2.049619118358387E+05
 -5.262978774475977E-01   1.376802979797884E+00   5.232612340806622E-01  -2.049619118358387E+05
 -5.163567869975225E-01   1.335166801054147E+00   5.642570949051425E-01  -2.049619118358387E+05
 -5.037167846454058E-01   1.291182446707085E+00   6.035496544999318E-01  -2.049619118358387E+05
 -4.881902220172289E-01   1.245322817826272E+00   6.405827616003584E-01  -2.049619118358387E+05
 -4.696536470011886E-01   1.198111100136705E+00   6.747706457569417E-01  -2.049619118358387E+05
 -4.480613069161931E-01   1.150104491369500E+00   7.055165989428874E-01  -2.049619118358387E+05
 -4.234563927772875E-01   1.101876336996888E+00   7.322349768743750E-01  -2.049619118358387E+05
 -3.959791782520496E-01   1.053997530058387E+00   7.543753259229156E-01  -2.049619118358387E+05
 -3.658713251173100E-01   1.007018090383721E+00   7.714472370566882E-01  -2.049619118358387E+05
 -3.334757994532754E-01   9.614498430588135E-01   7.830444157735410E-01  -2.049619118358387E+05
 -2.992320610505373E-01   9.177510638279729E-01   7.888664455817294E-01  -2.049619118358387E+05
 -2.636664407195122E-01   8.763138524586799E-01   7.887368143886717E-01  -2.049619118358387E+05
 -2.273778917974229E-01   8.374548398355175E-01   7.826159631869848E-01  -2.049619118358387E+05
 -1.910195767024159E-01   8.014096400185582E-01   7.706083928866286E-01  -2.049619118358387E+05
 -1.552770096273499E-01   7.683312368399963E-01   7.529632102242638E-01  -2.049619118358387E+05
 -1.208437054417887E-01   7.382922599951488E-01   7.300678847759057E-01  -2.049619118358387E+05
 -8.839546705949469E-02   7.112908732771348E-01   7.024354003404734E-01  -2.049619118358387E+05
 -5.856456590655093E-02   6.872597829394816E-01   6.706853879999171E-01  -2.049619118358387E+05
 -3.191512308432415E-02   6.660776914937301E-01   6.355201980391068E-01  -2.049619118358387E+05
 -8.920976883125705E-03   6.475823839262999E-01   5.976971789119541E-01  -2.049619118358387E+05
  1.005277542765485E-02   6.315845488651526E-01   5.579986627955364E-01  -2.049619118358387E+05
  2.476354327595959E-02   6.178814126178737E-01   5.172012935727708E-01  -2.049619118358387E+05
  3.509953082570957E-02   6.062693012224022E-01   4.760463653377247E-01  -2.049619118358387E+05
  4.108204630189059E-02   5.965543425070700E-01   4.352127657695394E-01  -2.049619118358387E+05
  4.286165039624623E-02   5.885606703780103E-01   3.952939441737178E-01  -2.049619118358387E+05
  4.070829675928136E-02   5.821356871723889E-01   3.567800606383302E-01  -2.049619118358387E+05
  3.499594930667599E-02   5.771521639082231E-01   3.200461385509704E-01  -2.049619118358387E+05
  2.618246937619461E-02   5.735071973923225E-01   2.853466603376934E-01  -2.049619118358387E+05
  1.478583190274626E-02   5.711182809909605E-01   2.528166415328234E-01  -2.049619118358387E+05
  1.357937333303450E-03   5.699169659108866E-01   2.224788183495529E-01  -2.049619118358387E+05
 -1.354257800174265E-02   5.698407766069133E-01   1.942562154715252E-01  -2.049619118358387E+05
 -2.937707462136378E-02   5.708241840560184E-01   1.679890481629065E-01  -2.049619118358387E+05
 -4.565175570122260E-02   5.727895237841792E-01   1.434546763330776E-01  -2.049619118358387E+05
 -6.193930719944254E-02   5.756387651439491E-01   1.203891828381087E-01  -2.049619118358387E+05
 -7.789620133122239E-02   5.792469921259815E-01   9.850910260598347E-02  -2.049619118358387E+05
 -9.327478566243176E-02   5.834583461243705E-01   7.753188473242022E-02  -2.049619118358387E+05
 -1.079295836902528E-01   5.880850141175086E-01   5.719382107537624E-02  -2.049619118358387E+05
 -1.218175685379265E-01   5.929096322111186E-01   3.726441002945049E-02  -2.049619118358387E+05
 -1.349925191439983E-01   5.976912282769279E-01   1.755642529546619E-02  -2.049619118358387E+05
 -1.475939071971260E-01   6.021745647948643E-01  -2.068695684452240E-03  -2.049619118358387E+05
 -1.598310727730991E-01   6.061024816163236E-01  -2.170016552744913E-02  -2.049619118358387E+05
 -1.719637087495706E-01   6.092305960539625E-01  -4.138152910056134E-02  -2.049619118358387E+05
 -1.842798731911836E-01   6.113435113176121E-01  -6.111805770055666E-02  -2.049619118358387E+05
 -1.970728735569927E-01   6.122715285749765E-01  -8.088693242526915E-02  -2.049619118358387E+05
 -2.106184099824341E-01   6.119067644066432E-01  -1.006491025082593E-01  -2.049619118358387E+05
 -2.251533252818813E-01   6.102175518003812E-01  -1.203616012530428E-01  -2.049619118358387E+05
 -2.408571900843690E-01   6.072600522605370E-01  -1.399890942770507E-01  -2.049619118358387E+05
 -2.578377609078034E-01   6.031861275280156E-01  -1.595135220784571E-01  -2.049619118358387E+05
 -2.761210995615297E-01   5.982467055667926E-01  -1.789408746002299E-01  -2.049619118358387E+05
 -2.956468500888479E-01   5.927901163087218E-01  -1.983043862152334E-01  -2.049619118358387E+05
 -3.162688529976951E-01   5.872551539274072E-01  -2.176637466678847E-01  -2.049619118358387E+05
 -3.377609554967018E-01   5.821589271291855E-01  -2.371002641292022E-01  -2.049619118358387E+05
 -3.598275705525660E-01   5.780798684072208E-01  -2.567082652970137E-01  -2.049619118358387E+05
 -3.821182652467776E-01   5.756365682078667E-01  -2.765833483454954E-01  -2.049619118358387E+05
 -4.042454361565419E-01   5.754633620445841E-01  -2.968083925987468E-01  -2.049619118358387E+05
 -4.258039689478902E-01   5.781838112217819E-01  -3.174384521105929E-01  -2.049619118358387E+05
 -4.463916895432908E-01   5.843833674411167E-01  -3.384858014337109E-01  -2.049619118358387E+05
 -4.656293990010282E-01   5.945825884545158E-01  -3.599064490970386E-01  -2.049619118358387E+05
 -4.831793427390573E-01   6.092122708785539E-01  -3.815893826731276E-01  -2.049619118358387E+05
 -4.987610914490829E-01   6.285917868823725E-01  -4.033496608498474E-01  -2.049619118358387E+05
 -5.121639962967000E-01   6.529117581278295E-01  -4.249262316261022E-01  -2.049619118358387E+05
 -5.232556116403838E-01   6.822219820412321E-01  -4.459850470092165E-01  -2.049619118358387E+05
 -5.319857388281252E-01   7.164252551585971E-01  -4.661276841293152E-01  -2.049619118358387E+05
 -5.383860174707157E-01   7.552774319681022E-01  -4.849052951654970E-01  -2.049619118358387E+05
 -5.425652584397405E-01   7.983937335314349E-01  -5.018373208030145E-01  -2.049619118358387E+05
 -5.447009590052613E-01   8.452609973005645E-01  -5.164340413932539E-01  -2.049619118358387E+05
 -5.450276502036850E-01   8.952552567931208E-01  -5.282217323339660E-01  -2.049619118358387E+05
 -5.438228877025046E-01   9.476637745380664E-01  -5.367689578677343E-01  -2.049619118358387E+05
 -5.413918016126255E-01   1.001710438823571E+00  -5.417123980457336E-01  -2.049619118358387E+05
 -5.380511633763024E-01   1.056583285720785E+00  -5.427805683914296E-01  -2.049619118358387E+05
 -5.341139086798893E-01   1.111462829981780E+00  -5.398138651947161E-01  -2.049619118358387E+05
 -5.298749780244336E-01   1.165549884594957E+00  -5.327795483808402E-01  -2.049619118358387E+05
 -5.255992085523068E-01   1.218091617321004E+00  -5.217805483254477E-01  -2.049619118358387E+05
 -5.215118424838008E-01   1.268404727337622E+00  -5.070573360487782E-01  -2.049619118358387E+05
 -5.177920218604186E-01   1.315894816198338E+00  -4.889825056617159E-01  -2.049619118358387E+05
 -5.145694303664013E-01   1.360071261488562E+00  -4.680481574943324E-01  -2.049619118358387E+05
 -5.119240352938090E-01   1.400557163410798E+00  -4.448466115063980E-01  -2.049619118358387E+05
 -5.098886900549890E-01   1.437094207410477E+00  -4.200453945201105E-01  -2.049619118358387E+05
 -5.084541922633670E-01   1.469542553119366E+00  -3.943578043029554E-01  -2.049619118358387E+05
 -5.075762641463167E-01   1.497876105583541E+00  -3.685106347941338E-01  -2.049619118358387E+05
 -5.071838377766026E-01   1.522173735175752E+00  -3.432108311110955E-01  -2.049619118358387E+05
 -5.071879907933555E-01   1.542607176807509E+00  -3.191129180335664E-01  -2.049619118358387E+05
 -5.074908889089603E-01   1.559426449545378E+00  -2.967890062665783E-01  -2.049619118358387E+05
 -5.079941461634379E-01   1.572943690823854E+00  -2.767030293003899E-01  -2.049619118358387E+05
 -5.086061061727604E-01   1.583516295403407E+00  -2.591906098740252E-01  -2.049619118358387E+05
 -5.092476686520082E-01   1.591530192101239E+00  -2.444456154089550E-01  -2.049619118358387E+05
 -5.098564246903563E-01   1.597383988546150E+00  -2.325140584373707E-01  -2.049619118358387E+05
 -5.103890101453312E-01   1.601474575929615E+00  -2.232955572716717E-01  -2.049619118358387E+05
 -5.108217276441787E-01   1.604184624013871E+00  -2.165521225844073E-01  -2.049619118358387E+05
 -5.111496134297577E-01   1.605872224581188E+00  -2.119236062704595E-01  -2.049619118358387E+05
 -5.113842267060583E-01   1.606862772160720E+00  -2.089487675156161E-01  -2.049619118358387E+05
 -5.115505095391283E-01   1.607443016427523E+00  -2.070906016118015E-01  -2.049619118358387E+05
 -5.116831007945938E-01   1.607857091539577E+00  -2.057643589840549E-01  -2.049619118358387E+05
 -5.116831007945938E-01   1.607857091539577E+00  -2.057643589840550E-01   0.000000000000000E+00 8 RotatedCurve15 
end 
