periods   2 
begin filament 
mirror NIL 
  1.526026798623547E+00   5.248819374326855E-01   2.668524583214064E-02   1.000000000000000E+05
  1.526143458863560E+00   5.246288106177631E-01   2.563096670104913E-02   1.000000000000000E+05
  1.526319796563824E+00   5.240263985816143E-01   2.292009601980467E-02   1.000000000000000E+05
  1.526440078479991E+00   5.228613736752056E-01   1.740474372090533E-02   1.000000000000000E+05
  1.526268015422111E+00   5.209806682434802E-01   8.121849614459787E-03   1.000000000000000E+05
  1.525463850774460E+00   5.183028679143152E-01  -5.642525704730490E-03   1.000000000000000E+05
  1.523609250363076E+00   5.148229659390390E-01  -2.430716546280573E-02   1.000000000000000E+05
  1.520238175919229E+00   5.106102933083796E-01  -4.797111069245404E-02   1.000000000000000E+05
  1.514871481215115E+00   5.058000466360751E-01  -7.641199364236992E-02   1.000000000000000E+05
  1.507052701091224E+00   5.005793880534068E-01  -1.091069380875229E-01   1.000000000000000E+05
  1.496382429746109E+00   4.951695392330916E-01  -1.452739080064661E-01   1.000000000000000E+05
  1.482548810688996E+00   4.898055966449127E-01  -1.839298253644506E-01   1.000000000000000E+05
  1.465351975356476E+00   4.847159330035832E-01  -2.239605512907339E-01   1.000000000000000E+05
  1.444720744095575E+00   4.801030126609950E-01  -2.641970307692598E-01   1.000000000000000E+05
  1.420720502675355E+00   4.761272451878996E-01  -3.034915977560324E-01   1.000000000000000E+05
  1.393551840862111E+00   4.728951558597162E-01  -3.407886400870875E-01   1.000000000000000E+05
  1.363540232672687E+00   4.704527013168010E-01  -3.751845017419037E-01   1.000000000000000E+05
  1.331117695694348E+00   4.687840493894945E-01  -4.059725829308747E-01   1.000000000000000E+05
  1.296797938081875E+00   4.678156243507854E-01  -4.326709810483619E-01   1.000000000000000E+05
  1.261146943224141E+00   4.674247423969313E-01  -4.550315688960695E-01   1.000000000000000E+05
  1.224751221736261E+00   4.674517711774019E-01  -4.730309901548603E-01   1.000000000000000E+05
  1.188186060342984E+00   4.677144762445943E-01  -4.868455265730616E-01   1.000000000000000E+05
  1.151986014388430E+00   4.680230881000617E-01  -4.968130313482816E-01   1.000000000000000E+05
  1.116619637107407E+00   4.681946431812467E-01  -5.033860282686419E-01   1.000000000000000E+05
  1.082470039987378E+00   4.680653128165698E-01  -5.070805793762999E-01   1.000000000000000E+05
  1.049822371202108E+00   4.674997142557993E-01  -5.084255969241361E-01   1.000000000000000E+05
  1.018858727596708E+00   4.663965644802427E-01  -5.079169300752734E-01   1.000000000000000E+05
  9.896604282148547E-01   4.646904500783964E-01  -5.059798428559285E-01   1.000000000000000E+05
  9.622170216636505E-01   4.623499011362960E-01  -5.029424990833892E-01   1.000000000000000E+05
  9.364409191036973E-01   4.593723311147610E-01  -4.990218875219435E-01   1.000000000000000E+05
  9.121861748342722E-01   4.557767008546100E-01  -4.943223743100513E-01   1.000000000000000E+05
  8.892697022219577E-01   4.515949551458833E-01  -4.888458789182265E-01   1.000000000000000E+05
  8.674931267041939E-01   4.468633485636395E-01  -4.825116436014499E-01   1.000000000000000E+05
  8.466635395244252E-01   4.416147206237573E-01  -4.751827934280965E-01   1.000000000000000E+05
  8.266116131525663E-01   4.358726091352494E-01  -4.666964254874177E-01   1.000000000000000E+05
  8.072058487462720E-01   4.296478272159690E-01  -4.568938499812339E-01   1.000000000000000E+05
  7.883621160280110E-01   4.229378054147529E-01  -4.456478264284431E-01   1.000000000000000E+05
  7.700480799721178E-01   4.157286531691586E-01  -4.328841564981795E-01   1.000000000000000E+05
  7.522825483661343E-01   4.079995625780358E-01  -4.185957448714128E-01   1.000000000000000E+05
  7.351301829465399E-01   3.997288988615381E-01  -4.028481348624696E-01   1.000000000000000E+05
  7.186923624719294E-01   3.909011262285613E-01  -3.857764694524895E-01   1.000000000000000E+05
  7.030952441025405E-01   3.815136259355767E-01  -3.675747233742965E-01   1.000000000000000E+05
  6.884762241054354E-01   3.715824841776156E-01  -3.484788095577330E-01   1.000000000000000E+05
  6.749700443229326E-01   3.611464576118807E-01  -3.287457129271511E-01   1.000000000000000E+05
  6.626957308807599E-01   3.502685481847741E-01  -3.086310998119240E-01   1.000000000000000E+05
  6.517453988908120E-01   3.390349105717596E-01  -2.883678737701580E-01   1.000000000000000E+05
  6.421757311077299E-01   3.275511415061360E-01  -2.681479091132825E-01   1.000000000000000E+05
  6.340026641470260E-01   3.159363232777312E-01  -2.481087294119694E-01   1.000000000000000E+05
  6.271995197826610E-01   3.043154766459261E-01  -2.283262693734288E-01   1.000000000000000E+05
  6.216985275568431E-01   2.928112885048684E-01  -2.088141393990399E-01   1.000000000000000E+05
  6.173954223548028E-01   2.815360918825558E-01  -1.895290842812936E-01   1.000000000000000E+05
  6.141565860309145E-01   2.705850758905333E-01  -1.703816701980957E-01   1.000000000000000E+05
  6.118280489666784E-01   2.600315889796762E-01  -1.512507162414226E-01   1.000000000000000E+05
  6.102455822854382E-01   2.499251808347142E-01  -1.319996594535005E-01   1.000000000000000E+05
  6.092450943757081E-01   2.402927286188436E-01  -1.124929344280202E-01   1.000000000000000E+05
  6.086725904067557E-01   2.311426436082931E-01  -9.261056356369353E-02   1.000000000000000E+05
  6.083930498489208E-01   2.224717922027639E-01  -7.225947077554948E-02   1.000000000000000E+05
  6.082977105545190E-01   2.142744306940931E-01  -5.138050667887679E-02   1.000000000000000E+05
  6.083094030941756E-01   2.065521837860365E-01  -2.995074706336658E-02   1.000000000000000E+05
  6.083857403486983E-01   1.993239243036253E-01  -7.981229239976387E-03   1.000000000000000E+05
  6.085201211166555E-01   1.926343578038566E-01   1.448914886410356E-02   1.000000000000000E+05
  6.087406418998034E-01   1.865601907388925E-01   3.740238937982546E-02   1.000000000000000E+05
  6.091071208868449E-01   1.812129608202760E-01   6.069134427713457E-02   1.000000000000000E+05
  6.097065191434647E-01   1.767379163257560E-01   8.428928240522966E-02   1.000000000000000E+05
  6.106470964099360E-01   1.733087184493482E-01   1.081376026166056E-01   1.000000000000000E+05
  6.120516659172749E-01   1.711181694689431E-01   1.321905104751935E-01   1.000000000000000E+05
  6.140503194310858E-01   1.703655961623784E-01   1.564159168058762E-01   1.000000000000000E+05
  6.167729863245444E-01   1.712418981956191E-01   1.807923552811857E-01   1.000000000000000E+05
  6.203421745812880E-01   1.739135643252636E-01   2.053022875945901E-01   1.000000000000000E+05
  6.248662216834378E-01   1.785071322024564E-01   2.299226983639703E-01   1.000000000000000E+05
  6.304333618422465E-01   1.850955987040133E-01   2.546143111607111E-01   1.000000000000000E+05
  6.371068931962278E-01   1.936881692488228E-01   2.793110266455617E-01   1.000000000000000E+05
  6.449217024642844E-01   2.042244736212225E-01   3.039112561432880E-01   1.000000000000000E+05
  6.538823714254208E-01   2.165739941076552E-01   3.282726838915035E-01   1.000000000000000E+05
  6.639630449327407E-01   2.305409836365128E-01   3.522116479819963E-01   1.000000000000000E+05
  6.751091795173215E-01   2.458746409844128E-01   3.755078170370891E-01   1.000000000000000E+05
  6.872412117827162E-01   2.622838061894431E-01   3.979142111477177E-01   1.000000000000000E+05
  7.002600857581797E-01   2.794549918324544E-01   4.191719410698011E-01   1.000000000000000E+05
  7.140544602116112E-01   2.970722201389023E-01   4.390283966017922E-01   1.000000000000000E+05
  7.285092860998895E-01   3.148369282474338E-01   4.572570804499823E-01   1.000000000000000E+05
  7.435153097350971E-01   3.324861580520936E-01   4.736769256787155E-01   1.000000000000000E+05
  7.589789306333347E-01   3.498073709807175E-01   4.881688041069205E-01   1.000000000000000E+05
  7.748317380535291E-01   3.666485137169754E-01   5.006870577087155E-01   1.000000000000000E+05
  7.910389811299066E-01   3.829223840725840E-01   5.112642661360326E-01   1.000000000000000E+05
  8.076062073825401E-01   3.986048689841210E-01   5.200080736722986E-01   1.000000000000000E+05
  8.245833436194792E-01   4.137272005800226E-01   5.270896846842180E-01   1.000000000000000E+05
  8.420655978444561E-01   4.283629472290507E-01   5.327245227578592E-01   1.000000000000000E+05
  8.601907311693905E-01   4.426109695645178E-01   5.371464454683997E-01   1.000000000000000E+05
  8.791324789144007E-01   4.565759764442438E-01   5.405777188040893E-01   1.000000000000000E+05
  8.990901774924472E-01   4.703485719946577E-01   5.431975914698703E-01   1.000000000000000E+05
  9.202749596728501E-01   4.839867652796204E-01   5.451126923022410E-01   1.000000000000000E+05
  9.428931918533626E-01   4.975008081476099E-01   5.463325489254024E-01   1.000000000000000E+05
  9.671281164034679E-01   5.108429415371648E-01   5.467532666559721E-01   1.000000000000000E+05
  9.931209025112783E-01   5.239031902737267E-01   5.461518204368613E-01   1.000000000000000E+05
  1.020952474546574E+00   5.365117905875580E-01   5.441925396306522E-01   1.000000000000000E+05
  1.050627556347224E+00   5.484482141470266E-01   5.404462769481098E-01   1.000000000000000E+05
  1.082062328358435E+00   5.594561250316483E-01   5.344215445851026E-01   1.000000000000000E+05
  1.115076936137992E+00   5.692630308056410E-01   5.256056850119933E-01   1.000000000000000E+05
  1.149393817168796E+00   5.776029204739048E-01   5.135130388222153E-01   1.000000000000000E+05
  1.184642442205203E+00   5.842398658808609E-01   4.977361900483203E-01   1.000000000000000E+05
  1.220370621212274E+00   5.889904304395392E-01   4.779958060937888E-01   1.000000000000000E+05
  1.256062034218058E+00   5.917427943809966E-01   4.541844139822299E-01   1.000000000000000E+05
  1.291159151827961E+00   5.924707649698188E-01   4.263997018623730E-01   1.000000000000000E+05
  1.325090249343824E+00   5.912412711273667E-01   3.949636008050736E-01   1.000000000000000E+05
  1.357298832417053E+00   5.882145062265236E-01   3.604244434860308E-01   1.000000000000000E+05
  1.387273516855398E+00   5.836365293893911E-01   3.235408332674374E-01   1.000000000000000E+05
  1.414576269035387E+00   5.778248054327844E-01   2.852473791374836E-01   1.000000000000000E+05
  1.438866934473481E+00   5.711477952571128E-01   2.466040278542206E-01   1.000000000000000E+05
  1.459922166247070E+00   5.640002438960041E-01   2.087322143123489E-01   1.000000000000000E+05
  1.477647204505991E+00   5.567762033549272E-01   1.727423181702892E-01   1.000000000000000E+05
  1.492079432364753E+00   5.498420358867823E-01   1.396578391365701E-01   1.000000000000000E+05
  1.503383209097830E+00   5.435116513536676E-01   1.103421928823243E-01   1.000000000000000E+05
  1.511836116229742E+00   5.380260392019837E-01   8.543402910152441E-02   1.000000000000000E+05
  1.517807396941475E+00   5.335387792707412E-01   6.529647026271175E-02   1.000000000000000E+05
  1.521729972945648E+00   5.301086909150966E-01   4.998469618695485E-02   1.000000000000000E+05
  1.524067936241164E+00   5.277001550257610E-01   3.923493030247271E-02   1.000000000000000E+05
  1.525281792674123E+00   5.261909756765789E-01   3.247622917239178E-02   1.000000000000000E+05
  1.525793946633690E+00   5.253869981203415E-01   2.886467540881344E-02   1.000000000000000E+05
  1.525956941053049E+00   5.250421263392165E-01   2.733777787251289E-02   1.000000000000000E+05
  1.526026798623547E+00   5.248819374326855E-01   2.668524583214064E-02   1.000000000000000E+05
  1.526026798623547E+00   5.248819374326855E-01   2.668524583214064E-02   0.000000000000000E+00 1 CurveXYZFourier1 
  7.319393813411338E-01   1.391926850795376E+00  -2.960079473389944E-02   9.820347734044865E+04
  7.317534737308562E-01   1.392021876178755E+00  -2.992236850502509E-02   9.820347734044865E+04
  7.312155026289876E-01   1.392308385020085E+00  -3.086345283189455E-02   9.820347734044865E+04
  7.296236219523377E-01   1.393036457927247E+00  -3.345703670356671E-02   9.820347734044865E+04
  7.262564658775642E-01   1.394349961375049E+00  -3.861429855108336E-02   9.820347734044865E+04
  7.204355994350771E-01   1.396264806179710E+00  -4.706612250129647E-02   9.820347734044865E+04
  7.115841451971179E-01   1.398657208044122E+00  -5.931728928878428E-02   9.820347734044865E+04
  6.992768553651537E-01   1.401263525199441E+00  -7.561655182119885E-02   9.820347734044865E+04
  6.832777030230844E-01   1.403692265987198E+00  -9.594459651921751E-02   9.820347734044865E+04
  6.635621926361742E-01   1.405447786179013E+00  -1.200205281205927E-01   9.820347734044865E+04
  6.403229328086020E-01   1.405964129831430E+00  -1.473261087210229E-01   9.820347734044865E+04
  6.139584509365374E-01   1.404646508252534E+00  -1.771456460661013E-01   9.820347734044865E+04
  5.850466306337750E-01   1.400917151245116E+00  -2.086182698839152E-01   9.820347734044865E+04
  5.543053954033934E-01   1.394261778575412E+00  -2.407984511783448E-01   9.820347734044865E+04
  5.225442397764586E-01   1.384272778854414E+00  -2.727200772511867E-01   9.820347734044865E+04
  4.906108423539970E-01   1.370685369548298E+00  -3.034592348693177E-01   9.820347734044865E+04
  4.593372375326179E-01   1.353403535523218E+00  -3.321910830190652E-01   9.820347734044865E+04
  4.294898647464000E-01   1.332513362740174E+00  -3.582367898142622E-01   9.820347734044865E+04
  4.017272833475341E-01   1.308282428778329E+00  -3.810974097438459E-01   9.820347734044865E+04
  3.765684988039076E-01   1.281145091256394E+00  -4.004727068041380E-01   9.820347734044865E+04
  3.543737796907108E-01   1.251674723882344E+00  -4.162641875783321E-01   9.820347734044865E+04
  3.353386609561144E-01   1.220545078879870E+00  -4.285628883947100E-01   9.820347734044865E+04
  3.195006406135781E-01   1.188483901284279E+00  -4.376236551581524E-01   9.820347734044865E+04
  3.067569943689419E-01   1.156222598341536E+00  -4.438286658862232E-01   9.820347734044865E+04
  2.968912519223337E-01   1.124446113342362E+00  -4.476436949798676E-01   9.820347734044865E+04
  2.896052733764506E-01   1.093747135098714E+00  -4.495710499442243E-01   9.820347734044865E+04
  2.845535789181977E-01   1.064588392571204E+00  -4.501031995320040E-01   9.820347734044865E+04
  2.813766318884126E-01   1.037276072819636E+00  -4.496808613356957E-01   9.820347734044865E+04
  2.797301340951891E-01   1.011946423628673E+00  -4.486587601146055E-01   9.820347734044865E+04
  2.793080127744195E-01   9.885664483141320E-01  -4.472814644661973E-01   9.820347734044865E+04
  2.798575872539250E-01   9.669483738977689E-01  -4.456707372245465E-01   9.820347734044865E+04
  2.811863107549996E-01   9.467763859847272E-01  -4.438247845866051E-01   9.820347734044865E+04
  2.831603931960577E-01   9.276430812891298E-01  -4.416287544355449E-01   9.820347734044865E+04
  2.856964321541420E-01   9.090922849677402E-01  -4.388749047806405E-01   9.820347734044865E+04
  2.887478317444965E-01   8.906643854091976E-01  -4.352901151236939E-01   9.820347734044865E+04
  2.922882138561252E-01   8.719401956214377E-01  -4.305679042693000E-01   9.820347734044865E+04
  2.962941894105171E-01   8.525795669389831E-01  -4.244018814433629E-01   9.820347734044865E+04
  3.007297539498240E-01   8.323515332206173E-01  -4.165176016664854E-01   9.820347734044865E+04
  3.055342248442494E-01   8.111535970264584E-01  -4.067001037698298E-01   9.820347734044865E+04
  3.106150945659111E-01   7.890188030554985E-01  -3.948149399819783E-01   9.820347734044865E+04
  3.158465028542425E-01   7.661103803468817E-01  -3.808212011224792E-01   9.820347734044865E+04
  3.210733089109927E-01   7.427048670659997E-01  -3.647758304325633E-01   9.820347734044865E+04
  3.261200547878101E-01   7.191656555481865E-01  -3.468293261584919E-01   9.820347734044865E+04
  3.308035289467164E-01   6.959097176772846E-01  -3.272136844912847E-01   9.820347734044865E+04
  3.349472269696055E-01   6.733708188517996E-01  -3.062240655226952E-01   9.820347734044865E+04
  3.383958068423479E-01   6.519627567719564E-01  -2.841961251466308E-01   9.820347734044865E+04
  3.410276671195688E-01   6.320460539162847E-01  -2.614812134644469E-01   9.820347734044865E+04
  3.427640297210223E-01   6.139011065548026E-01  -2.384216839760560E-01   9.820347734044865E+04
  3.435733526348755E-01   5.977100949720381E-01  -2.153283970034585E-01   9.820347734044865E+04
  3.434704781449439E-01   5.835490607233357E-01  -1.924621633992138E-01   9.820347734044865E+04
  3.425105713450901E-01   5.713905464982328E-01  -1.700204036196705E-01   9.820347734044865E+04
  3.407785464495214E-01   5.611161708058628E-01  -1.481297456927637E-01   9.820347734044865E+04
  3.383752406353976E-01   5.525375710003756E-01  -1.268447108028548E-01   9.820347734044865E+04
  3.354020119547941E-01   5.454233820246999E-01  -1.061520929391336E-01   9.820347734044865E+04
  3.319456606242830E-01   5.395293944126259E-01  -8.598017816006354E-02   9.820347734044865E+04
  3.280655747733652E-01   5.346287987357722E-01  -6.621160698784533E-02   9.820347734044865E+04
  3.237847801629458E-01   5.305394914927201E-01  -4.669848329814258E-02   9.820347734044865E+04
  3.190861510891521E-01   5.271457764588886E-01  -2.727828197421882E-02   9.820347734044865E+04
  3.139144618911835E-01   5.244124049219946E-01  -7.789197118035236E-03   9.820347734044865E+04
  3.081842882173397E-01   5.223896937617830E-01   1.191621939351495E-02   9.820347734044865E+04
  3.017930785666195E-01   5.212093609552182E-01   3.195998539011606E-02   9.820347734044865E+04
  2.946380867925585E-01   5.210716341602434E-01   5.243069761141452E-02   9.820347734044865E+04
  2.866353571167718E-01   5.222250302029915E-01   7.337879140820562E-02   9.820347734044865E+04
  2.777386434609349E-01   5.249408912228517E-01   9.481490438451103E-02   9.820347734044865E+04
  2.679560635477339E-01   5.294852332744244E-01   1.167109445535265E-01   9.820347734044865E+04
  2.573624499791206E-01   5.360906743266103E-01   1.390032941115519E-01   9.820347734044865E+04
  2.461057538832354E-01   5.449311460411647E-01   1.615975030782558E-01   9.820347734044865E+04
  2.344064448004987E-01   5.561017698354290E-01   1.843738399451954E-01   9.820347734044865E+04
  2.225495743930617E-01   5.696057303415125E-01   2.071931552513353E-01   9.820347734044865E+04
  2.108699564037022E-01   5.853492674596810E-01   2.299026561274872E-01   9.820347734044865E+04
  1.997316777904093E-01   6.031451056806200E-01   2.523413574011034E-01   9.820347734044865E+04
  1.895038131818155E-01   6.227238274114816E-01   2.743451383647655E-01   9.820347734044865E+04
  1.805346929379126E-01   6.437519559206153E-01   2.957514667085162E-01   9.820347734044865E+04
  1.731273175126617E-01   6.658549145033428E-01   3.164039312614319E-01   9.820347734044865E+04
  1.675184843648074E-01   6.886426269508343E-01   3.361567406466071E-01   9.820347734044865E+04
  1.638638927529330E-01   7.117353546254445E-01   3.548792936322184E-01   9.820347734044865E+04
  1.622309395548671E-01   7.347874375144738E-01   3.724608174302316E-01   9.820347734044865E+04
  1.626001659840247E-01   7.575069059987958E-01   3.888149206503658E-01   9.820347734044865E+04
  1.648754334193923E-01   7.796694195222740E-01   4.038837435963929E-01   9.820347734044865E+04
  1.689019846855869E-01   8.011256122815070E-01   4.176412396930312E-01   9.820347734044865E+04
  1.744906799276793E-01   8.218016165579513E-01   4.300950178235417E-01   9.820347734044865E+04
  1.814459757712367E-01   8.416932183915722E-01   4.412861421271822E-01   9.820347734044865E+04
  1.895947223982641E-01   8.608547075137144E-01   4.512863416225080E-01   9.820347734044865E+04
  1.988126442975290E-01   8.793839531985330E-01   4.601922345819827E-01   9.820347734044865E+04
  2.090454781574091E-01   8.974055252798112E-01   4.681164171965683E-01   9.820347734044865E+04
  2.203221657557983E-01   9.150537606552892E-01   4.751755852643693E-01   9.820347734044865E+04
  2.327582087377115E-01   9.324575483213957E-01   4.814762222761403E-01   9.820347734044865E+04
  2.465482241041390E-01   9.497282908301417E-01   4.870987591156689E-01   9.820347734044865E+04
  2.619478080206236E-01   9.669520373087966E-01   4.920814461056582E-01   9.820347734044865E+04
  2.792459188391846E-01   9.841862282979129E-01   4.964054331219053E-01   9.820347734044865E+04
  2.987300191392194E-01   1.001460910147011E+00   4.999826881645639E-01   9.820347734044865E+04
  3.206470663820125E-01   1.018783733035632E+00   5.026483685616416E-01   9.820347734044865E+04
  3.451640222767923E-01   1.036147603088419E+00   5.041590747520089E-01   9.820347734044865E+04
  3.723317958417928E-01   1.053539564889222E+00   5.041980636109062E-01   9.820347734044865E+04
  4.020564089988812E-01   1.070949378151829E+00   5.023879935901306E-01   9.820347734044865E+04
  4.340806760724749E-01   1.088376332916506E+00   4.983111519848085E-01   9.820347734044865E+04
  4.679788554497359E-01   1.105833111083628E+00   4.915364249737845E-01   9.820347734044865E+04
  5.031656319075398E-01   1.123345917292278E+00   4.816515744322858E-01   9.820347734044865E+04
  5.389195181353418E-01   1.140950620642874E+00   4.682987484015477E-01   9.820347734044865E+04
  5.744194389109822E-01   1.158685209958067E+00   4.512106405698317E-01   9.820347734044865E+04
  6.087920044157722E-01   1.176579403048967E+00   4.302443871741719E-01   9.820347734044865E+04
  6.411659099636892E-01   1.194642700382841E+00   4.054101930817585E-01   9.820347734044865E+04
  6.707291226287769E-01   1.212852480043674E+00   3.768918396018064E-01   9.820347734044865E+04
  6.967841103478613E-01   1.231143853431112E+00   3.450566496702905E-01   9.820347734044865E+04
  7.187963823664335E-01   1.249402919040163E+00   3.104531522546481E-01   9.820347734044865E+04
  7.364320496395939E-01   1.267464766627973E+00   2.737955543909160E-01   9.820347734044865E+04
  7.495809488307982E-01   1.285117120555409E+00   2.359351326259388E-01   9.820347734044865E+04
  7.583630356297953E-01   1.302109914128525E+00   1.978197162664655E-01   9.820347734044865E+04
  7.631171428029141E-01   1.318170417613193E+00   1.604434638163487E-01   9.820347734044865E+04
  7.643726939397996E-01   1.333022872547425E+00   1.247900407203292E-01   9.820347734044865E+04
  7.628064322578435E-01   1.346410987991510E+00   9.177300694017286E-02   9.820347734044865E+04
  7.591875330085748E-01   1.358121199257742E+00   6.217764726616105E-02   9.820347734044865E+04
  7.543154991081422E-01   1.368004332689198E+00   3.660857713968927E-02   9.820347734044865E+04
  7.489558979330195E-01   1.375993298569796E+00   1.544721000520784E-02   9.820347734044865E+04
  7.437792212352710E-01   1.382114662242472E+00  -1.177414072887553E-03   9.820347734044865E+04
  7.393079172265354E-01   1.386492409454232E+00  -1.340182795041721E-02   9.820347734044865E+04
  7.358759726044877E-01   1.389342889181515E+00  -2.162388270974974E-02   9.820347734044865E+04
  7.336043707676531E-01   1.390960726941658E+00  -2.648083737744245E-02   9.820347734044865E+04
  7.323944131057410E-01   1.391696378303815E+00  -2.881092405125445E-02   9.820347734044865E+04
  7.319393813411338E-01   1.391926850795376E+00  -2.960079473389943E-02   9.820347734044865E+04
  7.319393813411338E-01   1.391926850795376E+00  -2.960079473389944E-02   0.000000000000000E+00 2 CurveXYZFourier2 
  1.526026798623547E+00  -5.248819374326855E-01  -2.668524583214064E-02  -1.000000000000000E+05
  1.526143458863560E+00  -5.246288106177631E-01  -2.563096670104913E-02  -1.000000000000000E+05
  1.526319796563824E+00  -5.240263985816143E-01  -2.292009601980467E-02  -1.000000000000000E+05
  1.526440078479991E+00  -5.228613736752056E-01  -1.740474372090533E-02  -1.000000000000000E+05
  1.526268015422111E+00  -5.209806682434802E-01  -8.121849614459787E-03  -1.000000000000000E+05
  1.525463850774460E+00  -5.183028679143152E-01   5.642525704730490E-03  -1.000000000000000E+05
  1.523609250363076E+00  -5.148229659390390E-01   2.430716546280573E-02  -1.000000000000000E+05
  1.520238175919229E+00  -5.106102933083796E-01   4.797111069245404E-02  -1.000000000000000E+05
  1.514871481215115E+00  -5.058000466360751E-01   7.641199364236992E-02  -1.000000000000000E+05
  1.507052701091224E+00  -5.005793880534068E-01   1.091069380875229E-01  -1.000000000000000E+05
  1.496382429746109E+00  -4.951695392330916E-01   1.452739080064661E-01  -1.000000000000000E+05
  1.482548810688996E+00  -4.898055966449127E-01   1.839298253644506E-01  -1.000000000000000E+05
  1.465351975356476E+00  -4.847159330035832E-01   2.239605512907339E-01  -1.000000000000000E+05
  1.444720744095575E+00  -4.801030126609950E-01   2.641970307692598E-01  -1.000000000000000E+05
  1.420720502675355E+00  -4.761272451878996E-01   3.034915977560324E-01  -1.000000000000000E+05
  1.393551840862111E+00  -4.728951558597162E-01   3.407886400870875E-01  -1.000000000000000E+05
  1.363540232672687E+00  -4.704527013168010E-01   3.751845017419037E-01  -1.000000000000000E+05
  1.331117695694348E+00  -4.687840493894945E-01   4.059725829308747E-01  -1.000000000000000E+05
  1.296797938081875E+00  -4.678156243507854E-01   4.326709810483619E-01  -1.000000000000000E+05
  1.261146943224141E+00  -4.674247423969313E-01   4.550315688960695E-01  -1.000000000000000E+05
  1.224751221736261E+00  -4.674517711774019E-01   4.730309901548603E-01  -1.000000000000000E+05
  1.188186060342984E+00  -4.677144762445943E-01   4.868455265730616E-01  -1.000000000000000E+05
  1.151986014388430E+00  -4.680230881000617E-01   4.968130313482816E-01  -1.000000000000000E+05
  1.116619637107407E+00  -4.681946431812467E-01   5.033860282686419E-01  -1.000000000000000E+05
  1.082470039987378E+00  -4.680653128165698E-01   5.070805793762999E-01  -1.000000000000000E+05
  1.049822371202108E+00  -4.674997142557993E-01   5.084255969241361E-01  -1.000000000000000E+05
  1.018858727596708E+00  -4.663965644802427E-01   5.079169300752734E-01  -1.000000000000000E+05
  9.896604282148547E-01  -4.646904500783964E-01   5.059798428559285E-01  -1.000000000000000E+05
  9.622170216636505E-01  -4.623499011362960E-01   5.029424990833892E-01  -1.000000000000000E+05
  9.364409191036973E-01  -4.593723311147610E-01   4.990218875219435E-01  -1.000000000000000E+05
  9.121861748342722E-01  -4.557767008546100E-01   4.943223743100513E-01  -1.000000000000000E+05
  8.892697022219577E-01  -4.515949551458833E-01   4.888458789182265E-01  -1.000000000000000E+05
  8.674931267041939E-01  -4.468633485636395E-01   4.825116436014499E-01  -1.000000000000000E+05
  8.466635395244252E-01  -4.416147206237573E-01   4.751827934280965E-01  -1.000000000000000E+05
  8.266116131525663E-01  -4.358726091352494E-01   4.666964254874177E-01  -1.000000000000000E+05
  8.072058487462720E-01  -4.296478272159690E-01   4.568938499812339E-01  -1.000000000000000E+05
  7.883621160280110E-01  -4.229378054147529E-01   4.456478264284431E-01  -1.000000000000000E+05
  7.700480799721178E-01  -4.157286531691586E-01   4.328841564981795E-01  -1.000000000000000E+05
  7.522825483661343E-01  -4.079995625780358E-01   4.185957448714128E-01  -1.000000000000000E+05
  7.351301829465399E-01  -3.997288988615381E-01   4.028481348624696E-01  -1.000000000000000E+05
  7.186923624719294E-01  -3.909011262285613E-01   3.857764694524895E-01  -1.000000000000000E+05
  7.030952441025405E-01  -3.815136259355767E-01   3.675747233742965E-01  -1.000000000000000E+05
  6.884762241054354E-01  -3.715824841776156E-01   3.484788095577330E-01  -1.000000000000000E+05
  6.749700443229326E-01  -3.611464576118807E-01   3.287457129271511E-01  -1.000000000000000E+05
  6.626957308807599E-01  -3.502685481847741E-01   3.086310998119240E-01  -1.000000000000000E+05
  6.517453988908120E-01  -3.390349105717596E-01   2.883678737701580E-01  -1.000000000000000E+05
  6.421757311077299E-01  -3.275511415061360E-01   2.681479091132825E-01  -1.000000000000000E+05
  6.340026641470260E-01  -3.159363232777312E-01   2.481087294119694E-01  -1.000000000000000E+05
  6.271995197826610E-01  -3.043154766459261E-01   2.283262693734288E-01  -1.000000000000000E+05
  6.216985275568431E-01  -2.928112885048684E-01   2.088141393990399E-01  -1.000000000000000E+05
  6.173954223548028E-01  -2.815360918825558E-01   1.895290842812936E-01  -1.000000000000000E+05
  6.141565860309145E-01  -2.705850758905333E-01   1.703816701980957E-01  -1.000000000000000E+05
  6.118280489666784E-01  -2.600315889796762E-01   1.512507162414226E-01  -1.000000000000000E+05
  6.102455822854382E-01  -2.499251808347142E-01   1.319996594535005E-01  -1.000000000000000E+05
  6.092450943757081E-01  -2.402927286188436E-01   1.124929344280202E-01  -1.000000000000000E+05
  6.086725904067557E-01  -2.311426436082931E-01   9.261056356369353E-02  -1.000000000000000E+05
  6.083930498489208E-01  -2.224717922027639E-01   7.225947077554948E-02  -1.000000000000000E+05
  6.082977105545190E-01  -2.142744306940931E-01   5.138050667887679E-02  -1.000000000000000E+05
  6.083094030941756E-01  -2.065521837860365E-01   2.995074706336658E-02  -1.000000000000000E+05
  6.083857403486983E-01  -1.993239243036253E-01   7.981229239976387E-03  -1.000000000000000E+05
  6.085201211166555E-01  -1.926343578038566E-01  -1.448914886410356E-02  -1.000000000000000E+05
  6.087406418998034E-01  -1.865601907388925E-01  -3.740238937982546E-02  -1.000000000000000E+05
  6.091071208868449E-01  -1.812129608202760E-01  -6.069134427713457E-02  -1.000000000000000E+05
  6.097065191434647E-01  -1.767379163257560E-01  -8.428928240522966E-02  -1.000000000000000E+05
  6.106470964099360E-01  -1.733087184493482E-01  -1.081376026166056E-01  -1.000000000000000E+05
  6.120516659172749E-01  -1.711181694689431E-01  -1.321905104751935E-01  -1.000000000000000E+05
  6.140503194310858E-01  -1.703655961623784E-01  -1.564159168058762E-01  -1.000000000000000E+05
  6.167729863245444E-01  -1.712418981956191E-01  -1.807923552811857E-01  -1.000000000000000E+05
  6.203421745812880E-01  -1.739135643252636E-01  -2.053022875945901E-01  -1.000000000000000E+05
  6.248662216834378E-01  -1.785071322024564E-01  -2.299226983639703E-01  -1.000000000000000E+05
  6.304333618422465E-01  -1.850955987040133E-01  -2.546143111607111E-01  -1.000000000000000E+05
  6.371068931962278E-01  -1.936881692488228E-01  -2.793110266455617E-01  -1.000000000000000E+05
  6.449217024642844E-01  -2.042244736212225E-01  -3.039112561432880E-01  -1.000000000000000E+05
  6.538823714254208E-01  -2.165739941076552E-01  -3.282726838915035E-01  -1.000000000000000E+05
  6.639630449327407E-01  -2.305409836365128E-01  -3.522116479819963E-01  -1.000000000000000E+05
  6.751091795173215E-01  -2.458746409844128E-01  -3.755078170370891E-01  -1.000000000000000E+05
  6.872412117827162E-01  -2.622838061894431E-01  -3.979142111477177E-01  -1.000000000000000E+05
  7.002600857581797E-01  -2.794549918324544E-01  -4.191719410698011E-01  -1.000000000000000E+05
  7.140544602116112E-01  -2.970722201389023E-01  -4.390283966017922E-01  -1.000000000000000E+05
  7.285092860998895E-01  -3.148369282474338E-01  -4.572570804499823E-01  -1.000000000000000E+05
  7.435153097350971E-01  -3.324861580520936E-01  -4.736769256787155E-01  -1.000000000000000E+05
  7.589789306333347E-01  -3.498073709807175E-01  -4.881688041069205E-01  -1.000000000000000E+05
  7.748317380535291E-01  -3.666485137169754E-01  -5.006870577087155E-01  -1.000000000000000E+05
  7.910389811299066E-01  -3.829223840725840E-01  -5.112642661360326E-01  -1.000000000000000E+05
  8.076062073825401E-01  -3.986048689841210E-01  -5.200080736722986E-01  -1.000000000000000E+05
  8.245833436194792E-01  -4.137272005800226E-01  -5.270896846842180E-01  -1.000000000000000E+05
  8.420655978444561E-01  -4.283629472290507E-01  -5.327245227578592E-01  -1.000000000000000E+05
  8.601907311693905E-01  -4.426109695645178E-01  -5.371464454683997E-01  -1.000000000000000E+05
  8.791324789144007E-01  -4.565759764442438E-01  -5.405777188040893E-01  -1.000000000000000E+05
  8.990901774924472E-01  -4.703485719946577E-01  -5.431975914698703E-01  -1.000000000000000E+05
  9.202749596728501E-01  -4.839867652796204E-01  -5.451126923022410E-01  -1.000000000000000E+05
  9.428931918533626E-01  -4.975008081476099E-01  -5.463325489254024E-01  -1.000000000000000E+05
  9.671281164034679E-01  -5.108429415371648E-01  -5.467532666559721E-01  -1.000000000000000E+05
  9.931209025112783E-01  -5.239031902737267E-01  -5.461518204368613E-01  -1.000000000000000E+05
  1.020952474546574E+00  -5.365117905875580E-01  -5.441925396306522E-01  -1.000000000000000E+05
  1.050627556347224E+00  -5.484482141470266E-01  -5.404462769481098E-01  -1.000000000000000E+05
  1.082062328358435E+00  -5.594561250316483E-01  -5.344215445851026E-01  -1.000000000000000E+05
  1.115076936137992E+00  -5.692630308056410E-01  -5.256056850119933E-01  -1.000000000000000E+05
  1.149393817168796E+00  -5.776029204739048E-01  -5.135130388222153E-01  -1.000000000000000E+05
  1.184642442205203E+00  -5.842398658808609E-01  -4.977361900483203E-01  -1.000000000000000E+05
  1.220370621212274E+00  -5.889904304395392E-01  -4.779958060937888E-01  -1.000000000000000E+05
  1.256062034218058E+00  -5.917427943809966E-01  -4.541844139822299E-01  -1.000000000000000E+05
  1.291159151827961E+00  -5.924707649698188E-01  -4.263997018623730E-01  -1.000000000000000E+05
  1.325090249343824E+00  -5.912412711273667E-01  -3.949636008050736E-01  -1.000000000000000E+05
  1.357298832417053E+00  -5.882145062265236E-01  -3.604244434860308E-01  -1.000000000000000E+05
  1.387273516855398E+00  -5.836365293893911E-01  -3.235408332674374E-01  -1.000000000000000E+05
  1.414576269035387E+00  -5.778248054327844E-01  -2.852473791374836E-01  -1.000000000000000E+05
  1.438866934473481E+00  -5.711477952571128E-01  -2.466040278542206E-01  -1.000000000000000E+05
  1.459922166247070E+00  -5.640002438960041E-01  -2.087322143123489E-01  -1.000000000000000E+05
  1.477647204505991E+00  -5.567762033549272E-01  -1.727423181702892E-01  -1.000000000000000E+05
  1.492079432364753E+00  -5.498420358867823E-01  -1.396578391365701E-01  -1.000000000000000E+05
  1.503383209097830E+00  -5.435116513536676E-01  -1.103421928823243E-01  -1.000000000000000E+05
  1.511836116229742E+00  -5.380260392019837E-01  -8.543402910152441E-02  -1.000000000000000E+05
  1.517807396941475E+00  -5.335387792707412E-01  -6.529647026271175E-02  -1.000000000000000E+05
  1.521729972945648E+00  -5.301086909150966E-01  -4.998469618695485E-02  -1.000000000000000E+05
  1.524067936241164E+00  -5.277001550257610E-01  -3.923493030247271E-02  -1.000000000000000E+05
  1.525281792674123E+00  -5.261909756765789E-01  -3.247622917239178E-02  -1.000000000000000E+05
  1.525793946633690E+00  -5.253869981203415E-01  -2.886467540881344E-02  -1.000000000000000E+05
  1.525956941053049E+00  -5.250421263392165E-01  -2.733777787251289E-02  -1.000000000000000E+05
  1.526026798623547E+00  -5.248819374326855E-01  -2.668524583214064E-02  -1.000000000000000E+05
  1.526026798623547E+00  -5.248819374326855E-01  -2.668524583214064E-02   0.000000000000000E+00 3 RotatedCurve7 
  7.319393813411338E-01  -1.391926850795376E+00   2.960079473389944E-02  -9.820347734044865E+04
  7.317534737308562E-01  -1.392021876178755E+00   2.992236850502509E-02  -9.820347734044865E+04
  7.312155026289876E-01  -1.392308385020085E+00   3.086345283189455E-02  -9.820347734044865E+04
  7.296236219523377E-01  -1.393036457927247E+00   3.345703670356671E-02  -9.820347734044865E+04
  7.262564658775642E-01  -1.394349961375049E+00   3.861429855108336E-02  -9.820347734044865E+04
  7.204355994350771E-01  -1.396264806179710E+00   4.706612250129647E-02  -9.820347734044865E+04
  7.115841451971179E-01  -1.398657208044122E+00   5.931728928878428E-02  -9.820347734044865E+04
  6.992768553651537E-01  -1.401263525199441E+00   7.561655182119885E-02  -9.820347734044865E+04
  6.832777030230844E-01  -1.403692265987198E+00   9.594459651921751E-02  -9.820347734044865E+04
  6.635621926361742E-01  -1.405447786179013E+00   1.200205281205927E-01  -9.820347734044865E+04
  6.403229328086020E-01  -1.405964129831430E+00   1.473261087210229E-01  -9.820347734044865E+04
  6.139584509365374E-01  -1.404646508252534E+00   1.771456460661013E-01  -9.820347734044865E+04
  5.850466306337750E-01  -1.400917151245116E+00   2.086182698839152E-01  -9.820347734044865E+04
  5.543053954033934E-01  -1.394261778575412E+00   2.407984511783448E-01  -9.820347734044865E+04
  5.225442397764586E-01  -1.384272778854414E+00   2.727200772511867E-01  -9.820347734044865E+04
  4.906108423539970E-01  -1.370685369548298E+00   3.034592348693177E-01  -9.820347734044865E+04
  4.593372375326179E-01  -1.353403535523218E+00   3.321910830190652E-01  -9.820347734044865E+04
  4.294898647464000E-01  -1.332513362740174E+00   3.582367898142622E-01  -9.820347734044865E+04
  4.017272833475341E-01  -1.308282428778329E+00   3.810974097438459E-01  -9.820347734044865E+04
  3.765684988039076E-01  -1.281145091256394E+00   4.004727068041380E-01  -9.820347734044865E+04
  3.543737796907108E-01  -1.251674723882344E+00   4.162641875783321E-01  -9.820347734044865E+04
  3.353386609561144E-01  -1.220545078879870E+00   4.285628883947100E-01  -9.820347734044865E+04
  3.195006406135781E-01  -1.188483901284279E+00   4.376236551581524E-01  -9.820347734044865E+04
  3.067569943689419E-01  -1.156222598341536E+00   4.438286658862232E-01  -9.820347734044865E+04
  2.968912519223337E-01  -1.124446113342362E+00   4.476436949798676E-01  -9.820347734044865E+04
  2.896052733764506E-01  -1.093747135098714E+00   4.495710499442243E-01  -9.820347734044865E+04
  2.845535789181977E-01  -1.064588392571204E+00   4.501031995320040E-01  -9.820347734044865E+04
  2.813766318884126E-01  -1.037276072819636E+00   4.496808613356957E-01  -9.820347734044865E+04
  2.797301340951891E-01  -1.011946423628673E+00   4.486587601146055E-01  -9.820347734044865E+04
  2.793080127744195E-01  -9.885664483141320E-01   4.472814644661973E-01  -9.820347734044865E+04
  2.798575872539250E-01  -9.669483738977689E-01   4.456707372245465E-01  -9.820347734044865E+04
  2.811863107549996E-01  -9.467763859847272E-01   4.438247845866051E-01  -9.820347734044865E+04
  2.831603931960577E-01  -9.276430812891298E-01   4.416287544355449E-01  -9.820347734044865E+04
  2.856964321541420E-01  -9.090922849677402E-01   4.388749047806405E-01  -9.820347734044865E+04
  2.887478317444965E-01  -8.906643854091976E-01   4.352901151236939E-01  -9.820347734044865E+04
  2.922882138561252E-01  -8.719401956214377E-01   4.305679042693000E-01  -9.820347734044865E+04
  2.962941894105171E-01  -8.525795669389831E-01   4.244018814433629E-01  -9.820347734044865E+04
  3.007297539498240E-01  -8.323515332206173E-01   4.165176016664854E-01  -9.820347734044865E+04
  3.055342248442494E-01  -8.111535970264584E-01   4.067001037698298E-01  -9.820347734044865E+04
  3.106150945659111E-01  -7.890188030554985E-01   3.948149399819783E-01  -9.820347734044865E+04
  3.158465028542425E-01  -7.661103803468817E-01   3.808212011224792E-01  -9.820347734044865E+04
  3.210733089109927E-01  -7.427048670659997E-01   3.647758304325633E-01  -9.820347734044865E+04
  3.261200547878101E-01  -7.191656555481865E-01   3.468293261584919E-01  -9.820347734044865E+04
  3.308035289467164E-01  -6.959097176772846E-01   3.272136844912847E-01  -9.820347734044865E+04
  3.349472269696055E-01  -6.733708188517996E-01   3.062240655226952E-01  -9.820347734044865E+04
  3.383958068423479E-01  -6.519627567719564E-01   2.841961251466308E-01  -9.820347734044865E+04
  3.410276671195688E-01  -6.320460539162847E-01   2.614812134644469E-01  -9.820347734044865E+04
  3.427640297210223E-01  -6.139011065548026E-01   2.384216839760560E-01  -9.820347734044865E+04
  3.435733526348755E-01  -5.977100949720381E-01   2.153283970034585E-01  -9.820347734044865E+04
  3.434704781449439E-01  -5.835490607233357E-01   1.924621633992138E-01  -9.820347734044865E+04
  3.425105713450901E-01  -5.713905464982328E-01   1.700204036196705E-01  -9.820347734044865E+04
  3.407785464495214E-01  -5.611161708058628E-01   1.481297456927637E-01  -9.820347734044865E+04
  3.383752406353976E-01  -5.525375710003756E-01   1.268447108028548E-01  -9.820347734044865E+04
  3.354020119547941E-01  -5.454233820246999E-01   1.061520929391336E-01  -9.820347734044865E+04
  3.319456606242830E-01  -5.395293944126259E-01   8.598017816006354E-02  -9.820347734044865E+04
  3.280655747733652E-01  -5.346287987357722E-01   6.621160698784533E-02  -9.820347734044865E+04
  3.237847801629458E-01  -5.305394914927201E-01   4.669848329814258E-02  -9.820347734044865E+04
  3.190861510891521E-01  -5.271457764588886E-01   2.727828197421882E-02  -9.820347734044865E+04
  3.139144618911835E-01  -5.244124049219946E-01   7.789197118035236E-03  -9.820347734044865E+04
  3.081842882173397E-01  -5.223896937617830E-01  -1.191621939351495E-02  -9.820347734044865E+04
  3.017930785666195E-01  -5.212093609552182E-01  -3.195998539011606E-02  -9.820347734044865E+04
  2.946380867925585E-01  -5.210716341602434E-01  -5.243069761141452E-02  -9.820347734044865E+04
  2.866353571167718E-01  -5.222250302029915E-01  -7.337879140820562E-02  -9.820347734044865E+04
  2.777386434609349E-01  -5.249408912228517E-01  -9.481490438451103E-02  -9.820347734044865E+04
  2.679560635477339E-01  -5.294852332744244E-01  -1.167109445535265E-01  -9.820347734044865E+04
  2.573624499791206E-01  -5.360906743266103E-01  -1.390032941115519E-01  -9.820347734044865E+04
  2.461057538832354E-01  -5.449311460411647E-01  -1.615975030782558E-01  -9.820347734044865E+04
  2.344064448004987E-01  -5.561017698354290E-01  -1.843738399451954E-01  -9.820347734044865E+04
  2.225495743930617E-01  -5.696057303415125E-01  -2.071931552513353E-01  -9.820347734044865E+04
  2.108699564037022E-01  -5.853492674596810E-01  -2.299026561274872E-01  -9.820347734044865E+04
  1.997316777904093E-01  -6.031451056806200E-01  -2.523413574011034E-01  -9.820347734044865E+04
  1.895038131818155E-01  -6.227238274114816E-01  -2.743451383647655E-01  -9.820347734044865E+04
  1.805346929379126E-01  -6.437519559206153E-01  -2.957514667085162E-01  -9.820347734044865E+04
  1.731273175126617E-01  -6.658549145033428E-01  -3.164039312614319E-01  -9.820347734044865E+04
  1.675184843648074E-01  -6.886426269508343E-01  -3.361567406466071E-01  -9.820347734044865E+04
  1.638638927529330E-01  -7.117353546254445E-01  -3.548792936322184E-01  -9.820347734044865E+04
  1.622309395548671E-01  -7.347874375144738E-01  -3.724608174302316E-01  -9.820347734044865E+04
  1.626001659840247E-01  -7.575069059987958E-01  -3.888149206503658E-01  -9.820347734044865E+04
  1.648754334193923E-01  -7.796694195222740E-01  -4.038837435963929E-01  -9.820347734044865E+04
  1.689019846855869E-01  -8.011256122815070E-01  -4.176412396930312E-01  -9.820347734044865E+04
  1.744906799276793E-01  -8.218016165579513E-01  -4.300950178235417E-01  -9.820347734044865E+04
  1.814459757712367E-01  -8.416932183915722E-01  -4.412861421271822E-01  -9.820347734044865E+04
  1.895947223982641E-01  -8.608547075137144E-01  -4.512863416225080E-01  -9.820347734044865E+04
  1.988126442975290E-01  -8.793839531985330E-01  -4.601922345819827E-01  -9.820347734044865E+04
  2.090454781574091E-01  -8.974055252798112E-01  -4.681164171965683E-01  -9.820347734044865E+04
  2.203221657557983E-01  -9.150537606552892E-01  -4.751755852643693E-01  -9.820347734044865E+04
  2.327582087377115E-01  -9.324575483213957E-01  -4.814762222761403E-01  -9.820347734044865E+04
  2.465482241041390E-01  -9.497282908301417E-01  -4.870987591156689E-01  -9.820347734044865E+04
  2.619478080206236E-01  -9.669520373087966E-01  -4.920814461056582E-01  -9.820347734044865E+04
  2.792459188391846E-01  -9.841862282979129E-01  -4.964054331219053E-01  -9.820347734044865E+04
  2.987300191392194E-01  -1.001460910147011E+00  -4.999826881645639E-01  -9.820347734044865E+04
  3.206470663820125E-01  -1.018783733035632E+00  -5.026483685616416E-01  -9.820347734044865E+04
  3.451640222767923E-01  -1.036147603088419E+00  -5.041590747520089E-01  -9.820347734044865E+04
  3.723317958417928E-01  -1.053539564889222E+00  -5.041980636109062E-01  -9.820347734044865E+04
  4.020564089988812E-01  -1.070949378151829E+00  -5.023879935901306E-01  -9.820347734044865E+04
  4.340806760724749E-01  -1.088376332916506E+00  -4.983111519848085E-01  -9.820347734044865E+04
  4.679788554497359E-01  -1.105833111083628E+00  -4.915364249737845E-01  -9.820347734044865E+04
  5.031656319075398E-01  -1.123345917292278E+00  -4.816515744322858E-01  -9.820347734044865E+04
  5.389195181353418E-01  -1.140950620642874E+00  -4.682987484015477E-01  -9.820347734044865E+04
  5.744194389109822E-01  -1.158685209958067E+00  -4.512106405698317E-01  -9.820347734044865E+04
  6.087920044157722E-01  -1.176579403048967E+00  -4.302443871741719E-01  -9.820347734044865E+04
  6.411659099636892E-01  -1.194642700382841E+00  -4.054101930817585E-01  -9.820347734044865E+04
  6.707291226287769E-01  -1.212852480043674E+00  -3.768918396018064E-01  -9.820347734044865E+04
  6.967841103478613E-01  -1.231143853431112E+00  -3.450566496702905E-01  -9.820347734044865E+04
  7.187963823664335E-01  -1.249402919040163E+00  -3.104531522546481E-01  -9.820347734044865E+04
  7.364320496395939E-01  -1.267464766627973E+00  -2.737955543909160E-01  -9.820347734044865E+04
  7.495809488307982E-01  -1.285117120555409E+00  -2.359351326259388E-01  -9.820347734044865E+04
  7.583630356297953E-01  -1.302109914128525E+00  -1.978197162664655E-01  -9.820347734044865E+04
  7.631171428029141E-01  -1.318170417613193E+00  -1.604434638163487E-01  -9.820347734044865E+04
  7.643726939397996E-01  -1.333022872547425E+00  -1.247900407203292E-01  -9.820347734044865E+04
  7.628064322578435E-01  -1.346410987991510E+00  -9.177300694017286E-02  -9.820347734044865E+04
  7.591875330085748E-01  -1.358121199257742E+00  -6.217764726616105E-02  -9.820347734044865E+04
  7.543154991081422E-01  -1.368004332689198E+00  -3.660857713968927E-02  -9.820347734044865E+04
  7.489558979330195E-01  -1.375993298569796E+00  -1.544721000520784E-02  -9.820347734044865E+04
  7.437792212352710E-01  -1.382114662242472E+00   1.177414072887553E-03  -9.820347734044865E+04
  7.393079172265354E-01  -1.386492409454232E+00   1.340182795041721E-02  -9.820347734044865E+04
  7.358759726044877E-01  -1.389342889181515E+00   2.162388270974974E-02  -9.820347734044865E+04
  7.336043707676531E-01  -1.390960726941658E+00   2.648083737744245E-02  -9.820347734044865E+04
  7.323944131057410E-01  -1.391696378303815E+00   2.881092405125445E-02  -9.820347734044865E+04
  7.319393813411338E-01  -1.391926850795376E+00   2.960079473389943E-02  -9.820347734044865E+04
  7.319393813411338E-01  -1.391926850795376E+00   2.960079473389944E-02   0.000000000000000E+00 4 RotatedCurve8 
 -1.526026798623547E+00  -5.248819374326853E-01   2.668524583214064E-02   1.000000000000000E+05
 -1.526143458863560E+00  -5.246288106177629E-01   2.563096670104913E-02   1.000000000000000E+05
 -1.526319796563824E+00  -5.240263985816140E-01   2.292009601980467E-02   1.000000000000000E+05
 -1.526440078479991E+00  -5.228613736752054E-01   1.740474372090533E-02   1.000000000000000E+05
 -1.526268015422111E+00  -5.209806682434800E-01   8.121849614459787E-03   1.000000000000000E+05
 -1.525463850774460E+00  -5.183028679143150E-01  -5.642525704730490E-03   1.000000000000000E+05
 -1.523609250363076E+00  -5.148229659390388E-01  -2.430716546280573E-02   1.000000000000000E+05
 -1.520238175919229E+00  -5.106102933083794E-01  -4.797111069245404E-02   1.000000000000000E+05
 -1.514871481215115E+00  -5.058000466360749E-01  -7.641199364236992E-02   1.000000000000000E+05
 -1.507052701091224E+00  -5.005793880534066E-01  -1.091069380875229E-01   1.000000000000000E+05
 -1.496382429746109E+00  -4.951695392330914E-01  -1.452739080064661E-01   1.000000000000000E+05
 -1.482548810688996E+00  -4.898055966449125E-01  -1.839298253644506E-01   1.000000000000000E+05
 -1.465351975356476E+00  -4.847159330035831E-01  -2.239605512907339E-01   1.000000000000000E+05
 -1.444720744095575E+00  -4.801030126609948E-01  -2.641970307692598E-01   1.000000000000000E+05
 -1.420720502675355E+00  -4.761272451878995E-01  -3.034915977560324E-01   1.000000000000000E+05
 -1.393551840862111E+00  -4.728951558597160E-01  -3.407886400870875E-01   1.000000000000000E+05
 -1.363540232672687E+00  -4.704527013168008E-01  -3.751845017419037E-01   1.000000000000000E+05
 -1.331117695694348E+00  -4.687840493894943E-01  -4.059725829308747E-01   1.000000000000000E+05
 -1.296797938081875E+00  -4.678156243507853E-01  -4.326709810483619E-01   1.000000000000000E+05
 -1.261146943224141E+00  -4.674247423969312E-01  -4.550315688960695E-01   1.000000000000000E+05
 -1.224751221736261E+00  -4.674517711774018E-01  -4.730309901548603E-01   1.000000000000000E+05
 -1.188186060342984E+00  -4.677144762445941E-01  -4.868455265730616E-01   1.000000000000000E+05
 -1.151986014388430E+00  -4.680230881000615E-01  -4.968130313482816E-01   1.000000000000000E+05
 -1.116619637107407E+00  -4.681946431812465E-01  -5.033860282686419E-01   1.000000000000000E+05
 -1.082470039987378E+00  -4.680653128165697E-01  -5.070805793762999E-01   1.000000000000000E+05
 -1.049822371202108E+00  -4.674997142557992E-01  -5.084255969241361E-01   1.000000000000000E+05
 -1.018858727596708E+00  -4.663965644802426E-01  -5.079169300752734E-01   1.000000000000000E+05
 -9.896604282148548E-01  -4.646904500783963E-01  -5.059798428559285E-01   1.000000000000000E+05
 -9.622170216636506E-01  -4.623499011362959E-01  -5.029424990833892E-01   1.000000000000000E+05
 -9.364409191036974E-01  -4.593723311147609E-01  -4.990218875219435E-01   1.000000000000000E+05
 -9.121861748342723E-01  -4.557767008546099E-01  -4.943223743100513E-01   1.000000000000000E+05
 -8.892697022219577E-01  -4.515949551458832E-01  -4.888458789182265E-01   1.000000000000000E+05
 -8.674931267041939E-01  -4.468633485636394E-01  -4.825116436014499E-01   1.000000000000000E+05
 -8.466635395244252E-01  -4.416147206237572E-01  -4.751827934280965E-01   1.000000000000000E+05
 -8.266116131525663E-01  -4.358726091352493E-01  -4.666964254874177E-01   1.000000000000000E+05
 -8.072058487462720E-01  -4.296478272159689E-01  -4.568938499812339E-01   1.000000000000000E+05
 -7.883621160280110E-01  -4.229378054147528E-01  -4.456478264284431E-01   1.000000000000000E+05
 -7.700480799721178E-01  -4.157286531691585E-01  -4.328841564981795E-01   1.000000000000000E+05
 -7.522825483661343E-01  -4.079995625780357E-01  -4.185957448714128E-01   1.000000000000000E+05
 -7.351301829465399E-01  -3.997288988615380E-01  -4.028481348624696E-01   1.000000000000000E+05
 -7.186923624719294E-01  -3.909011262285612E-01  -3.857764694524895E-01   1.000000000000000E+05
 -7.030952441025405E-01  -3.815136259355766E-01  -3.675747233742965E-01   1.000000000000000E+05
 -6.884762241054354E-01  -3.715824841776155E-01  -3.484788095577330E-01   1.000000000000000E+05
 -6.749700443229326E-01  -3.611464576118806E-01  -3.287457129271511E-01   1.000000000000000E+05
 -6.626957308807599E-01  -3.502685481847740E-01  -3.086310998119240E-01   1.000000000000000E+05
 -6.517453988908120E-01  -3.390349105717595E-01  -2.883678737701580E-01   1.000000000000000E+05
 -6.421757311077299E-01  -3.275511415061360E-01  -2.681479091132825E-01   1.000000000000000E+05
 -6.340026641470260E-01  -3.159363232777311E-01  -2.481087294119694E-01   1.000000000000000E+05
 -6.271995197826610E-01  -3.043154766459261E-01  -2.283262693734288E-01   1.000000000000000E+05
 -6.216985275568431E-01  -2.928112885048683E-01  -2.088141393990399E-01   1.000000000000000E+05
 -6.173954223548028E-01  -2.815360918825557E-01  -1.895290842812936E-01   1.000000000000000E+05
 -6.141565860309145E-01  -2.705850758905333E-01  -1.703816701980957E-01   1.000000000000000E+05
 -6.118280489666784E-01  -2.600315889796761E-01  -1.512507162414226E-01   1.000000000000000E+05
 -6.102455822854382E-01  -2.499251808347141E-01  -1.319996594535005E-01   1.000000000000000E+05
 -6.092450943757081E-01  -2.402927286188435E-01  -1.124929344280202E-01   1.000000000000000E+05
 -6.086725904067557E-01  -2.311426436082930E-01  -9.261056356369353E-02   1.000000000000000E+05
 -6.083930498489208E-01  -2.224717922027639E-01  -7.225947077554948E-02   1.000000000000000E+05
 -6.082977105545190E-01  -2.142744306940930E-01  -5.138050667887679E-02   1.000000000000000E+05
 -6.083094030941756E-01  -2.065521837860364E-01  -2.995074706336658E-02   1.000000000000000E+05
 -6.083857403486983E-01  -1.993239243036252E-01  -7.981229239976387E-03   1.000000000000000E+05
 -6.085201211166555E-01  -1.926343578038565E-01   1.448914886410356E-02   1.000000000000000E+05
 -6.087406418998034E-01  -1.865601907388925E-01   3.740238937982546E-02   1.000000000000000E+05
 -6.091071208868449E-01  -1.812129608202759E-01   6.069134427713457E-02   1.000000000000000E+05
 -6.097065191434647E-01  -1.767379163257559E-01   8.428928240522966E-02   1.000000000000000E+05
 -6.106470964099360E-01  -1.733087184493481E-01   1.081376026166056E-01   1.000000000000000E+05
 -6.120516659172749E-01  -1.711181694689430E-01   1.321905104751935E-01   1.000000000000000E+05
 -6.140503194310858E-01  -1.703655961623783E-01   1.564159168058762E-01   1.000000000000000E+05
 -6.167729863245444E-01  -1.712418981956190E-01   1.807923552811857E-01   1.000000000000000E+05
 -6.203421745812880E-01  -1.739135643252635E-01   2.053022875945901E-01   1.000000000000000E+05
 -6.248662216834378E-01  -1.785071322024563E-01   2.299226983639703E-01   1.000000000000000E+05
 -6.304333618422465E-01  -1.850955987040132E-01   2.546143111607111E-01   1.000000000000000E+05
 -6.371068931962278E-01  -1.936881692488227E-01   2.793110266455617E-01   1.000000000000000E+05
 -6.449217024642844E-01  -2.042244736212224E-01   3.039112561432880E-01   1.000000000000000E+05
 -6.538823714254208E-01  -2.165739941076552E-01   3.282726838915035E-01   1.000000000000000E+05
 -6.639630449327407E-01  -2.305409836365127E-01   3.522116479819963E-01   1.000000000000000E+05
 -6.751091795173215E-01  -2.458746409844127E-01   3.755078170370891E-01   1.000000000000000E+05
 -6.872412117827162E-01  -2.622838061894430E-01   3.979142111477177E-01   1.000000000000000E+05
 -7.002600857581797E-01  -2.794549918324543E-01   4.191719410698011E-01   1.000000000000000E+05
 -7.140544602116112E-01  -2.970722201389022E-01   4.390283966017922E-01   1.000000000000000E+05
 -7.285092860998895E-01  -3.148369282474336E-01   4.572570804499823E-01   1.000000000000000E+05
 -7.435153097350971E-01  -3.324861580520935E-01   4.736769256787155E-01   1.000000000000000E+05
 -7.589789306333347E-01  -3.498073709807174E-01   4.881688041069205E-01   1.000000000000000E+05
 -7.748317380535291E-01  -3.666485137169753E-01   5.006870577087155E-01   1.000000000000000E+05
 -7.910389811299066E-01  -3.829223840725839E-01   5.112642661360326E-01   1.000000000000000E+05
 -8.076062073825401E-01  -3.986048689841208E-01   5.200080736722986E-01   1.000000000000000E+05
 -8.245833436194792E-01  -4.137272005800225E-01   5.270896846842180E-01   1.000000000000000E+05
 -8.420655978444561E-01  -4.283629472290506E-01   5.327245227578592E-01   1.000000000000000E+05
 -8.601907311693905E-01  -4.426109695645177E-01   5.371464454683997E-01   1.000000000000000E+05
 -8.791324789144008E-01  -4.565759764442437E-01   5.405777188040893E-01   1.000000000000000E+05
 -8.990901774924474E-01  -4.703485719946576E-01   5.431975914698703E-01   1.000000000000000E+05
 -9.202749596728502E-01  -4.839867652796203E-01   5.451126923022410E-01   1.000000000000000E+05
 -9.428931918533627E-01  -4.975008081476098E-01   5.463325489254024E-01   1.000000000000000E+05
 -9.671281164034680E-01  -5.108429415371647E-01   5.467532666559721E-01   1.000000000000000E+05
 -9.931209025112784E-01  -5.239031902737266E-01   5.461518204368613E-01   1.000000000000000E+05
 -1.020952474546574E+00  -5.365117905875579E-01   5.441925396306522E-01   1.000000000000000E+05
 -1.050627556347224E+00  -5.484482141470265E-01   5.404462769481098E-01   1.000000000000000E+05
 -1.082062328358435E+00  -5.594561250316482E-01   5.344215445851026E-01   1.000000000000000E+05
 -1.115076936137992E+00  -5.692630308056409E-01   5.256056850119933E-01   1.000000000000000E+05
 -1.149393817168796E+00  -5.776029204739047E-01   5.135130388222153E-01   1.000000000000000E+05
 -1.184642442205203E+00  -5.842398658808607E-01   4.977361900483203E-01   1.000000000000000E+05
 -1.220370621212274E+00  -5.889904304395391E-01   4.779958060937888E-01   1.000000000000000E+05
 -1.256062034218058E+00  -5.917427943809965E-01   4.541844139822299E-01   1.000000000000000E+05
 -1.291159151827961E+00  -5.924707649698187E-01   4.263997018623730E-01   1.000000000000000E+05
 -1.325090249343824E+00  -5.912412711273666E-01   3.949636008050736E-01   1.000000000000000E+05
 -1.357298832417053E+00  -5.882145062265235E-01   3.604244434860308E-01   1.000000000000000E+05
 -1.387273516855398E+00  -5.836365293893909E-01   3.235408332674374E-01   1.000000000000000E+05
 -1.414576269035387E+00  -5.778248054327841E-01   2.852473791374836E-01   1.000000000000000E+05
 -1.438866934473481E+00  -5.711477952571126E-01   2.466040278542206E-01   1.000000000000000E+05
 -1.459922166247070E+00  -5.640002438960039E-01   2.087322143123489E-01   1.000000000000000E+05
 -1.477647204505991E+00  -5.567762033549269E-01   1.727423181702892E-01   1.000000000000000E+05
 -1.492079432364753E+00  -5.498420358867820E-01   1.396578391365701E-01   1.000000000000000E+05
 -1.503383209097830E+00  -5.435116513536674E-01   1.103421928823243E-01   1.000000000000000E+05
 -1.511836116229742E+00  -5.380260392019834E-01   8.543402910152441E-02   1.000000000000000E+05
 -1.517807396941475E+00  -5.335387792707410E-01   6.529647026271175E-02   1.000000000000000E+05
 -1.521729972945648E+00  -5.301086909150964E-01   4.998469618695485E-02   1.000000000000000E+05
 -1.524067936241164E+00  -5.277001550257607E-01   3.923493030247271E-02   1.000000000000000E+05
 -1.525281792674123E+00  -5.261909756765787E-01   3.247622917239178E-02   1.000000000000000E+05
 -1.525793946633690E+00  -5.253869981203413E-01   2.886467540881344E-02   1.000000000000000E+05
 -1.525956941053049E+00  -5.250421263392163E-01   2.733777787251289E-02   1.000000000000000E+05
 -1.526026798623547E+00  -5.248819374326853E-01   2.668524583214064E-02   1.000000000000000E+05
 -1.526026798623547E+00  -5.248819374326853E-01   2.668524583214064E-02   0.000000000000000E+00 5 RotatedCurve9 
 -7.319393813411340E-01  -1.391926850795376E+00  -2.960079473389944E-02   9.820347734044865E+04
 -7.317534737308564E-01  -1.392021876178755E+00  -2.992236850502509E-02   9.820347734044865E+04
 -7.312155026289878E-01  -1.392308385020085E+00  -3.086345283189455E-02   9.820347734044865E+04
 -7.296236219523379E-01  -1.393036457927247E+00  -3.345703670356671E-02   9.820347734044865E+04
 -7.262564658775644E-01  -1.394349961375049E+00  -3.861429855108336E-02   9.820347734044865E+04
 -7.204355994350773E-01  -1.396264806179710E+00  -4.706612250129647E-02   9.820347734044865E+04
 -7.115841451971181E-01  -1.398657208044122E+00  -5.931728928878428E-02   9.820347734044865E+04
 -6.992768553651539E-01  -1.401263525199441E+00  -7.561655182119885E-02   9.820347734044865E+04
 -6.832777030230847E-01  -1.403692265987198E+00  -9.594459651921751E-02   9.820347734044865E+04
 -6.635621926361744E-01  -1.405447786179013E+00  -1.200205281205927E-01   9.820347734044865E+04
 -6.403229328086022E-01  -1.405964129831430E+00  -1.473261087210229E-01   9.820347734044865E+04
 -6.139584509365377E-01  -1.404646508252534E+00  -1.771456460661013E-01   9.820347734044865E+04
 -5.850466306337753E-01  -1.400917151245116E+00  -2.086182698839152E-01   9.820347734044865E+04
 -5.543053954033936E-01  -1.394261778575412E+00  -2.407984511783448E-01   9.820347734044865E+04
 -5.225442397764588E-01  -1.384272778854414E+00  -2.727200772511867E-01   9.820347734044865E+04
 -4.906108423539972E-01  -1.370685369548298E+00  -3.034592348693177E-01   9.820347734044865E+04
 -4.593372375326181E-01  -1.353403535523218E+00  -3.321910830190652E-01   9.820347734044865E+04
 -4.294898647464002E-01  -1.332513362740174E+00  -3.582367898142622E-01   9.820347734044865E+04
 -4.017272833475343E-01  -1.308282428778329E+00  -3.810974097438459E-01   9.820347734044865E+04
 -3.765684988039078E-01  -1.281145091256394E+00  -4.004727068041380E-01   9.820347734044865E+04
 -3.543737796907110E-01  -1.251674723882344E+00  -4.162641875783321E-01   9.820347734044865E+04
 -3.353386609561146E-01  -1.220545078879870E+00  -4.285628883947100E-01   9.820347734044865E+04
 -3.195006406135782E-01  -1.188483901284279E+00  -4.376236551581524E-01   9.820347734044865E+04
 -3.067569943689420E-01  -1.156222598341536E+00  -4.438286658862232E-01   9.820347734044865E+04
 -2.968912519223338E-01  -1.124446113342362E+00  -4.476436949798676E-01   9.820347734044865E+04
 -2.896052733764508E-01  -1.093747135098714E+00  -4.495710499442243E-01   9.820347734044865E+04
 -2.845535789181978E-01  -1.064588392571204E+00  -4.501031995320040E-01   9.820347734044865E+04
 -2.813766318884127E-01  -1.037276072819636E+00  -4.496808613356957E-01   9.820347734044865E+04
 -2.797301340951892E-01  -1.011946423628673E+00  -4.486587601146055E-01   9.820347734044865E+04
 -2.793080127744196E-01  -9.885664483141320E-01  -4.472814644661973E-01   9.820347734044865E+04
 -2.798575872539251E-01  -9.669483738977689E-01  -4.456707372245465E-01   9.820347734044865E+04
 -2.811863107549997E-01  -9.467763859847272E-01  -4.438247845866051E-01   9.820347734044865E+04
 -2.831603931960578E-01  -9.276430812891298E-01  -4.416287544355449E-01   9.820347734044865E+04
 -2.856964321541421E-01  -9.090922849677402E-01  -4.388749047806405E-01   9.820347734044865E+04
 -2.887478317444966E-01  -8.906643854091976E-01  -4.352901151236939E-01   9.820347734044865E+04
 -2.922882138561254E-01  -8.719401956214377E-01  -4.305679042693000E-01   9.820347734044865E+04
 -2.962941894105172E-01  -8.525795669389831E-01  -4.244018814433629E-01   9.820347734044865E+04
 -3.007297539498241E-01  -8.323515332206173E-01  -4.165176016664854E-01   9.820347734044865E+04
 -3.055342248442495E-01  -8.111535970264584E-01  -4.067001037698298E-01   9.820347734044865E+04
 -3.106150945659112E-01  -7.890188030554985E-01  -3.948149399819783E-01   9.820347734044865E+04
 -3.158465028542426E-01  -7.661103803468817E-01  -3.808212011224792E-01   9.820347734044865E+04
 -3.210733089109928E-01  -7.427048670659997E-01  -3.647758304325633E-01   9.820347734044865E+04
 -3.261200547878102E-01  -7.191656555481865E-01  -3.468293261584919E-01   9.820347734044865E+04
 -3.308035289467165E-01  -6.959097176772846E-01  -3.272136844912847E-01   9.820347734044865E+04
 -3.349472269696056E-01  -6.733708188517996E-01  -3.062240655226952E-01   9.820347734044865E+04
 -3.383958068423480E-01  -6.519627567719564E-01  -2.841961251466308E-01   9.820347734044865E+04
 -3.410276671195688E-01  -6.320460539162847E-01  -2.614812134644469E-01   9.820347734044865E+04
 -3.427640297210223E-01  -6.139011065548026E-01  -2.384216839760560E-01   9.820347734044865E+04
 -3.435733526348756E-01  -5.977100949720381E-01  -2.153283970034585E-01   9.820347734044865E+04
 -3.434704781449439E-01  -5.835490607233357E-01  -1.924621633992138E-01   9.820347734044865E+04
 -3.425105713450902E-01  -5.713905464982328E-01  -1.700204036196705E-01   9.820347734044865E+04
 -3.407785464495214E-01  -5.611161708058628E-01  -1.481297456927637E-01   9.820347734044865E+04
 -3.383752406353977E-01  -5.525375710003756E-01  -1.268447108028548E-01   9.820347734044865E+04
 -3.354020119547942E-01  -5.454233820246999E-01  -1.061520929391336E-01   9.820347734044865E+04
 -3.319456606242831E-01  -5.395293944126259E-01  -8.598017816006354E-02   9.820347734044865E+04
 -3.280655747733653E-01  -5.346287987357722E-01  -6.621160698784533E-02   9.820347734044865E+04
 -3.237847801629459E-01  -5.305394914927201E-01  -4.669848329814258E-02   9.820347734044865E+04
 -3.190861510891522E-01  -5.271457764588886E-01  -2.727828197421882E-02   9.820347734044865E+04
 -3.139144618911836E-01  -5.244124049219946E-01  -7.789197118035236E-03   9.820347734044865E+04
 -3.081842882173398E-01  -5.223896937617830E-01   1.191621939351495E-02   9.820347734044865E+04
 -3.017930785666195E-01  -5.212093609552182E-01   3.195998539011606E-02   9.820347734044865E+04
 -2.946380867925585E-01  -5.210716341602434E-01   5.243069761141452E-02   9.820347734044865E+04
 -2.866353571167718E-01  -5.222250302029915E-01   7.337879140820562E-02   9.820347734044865E+04
 -2.777386434609349E-01  -5.249408912228517E-01   9.481490438451103E-02   9.820347734044865E+04
 -2.679560635477340E-01  -5.294852332744244E-01   1.167109445535265E-01   9.820347734044865E+04
 -2.573624499791207E-01  -5.360906743266103E-01   1.390032941115519E-01   9.820347734044865E+04
 -2.461057538832355E-01  -5.449311460411647E-01   1.615975030782558E-01   9.820347734044865E+04
 -2.344064448004988E-01  -5.561017698354290E-01   1.843738399451954E-01   9.820347734044865E+04
 -2.225495743930618E-01  -5.696057303415125E-01   2.071931552513353E-01   9.820347734044865E+04
 -2.108699564037023E-01  -5.853492674596810E-01   2.299026561274872E-01   9.820347734044865E+04
 -1.997316777904094E-01  -6.031451056806200E-01   2.523413574011034E-01   9.820347734044865E+04
 -1.895038131818156E-01  -6.227238274114816E-01   2.743451383647655E-01   9.820347734044865E+04
 -1.805346929379127E-01  -6.437519559206153E-01   2.957514667085162E-01   9.820347734044865E+04
 -1.731273175126618E-01  -6.658549145033428E-01   3.164039312614319E-01   9.820347734044865E+04
 -1.675184843648075E-01  -6.886426269508343E-01   3.361567406466071E-01   9.820347734044865E+04
 -1.638638927529331E-01  -7.117353546254445E-01   3.548792936322184E-01   9.820347734044865E+04
 -1.622309395548671E-01  -7.347874375144738E-01   3.724608174302316E-01   9.820347734044865E+04
 -1.626001659840248E-01  -7.575069059987958E-01   3.888149206503658E-01   9.820347734044865E+04
 -1.648754334193923E-01  -7.796694195222740E-01   4.038837435963929E-01   9.820347734044865E+04
 -1.689019846855870E-01  -8.011256122815070E-01   4.176412396930312E-01   9.820347734044865E+04
 -1.744906799276794E-01  -8.218016165579513E-01   4.300950178235417E-01   9.820347734044865E+04
 -1.814459757712368E-01  -8.416932183915722E-01   4.412861421271822E-01   9.820347734044865E+04
 -1.895947223982642E-01  -8.608547075137144E-01   4.512863416225080E-01   9.820347734044865E+04
 -1.988126442975292E-01  -8.793839531985330E-01   4.601922345819827E-01   9.820347734044865E+04
 -2.090454781574093E-01  -8.974055252798112E-01   4.681164171965683E-01   9.820347734044865E+04
 -2.203221657557984E-01  -9.150537606552892E-01   4.751755852643693E-01   9.820347734044865E+04
 -2.327582087377116E-01  -9.324575483213957E-01   4.814762222761403E-01   9.820347734044865E+04
 -2.465482241041392E-01  -9.497282908301417E-01   4.870987591156689E-01   9.820347734044865E+04
 -2.619478080206237E-01  -9.669520373087966E-01   4.920814461056582E-01   9.820347734044865E+04
 -2.792459188391847E-01  -9.841862282979129E-01   4.964054331219053E-01   9.820347734044865E+04
 -2.987300191392195E-01  -1.001460910147011E+00   4.999826881645639E-01   9.820347734044865E+04
 -3.206470663820126E-01  -1.018783733035632E+00   5.026483685616416E-01   9.820347734044865E+04
 -3.451640222767924E-01  -1.036147603088419E+00   5.041590747520089E-01   9.820347734044865E+04
 -3.723317958417929E-01  -1.053539564889222E+00   5.041980636109062E-01   9.820347734044865E+04
 -4.020564089988813E-01  -1.070949378151829E+00   5.023879935901306E-01   9.820347734044865E+04
 -4.340806760724750E-01  -1.088376332916506E+00   4.983111519848085E-01   9.820347734044865E+04
 -4.679788554497360E-01  -1.105833111083628E+00   4.915364249737845E-01   9.820347734044865E+04
 -5.031656319075399E-01  -1.123345917292278E+00   4.816515744322858E-01   9.820347734044865E+04
 -5.389195181353419E-01  -1.140950620642874E+00   4.682987484015477E-01   9.820347734044865E+04
 -5.744194389109823E-01  -1.158685209958067E+00   4.512106405698317E-01   9.820347734044865E+04
 -6.087920044157723E-01  -1.176579403048967E+00   4.302443871741719E-01   9.820347734044865E+04
 -6.411659099636893E-01  -1.194642700382841E+00   4.054101930817585E-01   9.820347734044865E+04
 -6.707291226287770E-01  -1.212852480043674E+00   3.768918396018064E-01   9.820347734044865E+04
 -6.967841103478614E-01  -1.231143853431112E+00   3.450566496702905E-01   9.820347734044865E+04
 -7.187963823664336E-01  -1.249402919040163E+00   3.104531522546481E-01   9.820347734044865E+04
 -7.364320496395940E-01  -1.267464766627973E+00   2.737955543909160E-01   9.820347734044865E+04
 -7.495809488307983E-01  -1.285117120555409E+00   2.359351326259388E-01   9.820347734044865E+04
 -7.583630356297955E-01  -1.302109914128525E+00   1.978197162664655E-01   9.820347734044865E+04
 -7.631171428029142E-01  -1.318170417613193E+00   1.604434638163487E-01   9.820347734044865E+04
 -7.643726939397997E-01  -1.333022872547425E+00   1.247900407203292E-01   9.820347734044865E+04
 -7.628064322578436E-01  -1.346410987991510E+00   9.177300694017286E-02   9.820347734044865E+04
 -7.591875330085749E-01  -1.358121199257742E+00   6.217764726616105E-02   9.820347734044865E+04
 -7.543154991081424E-01  -1.368004332689198E+00   3.660857713968927E-02   9.820347734044865E+04
 -7.489558979330198E-01  -1.375993298569796E+00   1.544721000520784E-02   9.820347734044865E+04
 -7.437792212352712E-01  -1.382114662242472E+00  -1.177414072887553E-03   9.820347734044865E+04
 -7.393079172265357E-01  -1.386492409454232E+00  -1.340182795041721E-02   9.820347734044865E+04
 -7.358759726044879E-01  -1.389342889181515E+00  -2.162388270974974E-02   9.820347734044865E+04
 -7.336043707676533E-01  -1.390960726941658E+00  -2.648083737744245E-02   9.820347734044865E+04
 -7.323944131057413E-01  -1.391696378303815E+00  -2.881092405125445E-02   9.820347734044865E+04
 -7.319393813411340E-01  -1.391926850795376E+00  -2.960079473389943E-02   9.820347734044865E+04
 -7.319393813411340E-01  -1.391926850795376E+00  -2.960079473389944E-02   0.000000000000000E+00 6 RotatedCurve10 
 -1.526026798623547E+00   5.248819374326853E-01  -2.668524583214064E-02  -1.000000000000000E+05
 -1.526143458863560E+00   5.246288106177629E-01  -2.563096670104913E-02  -1.000000000000000E+05
 -1.526319796563824E+00   5.240263985816140E-01  -2.292009601980467E-02  -1.000000000000000E+05
 -1.526440078479991E+00   5.228613736752054E-01  -1.740474372090533E-02  -1.000000000000000E+05
 -1.526268015422111E+00   5.209806682434800E-01  -8.121849614459787E-03  -1.000000000000000E+05
 -1.525463850774460E+00   5.183028679143150E-01   5.642525704730490E-03  -1.000000000000000E+05
 -1.523609250363076E+00   5.148229659390388E-01   2.430716546280573E-02  -1.000000000000000E+05
 -1.520238175919229E+00   5.106102933083794E-01   4.797111069245404E-02  -1.000000000000000E+05
 -1.514871481215115E+00   5.058000466360749E-01   7.641199364236992E-02  -1.000000000000000E+05
 -1.507052701091224E+00   5.005793880534066E-01   1.091069380875229E-01  -1.000000000000000E+05
 -1.496382429746109E+00   4.951695392330914E-01   1.452739080064661E-01  -1.000000000000000E+05
 -1.482548810688996E+00   4.898055966449125E-01   1.839298253644506E-01  -1.000000000000000E+05
 -1.465351975356476E+00   4.847159330035831E-01   2.239605512907339E-01  -1.000000000000000E+05
 -1.444720744095575E+00   4.801030126609948E-01   2.641970307692598E-01  -1.000000000000000E+05
 -1.420720502675355E+00   4.761272451878995E-01   3.034915977560324E-01  -1.000000000000000E+05
 -1.393551840862111E+00   4.728951558597160E-01   3.407886400870875E-01  -1.000000000000000E+05
 -1.363540232672687E+00   4.704527013168008E-01   3.751845017419037E-01  -1.000000000000000E+05
 -1.331117695694348E+00   4.687840493894943E-01   4.059725829308747E-01  -1.000000000000000E+05
 -1.296797938081875E+00   4.678156243507853E-01   4.326709810483619E-01  -1.000000000000000E+05
 -1.261146943224141E+00   4.674247423969312E-01   4.550315688960695E-01  -1.000000000000000E+05
 -1.224751221736261E+00   4.674517711774018E-01   4.730309901548603E-01  -1.000000000000000E+05
 -1.188186060342984E+00   4.677144762445941E-01   4.868455265730616E-01  -1.000000000000000E+05
 -1.151986014388430E+00   4.680230881000615E-01   4.968130313482816E-01  -1.000000000000000E+05
 -1.116619637107407E+00   4.681946431812465E-01   5.033860282686419E-01  -1.000000000000000E+05
 -1.082470039987378E+00   4.680653128165697E-01   5.070805793762999E-01  -1.000000000000000E+05
 -1.049822371202108E+00   4.674997142557992E-01   5.084255969241361E-01  -1.000000000000000E+05
 -1.018858727596708E+00   4.663965644802426E-01   5.079169300752734E-01  -1.000000000000000E+05
 -9.896604282148548E-01   4.646904500783963E-01   5.059798428559285E-01  -1.000000000000000E+05
 -9.622170216636506E-01   4.623499011362959E-01   5.029424990833892E-01  -1.000000000000000E+05
 -9.364409191036974E-01   4.593723311147609E-01   4.990218875219435E-01  -1.000000000000000E+05
 -9.121861748342723E-01   4.557767008546099E-01   4.943223743100513E-01  -1.000000000000000E+05
 -8.892697022219577E-01   4.515949551458832E-01   4.888458789182265E-01  -1.000000000000000E+05
 -8.674931267041939E-01   4.468633485636394E-01   4.825116436014499E-01  -1.000000000000000E+05
 -8.466635395244252E-01   4.416147206237572E-01   4.751827934280965E-01  -1.000000000000000E+05
 -8.266116131525663E-01   4.358726091352493E-01   4.666964254874177E-01  -1.000000000000000E+05
 -8.072058487462720E-01   4.296478272159689E-01   4.568938499812339E-01  -1.000000000000000E+05
 -7.883621160280110E-01   4.229378054147528E-01   4.456478264284431E-01  -1.000000000000000E+05
 -7.700480799721178E-01   4.157286531691585E-01   4.328841564981795E-01  -1.000000000000000E+05
 -7.522825483661343E-01   4.079995625780357E-01   4.185957448714128E-01  -1.000000000000000E+05
 -7.351301829465399E-01   3.997288988615380E-01   4.028481348624696E-01  -1.000000000000000E+05
 -7.186923624719294E-01   3.909011262285612E-01   3.857764694524895E-01  -1.000000000000000E+05
 -7.030952441025405E-01   3.815136259355766E-01   3.675747233742965E-01  -1.000000000000000E+05
 -6.884762241054354E-01   3.715824841776155E-01   3.484788095577330E-01  -1.000000000000000E+05
 -6.749700443229326E-01   3.611464576118806E-01   3.287457129271511E-01  -1.000000000000000E+05
 -6.626957308807599E-01   3.502685481847740E-01   3.086310998119240E-01  -1.000000000000000E+05
 -6.517453988908120E-01   3.390349105717595E-01   2.883678737701580E-01  -1.000000000000000E+05
 -6.421757311077299E-01   3.275511415061360E-01   2.681479091132825E-01  -1.000000000000000E+05
 -6.340026641470260E-01   3.159363232777311E-01   2.481087294119694E-01  -1.000000000000000E+05
 -6.271995197826610E-01   3.043154766459261E-01   2.283262693734288E-01  -1.000000000000000E+05
 -6.216985275568431E-01   2.928112885048683E-01   2.088141393990399E-01  -1.000000000000000E+05
 -6.173954223548028E-01   2.815360918825557E-01   1.895290842812936E-01  -1.000000000000000E+05
 -6.141565860309145E-01   2.705850758905333E-01   1.703816701980957E-01  -1.000000000000000E+05
 -6.118280489666784E-01   2.600315889796761E-01   1.512507162414226E-01  -1.000000000000000E+05
 -6.102455822854382E-01   2.499251808347141E-01   1.319996594535005E-01  -1.000000000000000E+05
 -6.092450943757081E-01   2.402927286188435E-01   1.124929344280202E-01  -1.000000000000000E+05
 -6.086725904067557E-01   2.311426436082930E-01   9.261056356369353E-02  -1.000000000000000E+05
 -6.083930498489208E-01   2.224717922027639E-01   7.225947077554948E-02  -1.000000000000000E+05
 -6.082977105545190E-01   2.142744306940930E-01   5.138050667887679E-02  -1.000000000000000E+05
 -6.083094030941756E-01   2.065521837860364E-01   2.995074706336658E-02  -1.000000000000000E+05
 -6.083857403486983E-01   1.993239243036252E-01   7.981229239976387E-03  -1.000000000000000E+05
 -6.085201211166555E-01   1.926343578038565E-01  -1.448914886410356E-02  -1.000000000000000E+05
 -6.087406418998034E-01   1.865601907388925E-01  -3.740238937982546E-02  -1.000000000000000E+05
 -6.091071208868449E-01   1.812129608202759E-01  -6.069134427713457E-02  -1.000000000000000E+05
 -6.097065191434647E-01   1.767379163257559E-01  -8.428928240522966E-02  -1.000000000000000E+05
 -6.106470964099360E-01   1.733087184493481E-01  -1.081376026166056E-01  -1.000000000000000E+05
 -6.120516659172749E-01   1.711181694689430E-01  -1.321905104751935E-01  -1.000000000000000E+05
 -6.140503194310858E-01   1.703655961623783E-01  -1.564159168058762E-01  -1.000000000000000E+05
 -6.167729863245444E-01   1.712418981956190E-01  -1.807923552811857E-01  -1.000000000000000E+05
 -6.203421745812880E-01   1.739135643252635E-01  -2.053022875945901E-01  -1.000000000000000E+05
 -6.248662216834378E-01   1.785071322024563E-01  -2.299226983639703E-01  -1.000000000000000E+05
 -6.304333618422465E-01   1.850955987040132E-01  -2.546143111607111E-01  -1.000000000000000E+05
 -6.371068931962278E-01   1.936881692488227E-01  -2.793110266455617E-01  -1.000000000000000E+05
 -6.449217024642844E-01   2.042244736212224E-01  -3.039112561432880E-01  -1.000000000000000E+05
 -6.538823714254208E-01   2.165739941076552E-01  -3.282726838915035E-01  -1.000000000000000E+05
 -6.639630449327407E-01   2.305409836365127E-01  -3.522116479819963E-01  -1.000000000000000E+05
 -6.751091795173215E-01   2.458746409844127E-01  -3.755078170370891E-01  -1.000000000000000E+05
 -6.872412117827162E-01   2.622838061894430E-01  -3.979142111477177E-01  -1.000000000000000E+05
 -7.002600857581797E-01   2.794549918324543E-01  -4.191719410698011E-01  -1.000000000000000E+05
 -7.140544602116112E-01   2.970722201389022E-01  -4.390283966017922E-01  -1.000000000000000E+05
 -7.285092860998895E-01   3.148369282474336E-01  -4.572570804499823E-01  -1.000000000000000E+05
 -7.435153097350971E-01   3.324861580520935E-01  -4.736769256787155E-01  -1.000000000000000E+05
 -7.589789306333347E-01   3.498073709807174E-01  -4.881688041069205E-01  -1.000000000000000E+05
 -7.748317380535291E-01   3.666485137169753E-01  -5.006870577087155E-01  -1.000000000000000E+05
 -7.910389811299066E-01   3.829223840725839E-01  -5.112642661360326E-01  -1.000000000000000E+05
 -8.076062073825401E-01   3.986048689841208E-01  -5.200080736722986E-01  -1.000000000000000E+05
 -8.245833436194792E-01   4.137272005800225E-01  -5.270896846842180E-01  -1.000000000000000E+05
 -8.420655978444561E-01   4.283629472290506E-01  -5.327245227578592E-01  -1.000000000000000E+05
 -8.601907311693905E-01   4.426109695645177E-01  -5.371464454683997E-01  -1.000000000000000E+05
 -8.791324789144008E-01   4.565759764442437E-01  -5.405777188040893E-01  -1.000000000000000E+05
 -8.990901774924474E-01   4.703485719946576E-01  -5.431975914698703E-01  -1.000000000000000E+05
 -9.202749596728502E-01   4.839867652796203E-01  -5.451126923022410E-01  -1.000000000000000E+05
 -9.428931918533627E-01   4.975008081476098E-01  -5.463325489254024E-01  -1.000000000000000E+05
 -9.671281164034680E-01   5.108429415371647E-01  -5.467532666559721E-01  -1.000000000000000E+05
 -9.931209025112784E-01   5.239031902737266E-01  -5.461518204368613E-01  -1.000000000000000E+05
 -1.020952474546574E+00   5.365117905875579E-01  -5.441925396306522E-01  -1.000000000000000E+05
 -1.050627556347224E+00   5.484482141470265E-01  -5.404462769481098E-01  -1.000000000000000E+05
 -1.082062328358435E+00   5.594561250316482E-01  -5.344215445851026E-01  -1.000000000000000E+05
 -1.115076936137992E+00   5.692630308056409E-01  -5.256056850119933E-01  -1.000000000000000E+05
 -1.149393817168796E+00   5.776029204739047E-01  -5.135130388222153E-01  -1.000000000000000E+05
 -1.184642442205203E+00   5.842398658808607E-01  -4.977361900483203E-01  -1.000000000000000E+05
 -1.220370621212274E+00   5.889904304395391E-01  -4.779958060937888E-01  -1.000000000000000E+05
 -1.256062034218058E+00   5.917427943809965E-01  -4.541844139822299E-01  -1.000000000000000E+05
 -1.291159151827961E+00   5.924707649698187E-01  -4.263997018623730E-01  -1.000000000000000E+05
 -1.325090249343824E+00   5.912412711273666E-01  -3.949636008050736E-01  -1.000000000000000E+05
 -1.357298832417053E+00   5.882145062265235E-01  -3.604244434860308E-01  -1.000000000000000E+05
 -1.387273516855398E+00   5.836365293893909E-01  -3.235408332674374E-01  -1.000000000000000E+05
 -1.414576269035387E+00   5.778248054327841E-01  -2.852473791374836E-01  -1.000000000000000E+05
 -1.438866934473481E+00   5.711477952571126E-01  -2.466040278542206E-01  -1.000000000000000E+05
 -1.459922166247070E+00   5.640002438960039E-01  -2.087322143123489E-01  -1.000000000000000E+05
 -1.477647204505991E+00   5.567762033549269E-01  -1.727423181702892E-01  -1.000000000000000E+05
 -1.492079432364753E+00   5.498420358867820E-01  -1.396578391365701E-01  -1.000000000000000E+05
 -1.503383209097830E+00   5.435116513536674E-01  -1.103421928823243E-01  -1.000000000000000E+05
 -1.511836116229742E+00   5.380260392019834E-01  -8.543402910152441E-02  -1.000000000000000E+05
 -1.517807396941475E+00   5.335387792707410E-01  -6.529647026271175E-02  -1.000000000000000E+05
 -1.521729972945648E+00   5.301086909150964E-01  -4.998469618695485E-02  -1.000000000000000E+05
 -1.524067936241164E+00   5.277001550257607E-01  -3.923493030247271E-02  -1.000000000000000E+05
 -1.525281792674123E+00   5.261909756765787E-01  -3.247622917239178E-02  -1.000000000000000E+05
 -1.525793946633690E+00   5.253869981203413E-01  -2.886467540881344E-02  -1.000000000000000E+05
 -1.525956941053049E+00   5.250421263392163E-01  -2.733777787251289E-02  -1.000000000000000E+05
 -1.526026798623547E+00   5.248819374326853E-01  -2.668524583214064E-02  -1.000000000000000E+05
 -1.526026798623547E+00   5.248819374326853E-01  -2.668524583214064E-02   0.000000000000000E+00 7 RotatedCurve11 
 -7.319393813411340E-01   1.391926850795376E+00   2.960079473389944E-02  -9.820347734044865E+04
 -7.317534737308564E-01   1.392021876178755E+00   2.992236850502509E-02  -9.820347734044865E+04
 -7.312155026289878E-01   1.392308385020085E+00   3.086345283189455E-02  -9.820347734044865E+04
 -7.296236219523379E-01   1.393036457927247E+00   3.345703670356671E-02  -9.820347734044865E+04
 -7.262564658775644E-01   1.394349961375049E+00   3.861429855108336E-02  -9.820347734044865E+04
 -7.204355994350773E-01   1.396264806179710E+00   4.706612250129647E-02  -9.820347734044865E+04
 -7.115841451971181E-01   1.398657208044122E+00   5.931728928878428E-02  -9.820347734044865E+04
 -6.992768553651539E-01   1.401263525199441E+00   7.561655182119885E-02  -9.820347734044865E+04
 -6.832777030230847E-01   1.403692265987198E+00   9.594459651921751E-02  -9.820347734044865E+04
 -6.635621926361744E-01   1.405447786179013E+00   1.200205281205927E-01  -9.820347734044865E+04
 -6.403229328086022E-01   1.405964129831430E+00   1.473261087210229E-01  -9.820347734044865E+04
 -6.139584509365377E-01   1.404646508252534E+00   1.771456460661013E-01  -9.820347734044865E+04
 -5.850466306337753E-01   1.400917151245116E+00   2.086182698839152E-01  -9.820347734044865E+04
 -5.543053954033936E-01   1.394261778575412E+00   2.407984511783448E-01  -9.820347734044865E+04
 -5.225442397764588E-01   1.384272778854414E+00   2.727200772511867E-01  -9.820347734044865E+04
 -4.906108423539972E-01   1.370685369548298E+00   3.034592348693177E-01  -9.820347734044865E+04
 -4.593372375326181E-01   1.353403535523218E+00   3.321910830190652E-01  -9.820347734044865E+04
 -4.294898647464002E-01   1.332513362740174E+00   3.582367898142622E-01  -9.820347734044865E+04
 -4.017272833475343E-01   1.308282428778329E+00   3.810974097438459E-01  -9.820347734044865E+04
 -3.765684988039078E-01   1.281145091256394E+00   4.004727068041380E-01  -9.820347734044865E+04
 -3.543737796907110E-01   1.251674723882344E+00   4.162641875783321E-01  -9.820347734044865E+04
 -3.353386609561146E-01   1.220545078879870E+00   4.285628883947100E-01  -9.820347734044865E+04
 -3.195006406135782E-01   1.188483901284279E+00   4.376236551581524E-01  -9.820347734044865E+04
 -3.067569943689420E-01   1.156222598341536E+00   4.438286658862232E-01  -9.820347734044865E+04
 -2.968912519223338E-01   1.124446113342362E+00   4.476436949798676E-01  -9.820347734044865E+04
 -2.896052733764508E-01   1.093747135098714E+00   4.495710499442243E-01  -9.820347734044865E+04
 -2.845535789181978E-01   1.064588392571204E+00   4.501031995320040E-01  -9.820347734044865E+04
 -2.813766318884127E-01   1.037276072819636E+00   4.496808613356957E-01  -9.820347734044865E+04
 -2.797301340951892E-01   1.011946423628673E+00   4.486587601146055E-01  -9.820347734044865E+04
 -2.793080127744196E-01   9.885664483141320E-01   4.472814644661973E-01  -9.820347734044865E+04
 -2.798575872539251E-01   9.669483738977689E-01   4.456707372245465E-01  -9.820347734044865E+04
 -2.811863107549997E-01   9.467763859847272E-01   4.438247845866051E-01  -9.820347734044865E+04
 -2.831603931960578E-01   9.276430812891298E-01   4.416287544355449E-01  -9.820347734044865E+04
 -2.856964321541421E-01   9.090922849677402E-01   4.388749047806405E-01  -9.820347734044865E+04
 -2.887478317444966E-01   8.906643854091976E-01   4.352901151236939E-01  -9.820347734044865E+04
 -2.922882138561254E-01   8.719401956214377E-01   4.305679042693000E-01  -9.820347734044865E+04
 -2.962941894105172E-01   8.525795669389831E-01   4.244018814433629E-01  -9.820347734044865E+04
 -3.007297539498241E-01   8.323515332206173E-01   4.165176016664854E-01  -9.820347734044865E+04
 -3.055342248442495E-01   8.111535970264584E-01   4.067001037698298E-01  -9.820347734044865E+04
 -3.106150945659112E-01   7.890188030554985E-01   3.948149399819783E-01  -9.820347734044865E+04
 -3.158465028542426E-01   7.661103803468817E-01   3.808212011224792E-01  -9.820347734044865E+04
 -3.210733089109928E-01   7.427048670659997E-01   3.647758304325633E-01  -9.820347734044865E+04
 -3.261200547878102E-01   7.191656555481865E-01   3.468293261584919E-01  -9.820347734044865E+04
 -3.308035289467165E-01   6.959097176772846E-01   3.272136844912847E-01  -9.820347734044865E+04
 -3.349472269696056E-01   6.733708188517996E-01   3.062240655226952E-01  -9.820347734044865E+04
 -3.383958068423480E-01   6.519627567719564E-01   2.841961251466308E-01  -9.820347734044865E+04
 -3.410276671195688E-01   6.320460539162847E-01   2.614812134644469E-01  -9.820347734044865E+04
 -3.427640297210223E-01   6.139011065548026E-01   2.384216839760560E-01  -9.820347734044865E+04
 -3.435733526348756E-01   5.977100949720381E-01   2.153283970034585E-01  -9.820347734044865E+04
 -3.434704781449439E-01   5.835490607233357E-01   1.924621633992138E-01  -9.820347734044865E+04
 -3.425105713450902E-01   5.713905464982328E-01   1.700204036196705E-01  -9.820347734044865E+04
 -3.407785464495214E-01   5.611161708058628E-01   1.481297456927637E-01  -9.820347734044865E+04
 -3.383752406353977E-01   5.525375710003756E-01   1.268447108028548E-01  -9.820347734044865E+04
 -3.354020119547942E-01   5.454233820246999E-01   1.061520929391336E-01  -9.820347734044865E+04
 -3.319456606242831E-01   5.395293944126259E-01   8.598017816006354E-02  -9.820347734044865E+04
 -3.280655747733653E-01   5.346287987357722E-01   6.621160698784533E-02  -9.820347734044865E+04
 -3.237847801629459E-01   5.305394914927201E-01   4.669848329814258E-02  -9.820347734044865E+04
 -3.190861510891522E-01   5.271457764588886E-01   2.727828197421882E-02  -9.820347734044865E+04
 -3.139144618911836E-01   5.244124049219946E-01   7.789197118035236E-03  -9.820347734044865E+04
 -3.081842882173398E-01   5.223896937617830E-01  -1.191621939351495E-02  -9.820347734044865E+04
 -3.017930785666195E-01   5.212093609552182E-01  -3.195998539011606E-02  -9.820347734044865E+04
 -2.946380867925585E-01   5.210716341602434E-01  -5.243069761141452E-02  -9.820347734044865E+04
 -2.866353571167718E-01   5.222250302029915E-01  -7.337879140820562E-02  -9.820347734044865E+04
 -2.777386434609349E-01   5.249408912228517E-01  -9.481490438451103E-02  -9.820347734044865E+04
 -2.679560635477340E-01   5.294852332744244E-01  -1.167109445535265E-01  -9.820347734044865E+04
 -2.573624499791207E-01   5.360906743266103E-01  -1.390032941115519E-01  -9.820347734044865E+04
 -2.461057538832355E-01   5.449311460411647E-01  -1.615975030782558E-01  -9.820347734044865E+04
 -2.344064448004988E-01   5.561017698354290E-01  -1.843738399451954E-01  -9.820347734044865E+04
 -2.225495743930618E-01   5.696057303415125E-01  -2.071931552513353E-01  -9.820347734044865E+04
 -2.108699564037023E-01   5.853492674596810E-01  -2.299026561274872E-01  -9.820347734044865E+04
 -1.997316777904094E-01   6.031451056806200E-01  -2.523413574011034E-01  -9.820347734044865E+04
 -1.895038131818156E-01   6.227238274114816E-01  -2.743451383647655E-01  -9.820347734044865E+04
 -1.805346929379127E-01   6.437519559206153E-01  -2.957514667085162E-01  -9.820347734044865E+04
 -1.731273175126618E-01   6.658549145033428E-01  -3.164039312614319E-01  -9.820347734044865E+04
 -1.675184843648075E-01   6.886426269508343E-01  -3.361567406466071E-01  -9.820347734044865E+04
 -1.638638927529331E-01   7.117353546254445E-01  -3.548792936322184E-01  -9.820347734044865E+04
 -1.622309395548671E-01   7.347874375144738E-01  -3.724608174302316E-01  -9.820347734044865E+04
 -1.626001659840248E-01   7.575069059987958E-01  -3.888149206503658E-01  -9.820347734044865E+04
 -1.648754334193923E-01   7.796694195222740E-01  -4.038837435963929E-01  -9.820347734044865E+04
 -1.689019846855870E-01   8.011256122815070E-01  -4.176412396930312E-01  -9.820347734044865E+04
 -1.744906799276794E-01   8.218016165579513E-01  -4.300950178235417E-01  -9.820347734044865E+04
 -1.814459757712368E-01   8.416932183915722E-01  -4.412861421271822E-01  -9.820347734044865E+04
 -1.895947223982642E-01   8.608547075137144E-01  -4.512863416225080E-01  -9.820347734044865E+04
 -1.988126442975292E-01   8.793839531985330E-01  -4.601922345819827E-01  -9.820347734044865E+04
 -2.090454781574093E-01   8.974055252798112E-01  -4.681164171965683E-01  -9.820347734044865E+04
 -2.203221657557984E-01   9.150537606552892E-01  -4.751755852643693E-01  -9.820347734044865E+04
 -2.327582087377116E-01   9.324575483213957E-01  -4.814762222761403E-01  -9.820347734044865E+04
 -2.465482241041392E-01   9.497282908301417E-01  -4.870987591156689E-01  -9.820347734044865E+04
 -2.619478080206237E-01   9.669520373087966E-01  -4.920814461056582E-01  -9.820347734044865E+04
 -2.792459188391847E-01   9.841862282979129E-01  -4.964054331219053E-01  -9.820347734044865E+04
 -2.987300191392195E-01   1.001460910147011E+00  -4.999826881645639E-01  -9.820347734044865E+04
 -3.206470663820126E-01   1.018783733035632E+00  -5.026483685616416E-01  -9.820347734044865E+04
 -3.451640222767924E-01   1.036147603088419E+00  -5.041590747520089E-01  -9.820347734044865E+04
 -3.723317958417929E-01   1.053539564889222E+00  -5.041980636109062E-01  -9.820347734044865E+04
 -4.020564089988813E-01   1.070949378151829E+00  -5.023879935901306E-01  -9.820347734044865E+04
 -4.340806760724750E-01   1.088376332916506E+00  -4.983111519848085E-01  -9.820347734044865E+04
 -4.679788554497360E-01   1.105833111083628E+00  -4.915364249737845E-01  -9.820347734044865E+04
 -5.031656319075399E-01   1.123345917292278E+00  -4.816515744322858E-01  -9.820347734044865E+04
 -5.389195181353419E-01   1.140950620642874E+00  -4.682987484015477E-01  -9.820347734044865E+04
 -5.744194389109823E-01   1.158685209958067E+00  -4.512106405698317E-01  -9.820347734044865E+04
 -6.087920044157723E-01   1.176579403048967E+00  -4.302443871741719E-01  -9.820347734044865E+04
 -6.411659099636893E-01   1.194642700382841E+00  -4.054101930817585E-01  -9.820347734044865E+04
 -6.707291226287770E-01   1.212852480043674E+00  -3.768918396018064E-01  -9.820347734044865E+04
 -6.967841103478614E-01   1.231143853431112E+00  -3.450566496702905E-01  -9.820347734044865E+04
 -7.187963823664336E-01   1.249402919040163E+00  -3.104531522546481E-01  -9.820347734044865E+04
 -7.364320496395940E-01   1.267464766627973E+00  -2.737955543909160E-01  -9.820347734044865E+04
 -7.495809488307983E-01   1.285117120555409E+00  -2.359351326259388E-01  -9.820347734044865E+04
 -7.583630356297955E-01   1.302109914128525E+00  -1.978197162664655E-01  -9.820347734044865E+04
 -7.631171428029142E-01   1.318170417613193E+00  -1.604434638163487E-01  -9.820347734044865E+04
 -7.643726939397997E-01   1.333022872547425E+00  -1.247900407203292E-01  -9.820347734044865E+04
 -7.628064322578436E-01   1.346410987991510E+00  -9.177300694017286E-02  -9.820347734044865E+04
 -7.591875330085749E-01   1.358121199257742E+00  -6.217764726616105E-02  -9.820347734044865E+04
 -7.543154991081424E-01   1.368004332689198E+00  -3.660857713968927E-02  -9.820347734044865E+04
 -7.489558979330198E-01   1.375993298569796E+00  -1.544721000520784E-02  -9.820347734044865E+04
 -7.437792212352712E-01   1.382114662242472E+00   1.177414072887553E-03  -9.820347734044865E+04
 -7.393079172265357E-01   1.386492409454232E+00   1.340182795041721E-02  -9.820347734044865E+04
 -7.358759726044879E-01   1.389342889181515E+00   2.162388270974974E-02  -9.820347734044865E+04
 -7.336043707676533E-01   1.390960726941658E+00   2.648083737744245E-02  -9.820347734044865E+04
 -7.323944131057413E-01   1.391696378303815E+00   2.881092405125445E-02  -9.820347734044865E+04
 -7.319393813411340E-01   1.391926850795376E+00   2.960079473389943E-02  -9.820347734044865E+04
 -7.319393813411340E-01   1.391926850795376E+00   2.960079473389944E-02   0.000000000000000E+00 8 RotatedCurve12 
end 
