periods   2 
begin filament 
mirror NIL 
  1.608008787155804E+00   5.081187002882601E-01  -7.319487609434909E-02   1.000000000000000E+05
  1.606496691157603E+00   5.124711455132525E-01  -8.185905859503237E-02   1.000000000000000E+05
  1.604706769069505E+00   5.171348494771976E-01  -9.185728858780341E-02   1.000000000000000E+05
  1.602393694351931E+00   5.224693264914986E-01  -1.039652027759793E-01   1.000000000000000E+05
  1.599231130137059E+00   5.287281338875143E-01  -1.188107444656012E-01   1.000000000000000E+05
  1.594834411265862E+00   5.360294316630754E-01  -1.368414532996247E-01   1.000000000000000E+05
  1.588786237765366E+00   5.443353863858971E-01  -1.583026473867167E-01   1.000000000000000E+05
  1.580663777157410E+00   5.534420066451534E-01  -1.832273450989110E-01   1.000000000000000E+05
  1.570065530003664E+00   5.629803192883888E-01  -2.114380650357108E-01   1.000000000000000E+05
  1.556636372281555E+00   5.724290522290382E-01  -2.425599497537887E-01   1.000000000000000E+05
  1.540089343686365E+00   5.811382302493939E-01  -2.760440242631768E-01   1.000000000000000E+05
  1.520222990853508E+00   5.883623656090624E-01  -3.111988614989644E-01   1.000000000000000E+05
  1.496933381701248E+00   5.933012837949836E-01  -3.472285142628260E-01   1.000000000000000E+05
  1.470220260537456E+00   5.951461092814054E-01  -3.832743077343837E-01   1.000000000000000E+05
  1.440187189646664E+00   5.931275811476892E-01  -4.184579796406387E-01   1.000000000000000E+05
  1.407035897221049E+00   5.865636975232693E-01  -4.519237069746675E-01   1.000000000000000E+05
  1.371055399846512E+00   5.749037124507987E-01  -4.828767588476274E-01   1.000000000000000E+05
  1.332606768665985E+00   5.577657271505523E-01  -5.106168453214800E-01   1.000000000000000E+05
  1.292104643799862E+00   5.349655151510559E-01  -5.345646647635020E-01   1.000000000000000E+05
  1.249996758329632E+00   5.065347707073876E-01  -5.542806544916542E-01   1.000000000000000E+05
  1.206742803386446E+00   4.727276356333973E-01  -5.694754849963738E-01   1.000000000000000E+05
  1.162793947790018E+00   4.340150967954596E-01  -5.800123698076523E-01   1.000000000000000E+05
  1.118574223321857E+00   3.910676061310890E-01  -5.859017558901461E-01   1.000000000000000E+05
  1.074464809659876E+00   3.447270069708435E-01  -5.872893822141559E-01   1.000000000000000E+05
  1.030792015547852E+00   2.959695065817501E-01  -5.844390219641675E-01   1.000000000000000E+05
  9.878194728736570E-01   2.458619724972937E-01  -5.777114395186097E-01   1.000000000000000E+05
  9.457447582792562E-01   1.955142148517100E-01  -5.675411883372237E-01   1.000000000000000E+05
  9.047003539204681E-01   1.460301245987727E-01  -5.544128506748879E-01   1.000000000000000E+05
  8.647585756597166E-01   9.846055623894795E-02  -5.388381836927900E-01   1.000000000000000E+05
  8.259398519555363E-01   5.376067437567434E-02  -5.213354058434851E-01   1.000000000000000E+05
  7.882235454327097E-01   1.275413959956594E-02  -5.024115553646825E-01   1.000000000000000E+05
  7.515603827876435E-01  -2.389398396498577E-02  -4.825485066469740E-01   1.000000000000000E+05
  7.158855036238365E-01  -5.569432459691074E-02  -4.621928696163326E-01   1.000000000000000E+05
  6.811311561266901E-01  -8.233970692875567E-02  -4.417496514447435E-01   1.000000000000000E+05
  6.472381531167227E-01  -1.037011728797379E-01  -4.215792558840778E-01   1.000000000000000E+05
  6.141653471585075E-01  -1.198143099995952E-01  -4.019971559851869E-01   1.000000000000000E+05
  5.818965752382320E-01  -1.308572902008220E-01  -3.832754176214183E-01   1.000000000000000E+05
  5.504447462558606E-01  -1.371225248179340E-01  -3.656451836637340E-01   1.000000000000000E+05
  5.198529806307302E-01  -1.389842026287399E-01  -3.492992537132544E-01   1.000000000000000E+05
  4.901929426529091E-01  -1.368641734170729E-01  -3.343940061274248E-01   1.000000000000000E+05
  4.615607156534217E-01  -1.311986600182809E-01  -3.210500946930001E-01   1.000000000000000E+05
  4.340707425484823E-01  -1.224081280449010E-01  -3.093515927253521E-01   1.000000000000000E+05
  4.078484779458947E-01  -1.108723282184584E-01  -2.993435292264631E-01   1.000000000000000E+05
  3.830224648905699E-01  -9.691207606816314E-02  -2.910280391420271E-01   1.000000000000000E+05
  3.597165560850061E-01  -8.077878158020742E-02  -2.843596064628799E-01   1.000000000000000E+05
  3.380429473481348E-01  -6.265212788065959E-02  -2.792400903984845E-01   1.000000000000000E+05
  3.180965859812372E-01  -4.264566780358076E-02  -2.755143703216288E-01   1.000000000000000E+05
  2.999513684053887E-01  -2.081950557332516E-02  -2.729675092895655E-01   1.000000000000000E+05
  2.836583629378523E-01   2.801299291327971E-03  -2.713243100559349E-01   1.000000000000000E+05
  2.692461000738957E-01   2.820438992281067E-02  -2.702520204639902E-01   1.000000000000000E+05
  2.567227803103417E-01   5.536589882786527E-02  -2.693667435112813E-01   1.000000000000000E+05
  2.460800742955792E-01   8.422655555679291E-02  -2.682438350497517E-01   1.000000000000000E+05
  2.372980463326085E-01   1.146702672217570E-01  -2.664322492105106E-01   1.000000000000000E+05
  2.303506318102295E-01   1.465071220063892E-01  -2.634724432540977E-01   1.000000000000000E+05
  2.252110502947299E-01   1.794624181316390E-01  -2.589171076710475E-01   1.000000000000000E+05
  2.218565429283855E-01   2.131728531415177E-01  -2.523536728847302E-01   1.000000000000000E+05
  2.202718851168187E-01   2.471904553709259E-01  -2.434272883619416E-01   1.000000000000000E+05
  2.204512384374728E-01   2.809942416301289E-01  -2.318627972998975E-01   1.000000000000000E+05
  2.223980603358608E-01   3.140089862084126E-01  -2.174841588250688E-01   1.000000000000000E+05
  2.261229741053476E-01   3.456299300127567E-01  -2.002298112350713E-01   1.000000000000000E+05
  2.316396999516496E-01   3.752517856774607E-01  -1.801626275107798E-01   1.000000000000000E+05
  2.389593443066047E-01   4.023000394862086E-01  -1.574733827351924E-01   1.000000000000000E+05
  2.480835225044031E-01   4.262623401667990E-01  -1.324770182588874E-01   1.000000000000000E+05
  2.589969341107694E-01   4.467177139582512E-01  -1.056014277539955E-01   1.000000000000000E+05
  2.716601075629418E-01   4.633614592593301E-01  -7.736897757373068E-02   1.000000000000000E+05
  2.860030716585675E-01   4.760238453094877E-01  -4.837147537372721E-02   1.000000000000000E+05
  3.019206903159756E-01   4.846811491102445E-01  -1.923978168830968E-02   1.000000000000000E+05
  3.192703130838918E-01   4.894580845733130E-01   9.390315882696645E-03   1.000000000000000E+05
  3.378722511167317E-01   4.906212711222596E-01   3.691400940406897E-02   1.000000000000000E+05
  3.575133954187061E-01   4.885640137294214E-01   6.279298049439500E-02   1.000000000000000E+05
  3.779540638816770E-01   4.837832782641402E-01   8.658825017481157E-02   1.000000000000000E+05
  3.989379120526553E-01   4.768503013979920E-01   1.079881674750257E-01   1.000000000000000E+05
  4.202044878843268E-01   4.683767332988716E-01   1.268295468413985E-01   1.000000000000000E+05
  4.415037720389475E-01   4.589785407281110E-01   1.431103165033619E-01   1.000000000000000E+05
  4.626118412240188E-01   4.492400737231991E-01   1.569925146391277E-01   1.000000000000000E+05
  4.833466392573750E-01   4.396807073465573E-01   1.687950402247288E-01   1.000000000000000E+05
  5.035827526740912E-01   4.307263092961611E-01   1.789761963346363E-01   1.000000000000000E+05
  5.232640740798425E-01   4.226874647064101E-01   1.881067157262620E-01   1.000000000000000E+05
  5.424133015148019E-01   4.157459326594568E-01   1.968345895370343E-01   1.000000000000000E+05
  5.611373647645277E-01   4.099502460002266E-01   2.058435878052713E-01   1.000000000000000E+05
  5.796280832648976E-01   4.052207358510589E-01   2.158078262816740E-01   1.000000000000000E+05
  5.981576332125763E-01   4.013636085329280E-01   2.273450643292513E-01   1.000000000000000E+05
  6.170687174001824E-01   3.980930710769413E-01   2.409715883827379E-01   1.000000000000000E+05
  6.367596703228706E-01   3.950599364944584E-01   2.570615291360620E-01   1.000000000000000E+05
  6.576650711941169E-01   3.918846813802440E-01   2.758132741649351E-01   1.000000000000000E+05
  6.802327558346096E-01   3.881926089204157E-01   2.972252785200341E-01   1.000000000000000E+05
  7.048983929021840E-01   3.836486130731863E-01   3.210830627560202E-01   1.000000000000000E+05
  7.320590008493338E-01   3.779890564716811E-01   3.469585500393722E-01   1.000000000000000E+05
  7.620469132526726E-01   3.710484652479295E-01   3.742221691572442E-01   1.000000000000000E+05
  7.951057405388986E-01   3.627790961365787E-01   4.020673824698763E-01   1.000000000000000E+05
  8.313698201379058E-01   3.532619211920575E-01   4.295465346690679E-01   1.000000000000000E+05
  8.708484954403335E-01   3.427081698162189E-01   4.556162076683865E-01   1.000000000000000E+05
  9.134163236306948E-01   3.314512256693461E-01   4.791896544831171E-01   1.000000000000000E+05
  9.588099964665496E-01   3.199293519160950E-01   4.991934104012287E-01   1.000000000000000E+05
  1.006632384544563E+00   3.086603651432606E-01   5.146248747248260E-01   1.000000000000000E+05
  1.056363706806044E+00   2.982099509588553E-01   5.246075421576089E-01   1.000000000000000E+05
  1.107379407970476E+00   2.891557724526695E-01   5.284406489992205E-01   1.000000000000000E+05
  1.158973923349845E+00   2.820498338311748E-01   5.256402826273217E-01   1.000000000000000E+05
  1.210389148629178E+00   2.773817031472744E-01   5.159694678137288E-01   1.000000000000000E+05
  1.260846135005216E+00   2.755451592977550E-01   4.994553632061503E-01   1.000000000000000E+05
  1.309578317086274E+00   2.768106109901022E-01   4.763924388982169E-01   1.000000000000000E+05
  1.355864466617483E+00   2.813052532242358E-01   4.473313169010976E-01   1.000000000000000E+05
  1.399059557777708E+00   2.890024055238263E-01   4.130537912155356E-01   1.000000000000000E+05
  1.438621831193667E+00   2.997208509932910E-01   3.745353520937970E-01   1.000000000000000E+05
  1.474134548784531E+00   3.131343089563958E-01   3.328972705307691E-01   1.000000000000000E+05
  1.505321228368843E+00   3.287904735978465E-01   2.893509092648450E-01   1.000000000000000E+05
  1.532053518053720E+00   3.461383850511666E-01   2.451373783499440E-01   1.000000000000000E+05
  1.554351293428839E+00   3.645623140141832E-01   2.014659192966876E-01   1.000000000000000E+05
  1.572375009782651E+00   3.834198771743624E-01   1.594544660762362E-01   1.000000000000000E+05
  1.586410789485465E+00   4.020817912760504E-01   1.200756906956334E-01   1.000000000000000E+05
  1.596849143893935E+00   4.199705408901326E-01   8.411150506996989E-02   1.000000000000000E+05
  1.604158593935704E+00   4.365952891426526E-01   5.211848108271171E-02   1.000000000000000E+05
  1.608855741643849E+00   4.515805993098890E-01   2.440599923147291E-02   1.000000000000000E+05
  1.611473538862373E+00   4.646869430953225E-01   1.028183834614704E-03   1.000000000000000E+05
  1.612529587599606E+00   4.758215216748068E-01  -1.821012393708039E-02   1.000000000000000E+05
  1.612496284182889E+00   4.850385814351904E-01  -3.373391539063762E-02   1.000000000000000E+05
  1.611774488527013E+00   4.925291235241541E-01  -4.616641308163357E-02   1.000000000000000E+05
  1.610672169319239E+00   4.986006362383948E-01  -5.628732250099837E-02   1.000000000000000E+05
  1.609389160784104E+00   5.036481721546678E-01  -6.498348635509696E-02   1.000000000000000E+05
  1.608008787155804E+00   5.081187002882601E-01  -7.319487609434905E-02   1.000000000000000E+05
  1.608008787155804E+00   5.081187002882601E-01  -7.319487609434909E-02   0.000000000000000E+00 1 CurveXYZFourier1 
  4.763428742992353E-01   1.808754233165817E+00   1.160583602225091E-01   1.846290439366229E+05
  4.740563660798193E-01   1.807867743657877E+00   1.096605951611398E-01   1.846290439366229E+05
  4.713781313113896E-01   1.806698540380985E+00   1.022575938595529E-01   1.846290439366229E+05
  4.682037483120995E-01   1.804989636856066E+00   9.309743910222112E-02   1.846290439366229E+05
  4.645001131950228E-01   1.802451191859934E+00   8.151921023214970E-02   1.846290439366229E+05
  4.602938551717307E-01   1.798786187950583E+00   6.698753511357421E-02   1.846290439366229E+05
  4.556563363424410E-01   1.793715262427205E+00   4.911979069554156E-02   1.846290439366229E+05
  4.506866390656185E-01   1.786999105937370E+00   2.770451511614069E-02   1.846290439366229E+05
  4.454940047694661E-01   1.778457051125039E+00   2.710132608998782E-03   1.846290439366229E+05
  4.401811409305803E-01   1.767980763379545E+00  -2.571632059046589E-02   1.846290439366229E+05
  4.348296652606234E-01   1.755542297505029E+00  -5.726018278741674E-02   1.846290439366229E+05
  4.294887222097862E-01   1.741196173957896E+00  -9.145900709529413E-02   1.846290439366229E+05
  4.241675067831657E-01   1.725075530167626E+00  -1.277298862802272E-01   1.846290439366229E+05
  4.188320886477586E-01   1.707382790064583E+00  -1.654024755897815E-01   1.846290439366229E+05
  4.134065722340066E-01   1.688375643447569E+00  -2.037556274269147E-01   1.846290439366229E+05
  4.077782830625334E-01   1.668349414459954E+00  -2.420553871167702E-01   1.846290439366229E+05
  4.018063623480202E-01   1.647617107877638E+00  -2.795920774648829E-01   1.846290439366229E+05
  3.953329031568892E-01   1.626488541324096E+00  -3.157143201155221E-01   1.846290439366229E+05
  3.881955891956800E-01   1.605249995282942E+00  -3.498580935391188E-01   1.846290439366229E+05
  3.802407127465473E-01   1.584145741683361E+00  -3.815692921094894E-01   1.846290439366229E+05
  3.713354555893453E-01   1.563362652955805E+00  -4.105187024669919E-01   1.846290439366229E+05
  3.613784131759614E-01   1.543018859524729E+00  -4.365088212761794E-01   1.846290439366229E+05
  3.503075183582841E-01   1.523157132147887E+00  -4.594724685474406E-01   1.846290439366229E+05
  3.381047612100384E-01   1.503743337182143E+00  -4.794636680692458E-01   1.846290439366229E+05
  3.247973858325906E-01   1.484669970561148E+00  -4.966417378773503E-01   1.846290439366229E+05
  3.104555502794405E-01   1.465764443189850E+00  -5.112499294654753E-01   1.846290439366229E+05
  2.951867373127085E-01   1.446801488569374E+00  -5.235902506356032E-01   1.846290439366229E+05
  2.791274775788480E-01   1.427518812069333E+00  -5.339962866406952E-01   1.846290439366229E+05
  2.624331712601904E-01   1.407634915746578E+00  -5.428058888673051E-01   1.846290439366229E+05
  2.452669515965368E-01   1.386867923470737E+00  -5.503355295927440E-01   1.846290439366229E+05
  2.277886114540577E-01   1.364954203370667E+00  -5.568579336093992E-01   1.846290439366229E+05
  2.101446061618253E-01   1.341665637573131E+00  -5.625843087228201E-01   1.846290439366229E+05
  1.924600526572697E-01   1.316824516659649E+00  -5.676521297592324E-01   1.846290439366229E+05
  1.748334737670945E-01   1.290315227061298E+00  -5.721190120376188E-01   1.846290439366229E+05
  1.573348005213453E-01   1.262092138533036E+00  -5.759627704012564E-01   1.846290439366229E+05
  1.400068632193467E-01   1.232183367799397E+00  -5.790873297200521E-01   1.846290439366229E+05
  1.228702957627629E-01   1.200690373798435E+00  -5.813337617066772E-01   1.846290439366229E+05
  1.059314718626308E-01   1.167783609908720E+00  -5.824953969439068E-01   1.846290439366229E+05
  8.919281069375343E-02   1.133694700650537E+00  -5.823357210314141E-01   1.846290439366229E+05
  7.266455638621672E-02   1.098705808705689E+00  -5.806076240319569E-01   1.846290439366229E+05
  5.637697001977376E-02   1.063137000447907E+00  -5.770725398265616E-01   1.846290439366229E+05
  4.039178924154663E-02   1.027332496706822E+00  -5.715180857210244E-01   1.846290439366229E+05
  2.481181791250982E-02   9.916467072901015E-01  -5.637729842804269E-01   1.846290439366229E+05
  9.787608147671874E-03   9.564308949385024E-01  -5.537183036923867E-01   1.846290439366229E+05
 -4.479615459155878E-03   9.220212036829220E-01  -5.412943691579520E-01   1.846290439366229E+05
 -1.773937672973055E-02   8.887286289096782E-01  -5.265030510513972E-01   1.846290439366229E+05
 -2.969798082428944E-02   8.568313159166185E-01  -5.094054988850528E-01   1.846290439366229E+05
 -4.002907098526697E-02   8.265693665229092E-01  -4.901157362930666E-01   1.846290439366229E+05
 -4.838825700043528E-02   7.981421263480929E-01  -4.687908359318910E-01   1.846290439366229E+05
 -5.443101788817079E-02   7.717077351648675E-01  -4.456186326199275E-01   1.846290439366229E+05
 -5.783278103327016E-02   7.473845639607185E-01  -4.208040915868951E-01   1.846290439366229E+05
 -5.830984885933590E-02   7.252540468566842E-01  -3.945555160541477E-01   1.846290439366229E+05
 -5.563970170259126E-02   7.053643519238787E-01  -3.670717511751065E-01   1.846290439366229E+05
 -4.967916550126415E-02   6.877343259758372E-01  -3.385314234268940E-01   1.846290439366229E+05
 -4.037900182451396E-02   6.723571937796183E-01  -3.090850564427141E-01   1.846290439366229E+05
 -2.779365453322396E-02   6.592035865191960E-01  -2.788506425290594E-01   1.846290439366229E+05
 -1.208516310229953E-02   6.482236084184837E-01  -2.479129449012289E-01   1.846290439366229E+05
  6.479388879736786E-03   6.393478115585787E-01  -2.163264832211163E-01   1.846290439366229E+05
  2.753710284902199E-02   6.324871221948617E-01  -1.841218397788971E-01   1.846290439366229E+05
  5.064493346637261E-02   6.275319312909153E-01  -1.513146403813191E-01   1.846290439366229E+05
  7.530110372275146E-02   6.243507117163722E-01  -1.179163349071605E-01   1.846290439366229E+05
  1.009711505600935E-01   6.227886402358446E-01  -8.394574557427054E-02   1.846290439366229E+05
  1.271171200889237E-01   6.226667722988393E-01  -4.944027868838005E-02   1.846290439366229E+05
  1.532281537078982E-01   6.237823335802724E-01  -1.446571397567009E-02   1.846290439366229E+05
  1.788505371973547E-01   6.259106503880471E-01   2.087640644837582E-02   1.846290439366229E+05
  2.036152390898043E-01   6.288091423278822E-01   5.644457773734644E-02   1.846290439366229E+05
  2.272610491962086E-01   6.322236506243637E-01   9.205685166541951E-02   1.846290439366229E+05
  2.496516412928287E-01   6.358971842953582E-01   1.274943015473490E-01   1.846290439366229E+05
  2.707852151247362E-01   6.395809477794605E-01   1.625083288098738E-01   1.846290439366229E+05
  2.907958033457780E-01   6.430472842351659E-01   1.968313784409667E-01   1.846290439366229E+05
  3.099458329968459E-01   6.461039467797710E-01   2.301903284131519E-01   1.846290439366229E+05
  3.286100773535478E-01   6.486089138880801E-01   2.623215668895550E-01   1.846290439366229E+05
  3.472516877015079E-01   6.504848123627280E-01   2.929865911993018E-01   1.846290439366229E+05
  3.663915198567811E-01   6.517319165757897E-01   3.219868697616239E-01   1.846290439366229E+05
  3.865724322336939E-01   6.524386672455972E-01   3.491767115981608E-01   1.846290439366229E+05
  4.083205996547166E-01   6.527887033994060E-01   3.744729899802633E-01   1.846290439366229E+05
  4.321061341934397E-01   6.530635286484362E-01   3.978607619520103E-01   1.846290439366229E+05
  4.583054128314949E-01   6.536401331736049E-01   4.193941017126189E-01   1.846290439366229E+05
  4.871674719816874E-01   6.549831561466696E-01   4.391918046015564E-01   1.846290439366229E+05
  5.187866408138418E-01   6.576314850078309E-01   4.574279961269254E-01   1.846290439366229E+05
  5.530832582172367E-01   6.621795293282355E-01   4.743180701182629E-01   1.846290439366229E+05
  5.897938706084945E-01   6.692537562513073E-01   4.901007531590843E-01   1.846290439366229E+05
  6.284717660683421E-01   6.794854085978076E-01   5.050174209749321E-01   1.846290439366229E+05
  6.684980972044834E-01   6.934806225778659E-01   5.192900509840476E-01   1.846290439366229E+05
  7.091032176813162E-01   7.117893982839615E-01   5.330993627556205E-01   1.846290439366229E+05
  7.493972444125401E-01   7.348750345236305E-01   5.465647596831303E-01   1.846290439366229E+05
  7.884082972554998E-01   7.630857063798818E-01   5.597276329968041E-01   1.846290439366229E+05
  8.251263958754754E-01   7.966298310158578E-01   5.725394234468177E-01   1.846290439366229E+05
  8.585506391051672E-01   8.355567327894245E-01   5.848555647810759E-01   1.846290439366229E+05
  8.877370781528121E-01   8.797438873944998E-01   5.964360723525514E-01   1.846290439366229E+05
  9.118446351877090E-01   9.288917075987835E-01   6.069531123372338E-01   1.846290439366229E+05
  9.301765172602779E-01   9.825264471455716E-01   6.160054198806353E-01   1.846290439366229E+05
  9.422148263566713E-01   1.040011366341573E+00   6.231389591844491E-01   1.846290439366229E+05
  9.476464542337669E-01   1.100565848124060E+00   6.278727675749968E-01   1.846290439366229E+05
  9.463788515379775E-01   1.163291704323333E+00   6.297285305354726E-01   1.846290439366229E+05
  9.385448435589718E-01   1.227205495985030E+00   6.282621240113694E-01   1.846290439366229E+05
  9.244962937576119E-01   1.291275335029594E+00   6.230951573815094E-01   1.846290439366229E+05
  9.047870521818610E-01   1.354460360004083E+00   6.139444718959051E-01   1.846290439366229E+05
  8.801462300765056E-01   1.415750904274027E+00   6.006476036390112E-01   1.846290439366229E+05
  8.514433777125080E-01   1.474207312785885E+00   5.831824069403868E-01   1.846290439366229E+05
  8.196475776305573E-01   1.528995418757815E+00   5.616793444864026E-01   1.846290439366229E+05
  7.857827746607465E-01   1.579416862346061E+00   5.364253666243192E-01   1.846290439366229E+05
  7.508818299978399E-01   1.624932710319619E+00   5.078587995557701E-01   1.846290439366229E+05
  7.159418012597180E-01   1.665179203223200E+00   4.765552095357239E-01   1.846290439366229E+05
  6.818828154614930E-01   1.699974892868097E+00   4.432047732238943E-01   1.846290439366229E+05
  6.495126282549737E-01   1.729318912324629E+00   4.085822267811177E-01   1.846290439366229E+05
  6.194985702674165E-01   1.753380614190720E+00   3.735109527530069E-01   1.846290439366229E+05
  5.923480967948284E-01   1.772481291105127E+00   3.388231619685511E-01   1.846290439366229E+05
  5.683986127072881E-01   1.787069126495342E+00   3.053184106429427E-01   1.846290439366229E+05
  5.478166756530847E-01   1.797688887361162E+00   2.737228407967754E-01   1.846290439366229E+05
  5.306061237982542E-01   1.804948142833944E+00   2.446515336915723E-01   1.846290439366229E+05
  5.166241641700653E-01   1.809481956401612E+00   2.185762192778818E-01   1.846290439366229E+05
  5.056040251721818E-01   1.811918046877515E+00   1.958002972477655E-01   1.846290439366229E+05
  4.971824472526268E-01   1.812844341551928E+00   1.764427138942984E-01   1.846290439366229E+05
  4.909300769908409E-01   1.812780660034772E+00   1.604317284198829E-01   1.846290439366229E+05
  4.863827516543463E-01   1.812155981630802E+00   1.475090239461327E-01   1.846290439366229E+05
  4.830717143871990E-01   1.811292381421975E+00   1.372440081293174E-01   1.846290439366229E+05
  4.805509767903690E-01   1.810396294257828E+00   1.290575440604176E-01   1.846290439366229E+05
  4.784203299365138E-01   1.809557308677308E+00   1.222537918624649E-01   1.846290439366229E+05
  4.763428742992353E-01   1.808754233165817E+00   1.160583602225091E-01   1.846290439366229E+05
  4.763428742992353E-01   1.808754233165817E+00   1.160583602225091E-01   0.000000000000000E+00 2 CurveXYZFourier2 
  1.608008787155804E+00  -5.081187002882601E-01   7.319487609434909E-02  -1.000000000000000E+05
  1.606496691157603E+00  -5.124711455132525E-01   8.185905859503237E-02  -1.000000000000000E+05
  1.604706769069505E+00  -5.171348494771976E-01   9.185728858780341E-02  -1.000000000000000E+05
  1.602393694351931E+00  -5.224693264914986E-01   1.039652027759793E-01  -1.000000000000000E+05
  1.599231130137059E+00  -5.287281338875143E-01   1.188107444656012E-01  -1.000000000000000E+05
  1.594834411265862E+00  -5.360294316630754E-01   1.368414532996247E-01  -1.000000000000000E+05
  1.588786237765366E+00  -5.443353863858971E-01   1.583026473867167E-01  -1.000000000000000E+05
  1.580663777157410E+00  -5.534420066451534E-01   1.832273450989110E-01  -1.000000000000000E+05
  1.570065530003664E+00  -5.629803192883888E-01   2.114380650357108E-01  -1.000000000000000E+05
  1.556636372281555E+00  -5.724290522290382E-01   2.425599497537887E-01  -1.000000000000000E+05
  1.540089343686365E+00  -5.811382302493939E-01   2.760440242631768E-01  -1.000000000000000E+05
  1.520222990853508E+00  -5.883623656090624E-01   3.111988614989644E-01  -1.000000000000000E+05
  1.496933381701248E+00  -5.933012837949836E-01   3.472285142628260E-01  -1.000000000000000E+05
  1.470220260537456E+00  -5.951461092814054E-01   3.832743077343837E-01  -1.000000000000000E+05
  1.440187189646664E+00  -5.931275811476892E-01   4.184579796406387E-01  -1.000000000000000E+05
  1.407035897221049E+00  -5.865636975232693E-01   4.519237069746675E-01  -1.000000000000000E+05
  1.371055399846512E+00  -5.749037124507987E-01   4.828767588476274E-01  -1.000000000000000E+05
  1.332606768665985E+00  -5.577657271505523E-01   5.106168453214800E-01  -1.000000000000000E+05
  1.292104643799862E+00  -5.349655151510559E-01   5.345646647635020E-01  -1.000000000000000E+05
  1.249996758329632E+00  -5.065347707073876E-01   5.542806544916542E-01  -1.000000000000000E+05
  1.206742803386446E+00  -4.727276356333973E-01   5.694754849963738E-01  -1.000000000000000E+05
  1.162793947790018E+00  -4.340150967954596E-01   5.800123698076523E-01  -1.000000000000000E+05
  1.118574223321857E+00  -3.910676061310890E-01   5.859017558901461E-01  -1.000000000000000E+05
  1.074464809659876E+00  -3.447270069708435E-01   5.872893822141559E-01  -1.000000000000000E+05
  1.030792015547852E+00  -2.959695065817501E-01   5.844390219641675E-01  -1.000000000000000E+05
  9.878194728736570E-01  -2.458619724972937E-01   5.777114395186097E-01  -1.000000000000000E+05
  9.457447582792562E-01  -1.955142148517100E-01   5.675411883372237E-01  -1.000000000000000E+05
  9.047003539204681E-01  -1.460301245987727E-01   5.544128506748879E-01  -1.000000000000000E+05
  8.647585756597166E-01  -9.846055623894795E-02   5.388381836927900E-01  -1.000000000000000E+05
  8.259398519555363E-01  -5.376067437567434E-02   5.213354058434851E-01  -1.000000000000000E+05
  7.882235454327097E-01  -1.275413959956594E-02   5.024115553646825E-01  -1.000000000000000E+05
  7.515603827876435E-01   2.389398396498577E-02   4.825485066469740E-01  -1.000000000000000E+05
  7.158855036238365E-01   5.569432459691074E-02   4.621928696163326E-01  -1.000000000000000E+05
  6.811311561266901E-01   8.233970692875567E-02   4.417496514447435E-01  -1.000000000000000E+05
  6.472381531167227E-01   1.037011728797379E-01   4.215792558840778E-01  -1.000000000000000E+05
  6.141653471585075E-01   1.198143099995952E-01   4.019971559851869E-01  -1.000000000000000E+05
  5.818965752382320E-01   1.308572902008220E-01   3.832754176214183E-01  -1.000000000000000E+05
  5.504447462558606E-01   1.371225248179340E-01   3.656451836637340E-01  -1.000000000000000E+05
  5.198529806307302E-01   1.389842026287399E-01   3.492992537132544E-01  -1.000000000000000E+05
  4.901929426529091E-01   1.368641734170729E-01   3.343940061274248E-01  -1.000000000000000E+05
  4.615607156534217E-01   1.311986600182809E-01   3.210500946930001E-01  -1.000000000000000E+05
  4.340707425484823E-01   1.224081280449010E-01   3.093515927253521E-01  -1.000000000000000E+05
  4.078484779458947E-01   1.108723282184584E-01   2.993435292264631E-01  -1.000000000000000E+05
  3.830224648905699E-01   9.691207606816314E-02   2.910280391420271E-01  -1.000000000000000E+05
  3.597165560850061E-01   8.077878158020742E-02   2.843596064628799E-01  -1.000000000000000E+05
  3.380429473481348E-01   6.265212788065959E-02   2.792400903984845E-01  -1.000000000000000E+05
  3.180965859812372E-01   4.264566780358076E-02   2.755143703216288E-01  -1.000000000000000E+05
  2.999513684053887E-01   2.081950557332516E-02   2.729675092895655E-01  -1.000000000000000E+05
  2.836583629378523E-01  -2.801299291327971E-03   2.713243100559349E-01  -1.000000000000000E+05
  2.692461000738957E-01  -2.820438992281067E-02   2.702520204639902E-01  -1.000000000000000E+05
  2.567227803103417E-01  -5.536589882786527E-02   2.693667435112813E-01  -1.000000000000000E+05
  2.460800742955792E-01  -8.422655555679291E-02   2.682438350497517E-01  -1.000000000000000E+05
  2.372980463326085E-01  -1.146702672217570E-01   2.664322492105106E-01  -1.000000000000000E+05
  2.303506318102295E-01  -1.465071220063892E-01   2.634724432540977E-01  -1.000000000000000E+05
  2.252110502947299E-01  -1.794624181316390E-01   2.589171076710475E-01  -1.000000000000000E+05
  2.218565429283855E-01  -2.131728531415177E-01   2.523536728847302E-01  -1.000000000000000E+05
  2.202718851168187E-01  -2.471904553709259E-01   2.434272883619416E-01  -1.000000000000000E+05
  2.204512384374728E-01  -2.809942416301289E-01   2.318627972998975E-01  -1.000000000000000E+05
  2.223980603358608E-01  -3.140089862084126E-01   2.174841588250688E-01  -1.000000000000000E+05
  2.261229741053476E-01  -3.456299300127567E-01   2.002298112350713E-01  -1.000000000000000E+05
  2.316396999516496E-01  -3.752517856774607E-01   1.801626275107798E-01  -1.000000000000000E+05
  2.389593443066047E-01  -4.023000394862086E-01   1.574733827351924E-01  -1.000000000000000E+05
  2.480835225044031E-01  -4.262623401667990E-01   1.324770182588874E-01  -1.000000000000000E+05
  2.589969341107694E-01  -4.467177139582512E-01   1.056014277539955E-01  -1.000000000000000E+05
  2.716601075629418E-01  -4.633614592593301E-01   7.736897757373068E-02  -1.000000000000000E+05
  2.860030716585675E-01  -4.760238453094877E-01   4.837147537372721E-02  -1.000000000000000E+05
  3.019206903159756E-01  -4.846811491102445E-01   1.923978168830968E-02  -1.000000000000000E+05
  3.192703130838918E-01  -4.894580845733130E-01  -9.390315882696645E-03  -1.000000000000000E+05
  3.378722511167317E-01  -4.906212711222596E-01  -3.691400940406897E-02  -1.000000000000000E+05
  3.575133954187061E-01  -4.885640137294214E-01  -6.279298049439500E-02  -1.000000000000000E+05
  3.779540638816770E-01  -4.837832782641402E-01  -8.658825017481157E-02  -1.000000000000000E+05
  3.989379120526553E-01  -4.768503013979920E-01  -1.079881674750257E-01  -1.000000000000000E+05
  4.202044878843268E-01  -4.683767332988716E-01  -1.268295468413985E-01  -1.000000000000000E+05
  4.415037720389475E-01  -4.589785407281110E-01  -1.431103165033619E-01  -1.000000000000000E+05
  4.626118412240188E-01  -4.492400737231991E-01  -1.569925146391277E-01  -1.000000000000000E+05
  4.833466392573750E-01  -4.396807073465573E-01  -1.687950402247288E-01  -1.000000000000000E+05
  5.035827526740912E-01  -4.307263092961611E-01  -1.789761963346363E-01  -1.000000000000000E+05
  5.232640740798425E-01  -4.226874647064101E-01  -1.881067157262620E-01  -1.000000000000000E+05
  5.424133015148019E-01  -4.157459326594568E-01  -1.968345895370343E-01  -1.000000000000000E+05
  5.611373647645277E-01  -4.099502460002266E-01  -2.058435878052713E-01  -1.000000000000000E+05
  5.796280832648976E-01  -4.052207358510589E-01  -2.158078262816740E-01  -1.000000000000000E+05
  5.981576332125763E-01  -4.013636085329280E-01  -2.273450643292513E-01  -1.000000000000000E+05
  6.170687174001824E-01  -3.980930710769413E-01  -2.409715883827379E-01  -1.000000000000000E+05
  6.367596703228706E-01  -3.950599364944584E-01  -2.570615291360620E-01  -1.000000000000000E+05
  6.576650711941169E-01  -3.918846813802440E-01  -2.758132741649351E-01  -1.000000000000000E+05
  6.802327558346096E-01  -3.881926089204157E-01  -2.972252785200341E-01  -1.000000000000000E+05
  7.048983929021840E-01  -3.836486130731863E-01  -3.210830627560202E-01  -1.000000000000000E+05
  7.320590008493338E-01  -3.779890564716811E-01  -3.469585500393722E-01  -1.000000000000000E+05
  7.620469132526726E-01  -3.710484652479295E-01  -3.742221691572442E-01  -1.000000000000000E+05
  7.951057405388986E-01  -3.627790961365787E-01  -4.020673824698763E-01  -1.000000000000000E+05
  8.313698201379058E-01  -3.532619211920575E-01  -4.295465346690679E-01  -1.000000000000000E+05
  8.708484954403335E-01  -3.427081698162189E-01  -4.556162076683865E-01  -1.000000000000000E+05
  9.134163236306948E-01  -3.314512256693461E-01  -4.791896544831171E-01  -1.000000000000000E+05
  9.588099964665496E-01  -3.199293519160950E-01  -4.991934104012287E-01  -1.000000000000000E+05
  1.006632384544563E+00  -3.086603651432606E-01  -5.146248747248260E-01  -1.000000000000000E+05
  1.056363706806044E+00  -2.982099509588553E-01  -5.246075421576089E-01  -1.000000000000000E+05
  1.107379407970476E+00  -2.891557724526695E-01  -5.284406489992205E-01  -1.000000000000000E+05
  1.158973923349845E+00  -2.820498338311748E-01  -5.256402826273217E-01  -1.000000000000000E+05
  1.210389148629178E+00  -2.773817031472744E-01  -5.159694678137288E-01  -1.000000000000000E+05
  1.260846135005216E+00  -2.755451592977550E-01  -4.994553632061503E-01  -1.000000000000000E+05
  1.309578317086274E+00  -2.768106109901022E-01  -4.763924388982169E-01  -1.000000000000000E+05
  1.355864466617483E+00  -2.813052532242358E-01  -4.473313169010976E-01  -1.000000000000000E+05
  1.399059557777708E+00  -2.890024055238263E-01  -4.130537912155356E-01  -1.000000000000000E+05
  1.438621831193667E+00  -2.997208509932910E-01  -3.745353520937970E-01  -1.000000000000000E+05
  1.474134548784531E+00  -3.131343089563958E-01  -3.328972705307691E-01  -1.000000000000000E+05
  1.505321228368843E+00  -3.287904735978465E-01  -2.893509092648450E-01  -1.000000000000000E+05
  1.532053518053720E+00  -3.461383850511666E-01  -2.451373783499440E-01  -1.000000000000000E+05
  1.554351293428839E+00  -3.645623140141832E-01  -2.014659192966876E-01  -1.000000000000000E+05
  1.572375009782651E+00  -3.834198771743624E-01  -1.594544660762362E-01  -1.000000000000000E+05
  1.586410789485465E+00  -4.020817912760504E-01  -1.200756906956334E-01  -1.000000000000000E+05
  1.596849143893935E+00  -4.199705408901326E-01  -8.411150506996989E-02  -1.000000000000000E+05
  1.604158593935704E+00  -4.365952891426526E-01  -5.211848108271171E-02  -1.000000000000000E+05
  1.608855741643849E+00  -4.515805993098890E-01  -2.440599923147291E-02  -1.000000000000000E+05
  1.611473538862373E+00  -4.646869430953225E-01  -1.028183834614704E-03  -1.000000000000000E+05
  1.612529587599606E+00  -4.758215216748068E-01   1.821012393708039E-02  -1.000000000000000E+05
  1.612496284182889E+00  -4.850385814351904E-01   3.373391539063762E-02  -1.000000000000000E+05
  1.611774488527013E+00  -4.925291235241541E-01   4.616641308163357E-02  -1.000000000000000E+05
  1.610672169319239E+00  -4.986006362383948E-01   5.628732250099837E-02  -1.000000000000000E+05
  1.609389160784104E+00  -5.036481721546678E-01   6.498348635509696E-02  -1.000000000000000E+05
  1.608008787155804E+00  -5.081187002882601E-01   7.319487609434905E-02  -1.000000000000000E+05
  1.608008787155804E+00  -5.081187002882601E-01   7.319487609434909E-02   0.000000000000000E+00 3 RotatedCurve9 
  4.763428742992353E-01  -1.808754233165817E+00  -1.160583602225091E-01  -1.846290439366229E+05
  4.740563660798193E-01  -1.807867743657877E+00  -1.096605951611398E-01  -1.846290439366229E+05
  4.713781313113896E-01  -1.806698540380985E+00  -1.022575938595529E-01  -1.846290439366229E+05
  4.682037483120995E-01  -1.804989636856066E+00  -9.309743910222112E-02  -1.846290439366229E+05
  4.645001131950228E-01  -1.802451191859934E+00  -8.151921023214970E-02  -1.846290439366229E+05
  4.602938551717307E-01  -1.798786187950583E+00  -6.698753511357421E-02  -1.846290439366229E+05
  4.556563363424410E-01  -1.793715262427205E+00  -4.911979069554156E-02  -1.846290439366229E+05
  4.506866390656185E-01  -1.786999105937370E+00  -2.770451511614069E-02  -1.846290439366229E+05
  4.454940047694661E-01  -1.778457051125039E+00  -2.710132608998782E-03  -1.846290439366229E+05
  4.401811409305803E-01  -1.767980763379545E+00   2.571632059046589E-02  -1.846290439366229E+05
  4.348296652606234E-01  -1.755542297505029E+00   5.726018278741674E-02  -1.846290439366229E+05
  4.294887222097862E-01  -1.741196173957896E+00   9.145900709529413E-02  -1.846290439366229E+05
  4.241675067831657E-01  -1.725075530167626E+00   1.277298862802272E-01  -1.846290439366229E+05
  4.188320886477586E-01  -1.707382790064583E+00   1.654024755897815E-01  -1.846290439366229E+05
  4.134065722340066E-01  -1.688375643447569E+00   2.037556274269147E-01  -1.846290439366229E+05
  4.077782830625334E-01  -1.668349414459954E+00   2.420553871167702E-01  -1.846290439366229E+05
  4.018063623480202E-01  -1.647617107877638E+00   2.795920774648829E-01  -1.846290439366229E+05
  3.953329031568892E-01  -1.626488541324096E+00   3.157143201155221E-01  -1.846290439366229E+05
  3.881955891956800E-01  -1.605249995282942E+00   3.498580935391188E-01  -1.846290439366229E+05
  3.802407127465473E-01  -1.584145741683361E+00   3.815692921094894E-01  -1.846290439366229E+05
  3.713354555893453E-01  -1.563362652955805E+00   4.105187024669919E-01  -1.846290439366229E+05
  3.613784131759614E-01  -1.543018859524729E+00   4.365088212761794E-01  -1.846290439366229E+05
  3.503075183582841E-01  -1.523157132147887E+00   4.594724685474406E-01  -1.846290439366229E+05
  3.381047612100384E-01  -1.503743337182143E+00   4.794636680692458E-01  -1.846290439366229E+05
  3.247973858325906E-01  -1.484669970561148E+00   4.966417378773503E-01  -1.846290439366229E+05
  3.104555502794405E-01  -1.465764443189850E+00   5.112499294654753E-01  -1.846290439366229E+05
  2.951867373127085E-01  -1.446801488569374E+00   5.235902506356032E-01  -1.846290439366229E+05
  2.791274775788480E-01  -1.427518812069333E+00   5.339962866406952E-01  -1.846290439366229E+05
  2.624331712601904E-01  -1.407634915746578E+00   5.428058888673051E-01  -1.846290439366229E+05
  2.452669515965368E-01  -1.386867923470737E+00   5.503355295927440E-01  -1.846290439366229E+05
  2.277886114540577E-01  -1.364954203370667E+00   5.568579336093992E-01  -1.846290439366229E+05
  2.101446061618253E-01  -1.341665637573131E+00   5.625843087228201E-01  -1.846290439366229E+05
  1.924600526572697E-01  -1.316824516659649E+00   5.676521297592324E-01  -1.846290439366229E+05
  1.748334737670945E-01  -1.290315227061298E+00   5.721190120376188E-01  -1.846290439366229E+05
  1.573348005213453E-01  -1.262092138533036E+00   5.759627704012564E-01  -1.846290439366229E+05
  1.400068632193467E-01  -1.232183367799397E+00   5.790873297200521E-01  -1.846290439366229E+05
  1.228702957627629E-01  -1.200690373798435E+00   5.813337617066772E-01  -1.846290439366229E+05
  1.059314718626308E-01  -1.167783609908720E+00   5.824953969439068E-01  -1.846290439366229E+05
  8.919281069375343E-02  -1.133694700650537E+00   5.823357210314141E-01  -1.846290439366229E+05
  7.266455638621672E-02  -1.098705808705689E+00   5.806076240319569E-01  -1.846290439366229E+05
  5.637697001977376E-02  -1.063137000447907E+00   5.770725398265616E-01  -1.846290439366229E+05
  4.039178924154663E-02  -1.027332496706822E+00   5.715180857210244E-01  -1.846290439366229E+05
  2.481181791250982E-02  -9.916467072901015E-01   5.637729842804269E-01  -1.846290439366229E+05
  9.787608147671874E-03  -9.564308949385024E-01   5.537183036923867E-01  -1.846290439366229E+05
 -4.479615459155878E-03  -9.220212036829220E-01   5.412943691579520E-01  -1.846290439366229E+05
 -1.773937672973055E-02  -8.887286289096782E-01   5.265030510513972E-01  -1.846290439366229E+05
 -2.969798082428944E-02  -8.568313159166185E-01   5.094054988850528E-01  -1.846290439366229E+05
 -4.002907098526697E-02  -8.265693665229092E-01   4.901157362930666E-01  -1.846290439366229E+05
 -4.838825700043528E-02  -7.981421263480929E-01   4.687908359318910E-01  -1.846290439366229E+05
 -5.443101788817079E-02  -7.717077351648675E-01   4.456186326199275E-01  -1.846290439366229E+05
 -5.783278103327016E-02  -7.473845639607185E-01   4.208040915868951E-01  -1.846290439366229E+05
 -5.830984885933590E-02  -7.252540468566842E-01   3.945555160541477E-01  -1.846290439366229E+05
 -5.563970170259126E-02  -7.053643519238787E-01   3.670717511751065E-01  -1.846290439366229E+05
 -4.967916550126415E-02  -6.877343259758372E-01   3.385314234268940E-01  -1.846290439366229E+05
 -4.037900182451396E-02  -6.723571937796183E-01   3.090850564427141E-01  -1.846290439366229E+05
 -2.779365453322396E-02  -6.592035865191960E-01   2.788506425290594E-01  -1.846290439366229E+05
 -1.208516310229953E-02  -6.482236084184837E-01   2.479129449012289E-01  -1.846290439366229E+05
  6.479388879736786E-03  -6.393478115585787E-01   2.163264832211163E-01  -1.846290439366229E+05
  2.753710284902199E-02  -6.324871221948617E-01   1.841218397788971E-01  -1.846290439366229E+05
  5.064493346637261E-02  -6.275319312909153E-01   1.513146403813191E-01  -1.846290439366229E+05
  7.530110372275146E-02  -6.243507117163722E-01   1.179163349071605E-01  -1.846290439366229E+05
  1.009711505600935E-01  -6.227886402358446E-01   8.394574557427054E-02  -1.846290439366229E+05
  1.271171200889237E-01  -6.226667722988393E-01   4.944027868838005E-02  -1.846290439366229E+05
  1.532281537078982E-01  -6.237823335802724E-01   1.446571397567009E-02  -1.846290439366229E+05
  1.788505371973547E-01  -6.259106503880471E-01  -2.087640644837582E-02  -1.846290439366229E+05
  2.036152390898043E-01  -6.288091423278822E-01  -5.644457773734644E-02  -1.846290439366229E+05
  2.272610491962086E-01  -6.322236506243637E-01  -9.205685166541951E-02  -1.846290439366229E+05
  2.496516412928287E-01  -6.358971842953582E-01  -1.274943015473490E-01  -1.846290439366229E+05
  2.707852151247362E-01  -6.395809477794605E-01  -1.625083288098738E-01  -1.846290439366229E+05
  2.907958033457780E-01  -6.430472842351659E-01  -1.968313784409667E-01  -1.846290439366229E+05
  3.099458329968459E-01  -6.461039467797710E-01  -2.301903284131519E-01  -1.846290439366229E+05
  3.286100773535478E-01  -6.486089138880801E-01  -2.623215668895550E-01  -1.846290439366229E+05
  3.472516877015079E-01  -6.504848123627280E-01  -2.929865911993018E-01  -1.846290439366229E+05
  3.663915198567811E-01  -6.517319165757897E-01  -3.219868697616239E-01  -1.846290439366229E+05
  3.865724322336939E-01  -6.524386672455972E-01  -3.491767115981608E-01  -1.846290439366229E+05
  4.083205996547166E-01  -6.527887033994060E-01  -3.744729899802633E-01  -1.846290439366229E+05
  4.321061341934397E-01  -6.530635286484362E-01  -3.978607619520103E-01  -1.846290439366229E+05
  4.583054128314949E-01  -6.536401331736049E-01  -4.193941017126189E-01  -1.846290439366229E+05
  4.871674719816874E-01  -6.549831561466696E-01  -4.391918046015564E-01  -1.846290439366229E+05
  5.187866408138418E-01  -6.576314850078309E-01  -4.574279961269254E-01  -1.846290439366229E+05
  5.530832582172367E-01  -6.621795293282355E-01  -4.743180701182629E-01  -1.846290439366229E+05
  5.897938706084945E-01  -6.692537562513073E-01  -4.901007531590843E-01  -1.846290439366229E+05
  6.284717660683421E-01  -6.794854085978076E-01  -5.050174209749321E-01  -1.846290439366229E+05
  6.684980972044834E-01  -6.934806225778659E-01  -5.192900509840476E-01  -1.846290439366229E+05
  7.091032176813162E-01  -7.117893982839615E-01  -5.330993627556205E-01  -1.846290439366229E+05
  7.493972444125401E-01  -7.348750345236305E-01  -5.465647596831303E-01  -1.846290439366229E+05
  7.884082972554998E-01  -7.630857063798818E-01  -5.597276329968041E-01  -1.846290439366229E+05
  8.251263958754754E-01  -7.966298310158578E-01  -5.725394234468177E-01  -1.846290439366229E+05
  8.585506391051672E-01  -8.355567327894245E-01  -5.848555647810759E-01  -1.846290439366229E+05
  8.877370781528121E-01  -8.797438873944998E-01  -5.964360723525514E-01  -1.846290439366229E+05
  9.118446351877090E-01  -9.288917075987835E-01  -6.069531123372338E-01  -1.846290439366229E+05
  9.301765172602779E-01  -9.825264471455716E-01  -6.160054198806353E-01  -1.846290439366229E+05
  9.422148263566713E-01  -1.040011366341573E+00  -6.231389591844491E-01  -1.846290439366229E+05
  9.476464542337669E-01  -1.100565848124060E+00  -6.278727675749968E-01  -1.846290439366229E+05
  9.463788515379775E-01  -1.163291704323333E+00  -6.297285305354726E-01  -1.846290439366229E+05
  9.385448435589718E-01  -1.227205495985030E+00  -6.282621240113694E-01  -1.846290439366229E+05
  9.244962937576119E-01  -1.291275335029594E+00  -6.230951573815094E-01  -1.846290439366229E+05
  9.047870521818610E-01  -1.354460360004083E+00  -6.139444718959051E-01  -1.846290439366229E+05
  8.801462300765056E-01  -1.415750904274027E+00  -6.006476036390112E-01  -1.846290439366229E+05
  8.514433777125080E-01  -1.474207312785885E+00  -5.831824069403868E-01  -1.846290439366229E+05
  8.196475776305573E-01  -1.528995418757815E+00  -5.616793444864026E-01  -1.846290439366229E+05
  7.857827746607465E-01  -1.579416862346061E+00  -5.364253666243192E-01  -1.846290439366229E+05
  7.508818299978399E-01  -1.624932710319619E+00  -5.078587995557701E-01  -1.846290439366229E+05
  7.159418012597180E-01  -1.665179203223200E+00  -4.765552095357239E-01  -1.846290439366229E+05
  6.818828154614930E-01  -1.699974892868097E+00  -4.432047732238943E-01  -1.846290439366229E+05
  6.495126282549737E-01  -1.729318912324629E+00  -4.085822267811177E-01  -1.846290439366229E+05
  6.194985702674165E-01  -1.753380614190720E+00  -3.735109527530069E-01  -1.846290439366229E+05
  5.923480967948284E-01  -1.772481291105127E+00  -3.388231619685511E-01  -1.846290439366229E+05
  5.683986127072881E-01  -1.787069126495342E+00  -3.053184106429427E-01  -1.846290439366229E+05
  5.478166756530847E-01  -1.797688887361162E+00  -2.737228407967754E-01  -1.846290439366229E+05
  5.306061237982542E-01  -1.804948142833944E+00  -2.446515336915723E-01  -1.846290439366229E+05
  5.166241641700653E-01  -1.809481956401612E+00  -2.185762192778818E-01  -1.846290439366229E+05
  5.056040251721818E-01  -1.811918046877515E+00  -1.958002972477655E-01  -1.846290439366229E+05
  4.971824472526268E-01  -1.812844341551928E+00  -1.764427138942984E-01  -1.846290439366229E+05
  4.909300769908409E-01  -1.812780660034772E+00  -1.604317284198829E-01  -1.846290439366229E+05
  4.863827516543463E-01  -1.812155981630802E+00  -1.475090239461327E-01  -1.846290439366229E+05
  4.830717143871990E-01  -1.811292381421975E+00  -1.372440081293174E-01  -1.846290439366229E+05
  4.805509767903690E-01  -1.810396294257828E+00  -1.290575440604176E-01  -1.846290439366229E+05
  4.784203299365138E-01  -1.809557308677308E+00  -1.222537918624649E-01  -1.846290439366229E+05
  4.763428742992353E-01  -1.808754233165817E+00  -1.160583602225091E-01  -1.846290439366229E+05
  4.763428742992353E-01  -1.808754233165817E+00  -1.160583602225091E-01   0.000000000000000E+00 4 RotatedCurve10 
 -1.608008787155804E+00  -5.081187002882599E-01  -7.319487609434909E-02   1.000000000000000E+05
 -1.606496691157603E+00  -5.124711455132522E-01  -8.185905859503237E-02   1.000000000000000E+05
 -1.604706769069505E+00  -5.171348494771973E-01  -9.185728858780341E-02   1.000000000000000E+05
 -1.602393694351931E+00  -5.224693264914984E-01  -1.039652027759793E-01   1.000000000000000E+05
 -1.599231130137059E+00  -5.287281338875141E-01  -1.188107444656012E-01   1.000000000000000E+05
 -1.594834411265862E+00  -5.360294316630752E-01  -1.368414532996247E-01   1.000000000000000E+05
 -1.588786237765366E+00  -5.443353863858968E-01  -1.583026473867167E-01   1.000000000000000E+05
 -1.580663777157410E+00  -5.534420066451532E-01  -1.832273450989110E-01   1.000000000000000E+05
 -1.570065530003664E+00  -5.629803192883885E-01  -2.114380650357108E-01   1.000000000000000E+05
 -1.556636372281555E+00  -5.724290522290379E-01  -2.425599497537887E-01   1.000000000000000E+05
 -1.540089343686365E+00  -5.811382302493937E-01  -2.760440242631768E-01   1.000000000000000E+05
 -1.520222990853508E+00  -5.883623656090622E-01  -3.111988614989644E-01   1.000000000000000E+05
 -1.496933381701248E+00  -5.933012837949834E-01  -3.472285142628260E-01   1.000000000000000E+05
 -1.470220260537456E+00  -5.951461092814052E-01  -3.832743077343837E-01   1.000000000000000E+05
 -1.440187189646664E+00  -5.931275811476889E-01  -4.184579796406387E-01   1.000000000000000E+05
 -1.407035897221049E+00  -5.865636975232691E-01  -4.519237069746675E-01   1.000000000000000E+05
 -1.371055399846512E+00  -5.749037124507985E-01  -4.828767588476274E-01   1.000000000000000E+05
 -1.332606768665985E+00  -5.577657271505522E-01  -5.106168453214800E-01   1.000000000000000E+05
 -1.292104643799862E+00  -5.349655151510558E-01  -5.345646647635020E-01   1.000000000000000E+05
 -1.249996758329632E+00  -5.065347707073875E-01  -5.542806544916542E-01   1.000000000000000E+05
 -1.206742803386446E+00  -4.727276356333971E-01  -5.694754849963738E-01   1.000000000000000E+05
 -1.162793947790018E+00  -4.340150967954595E-01  -5.800123698076523E-01   1.000000000000000E+05
 -1.118574223321857E+00  -3.910676061310889E-01  -5.859017558901461E-01   1.000000000000000E+05
 -1.074464809659876E+00  -3.447270069708434E-01  -5.872893822141559E-01   1.000000000000000E+05
 -1.030792015547852E+00  -2.959695065817500E-01  -5.844390219641675E-01   1.000000000000000E+05
 -9.878194728736570E-01  -2.458619724972936E-01  -5.777114395186097E-01   1.000000000000000E+05
 -9.457447582792562E-01  -1.955142148517099E-01  -5.675411883372237E-01   1.000000000000000E+05
 -9.047003539204681E-01  -1.460301245987726E-01  -5.544128506748879E-01   1.000000000000000E+05
 -8.647585756597166E-01  -9.846055623894784E-02  -5.388381836927900E-01   1.000000000000000E+05
 -8.259398519555363E-01  -5.376067437567424E-02  -5.213354058434851E-01   1.000000000000000E+05
 -7.882235454327097E-01  -1.275413959956584E-02  -5.024115553646825E-01   1.000000000000000E+05
 -7.515603827876435E-01   2.389398396498586E-02  -4.825485066469740E-01   1.000000000000000E+05
 -7.158855036238365E-01   5.569432459691083E-02  -4.621928696163326E-01   1.000000000000000E+05
 -6.811311561266901E-01   8.233970692875575E-02  -4.417496514447435E-01   1.000000000000000E+05
 -6.472381531167227E-01   1.037011728797380E-01  -4.215792558840778E-01   1.000000000000000E+05
 -6.141653471585075E-01   1.198143099995952E-01  -4.019971559851869E-01   1.000000000000000E+05
 -5.818965752382320E-01   1.308572902008221E-01  -3.832754176214183E-01   1.000000000000000E+05
 -5.504447462558606E-01   1.371225248179340E-01  -3.656451836637340E-01   1.000000000000000E+05
 -5.198529806307302E-01   1.389842026287399E-01  -3.492992537132544E-01   1.000000000000000E+05
 -4.901929426529091E-01   1.368641734170729E-01  -3.343940061274248E-01   1.000000000000000E+05
 -4.615607156534217E-01   1.311986600182809E-01  -3.210500946930001E-01   1.000000000000000E+05
 -4.340707425484823E-01   1.224081280449011E-01  -3.093515927253521E-01   1.000000000000000E+05
 -4.078484779458947E-01   1.108723282184585E-01  -2.993435292264631E-01   1.000000000000000E+05
 -3.830224648905699E-01   9.691207606816318E-02  -2.910280391420271E-01   1.000000000000000E+05
 -3.597165560850061E-01   8.077878158020746E-02  -2.843596064628799E-01   1.000000000000000E+05
 -3.380429473481348E-01   6.265212788065963E-02  -2.792400903984845E-01   1.000000000000000E+05
 -3.180965859812372E-01   4.264566780358080E-02  -2.755143703216288E-01   1.000000000000000E+05
 -2.999513684053887E-01   2.081950557332519E-02  -2.729675092895655E-01   1.000000000000000E+05
 -2.836583629378523E-01  -2.801299291327937E-03  -2.713243100559349E-01   1.000000000000000E+05
 -2.692461000738957E-01  -2.820438992281064E-02  -2.702520204639902E-01   1.000000000000000E+05
 -2.567227803103417E-01  -5.536589882786523E-02  -2.693667435112813E-01   1.000000000000000E+05
 -2.460800742955792E-01  -8.422655555679288E-02  -2.682438350497517E-01   1.000000000000000E+05
 -2.372980463326086E-01  -1.146702672217570E-01  -2.664322492105106E-01   1.000000000000000E+05
 -2.303506318102295E-01  -1.465071220063892E-01  -2.634724432540977E-01   1.000000000000000E+05
 -2.252110502947300E-01  -1.794624181316389E-01  -2.589171076710475E-01   1.000000000000000E+05
 -2.218565429283856E-01  -2.131728531415177E-01  -2.523536728847302E-01   1.000000000000000E+05
 -2.202718851168187E-01  -2.471904553709258E-01  -2.434272883619416E-01   1.000000000000000E+05
 -2.204512384374729E-01  -2.809942416301289E-01  -2.318627972998975E-01   1.000000000000000E+05
 -2.223980603358608E-01  -3.140089862084126E-01  -2.174841588250688E-01   1.000000000000000E+05
 -2.261229741053477E-01  -3.456299300127567E-01  -2.002298112350713E-01   1.000000000000000E+05
 -2.316396999516497E-01  -3.752517856774606E-01  -1.801626275107798E-01   1.000000000000000E+05
 -2.389593443066048E-01  -4.023000394862086E-01  -1.574733827351924E-01   1.000000000000000E+05
 -2.480835225044032E-01  -4.262623401667989E-01  -1.324770182588874E-01   1.000000000000000E+05
 -2.589969341107694E-01  -4.467177139582512E-01  -1.056014277539955E-01   1.000000000000000E+05
 -2.716601075629419E-01  -4.633614592593300E-01  -7.736897757373068E-02   1.000000000000000E+05
 -2.860030716585676E-01  -4.760238453094877E-01  -4.837147537372721E-02   1.000000000000000E+05
 -3.019206903159757E-01  -4.846811491102444E-01  -1.923978168830968E-02   1.000000000000000E+05
 -3.192703130838919E-01  -4.894580845733130E-01   9.390315882696645E-03   1.000000000000000E+05
 -3.378722511167317E-01  -4.906212711222595E-01   3.691400940406897E-02   1.000000000000000E+05
 -3.575133954187061E-01  -4.885640137294214E-01   6.279298049439500E-02   1.000000000000000E+05
 -3.779540638816770E-01  -4.837832782641402E-01   8.658825017481157E-02   1.000000000000000E+05
 -3.989379120526553E-01  -4.768503013979919E-01   1.079881674750257E-01   1.000000000000000E+05
 -4.202044878843269E-01  -4.683767332988716E-01   1.268295468413985E-01   1.000000000000000E+05
 -4.415037720389475E-01  -4.589785407281110E-01   1.431103165033619E-01   1.000000000000000E+05
 -4.626118412240189E-01  -4.492400737231990E-01   1.569925146391277E-01   1.000000000000000E+05
 -4.833466392573751E-01  -4.396807073465572E-01   1.687950402247288E-01   1.000000000000000E+05
 -5.035827526740912E-01  -4.307263092961611E-01   1.789761963346363E-01   1.000000000000000E+05
 -5.232640740798425E-01  -4.226874647064101E-01   1.881067157262620E-01   1.000000000000000E+05
 -5.424133015148019E-01  -4.157459326594567E-01   1.968345895370343E-01   1.000000000000000E+05
 -5.611373647645277E-01  -4.099502460002266E-01   2.058435878052713E-01   1.000000000000000E+05
 -5.796280832648976E-01  -4.052207358510589E-01   2.158078262816740E-01   1.000000000000000E+05
 -5.981576332125763E-01  -4.013636085329279E-01   2.273450643292513E-01   1.000000000000000E+05
 -6.170687174001824E-01  -3.980930710769413E-01   2.409715883827379E-01   1.000000000000000E+05
 -6.367596703228706E-01  -3.950599364944583E-01   2.570615291360620E-01   1.000000000000000E+05
 -6.576650711941169E-01  -3.918846813802440E-01   2.758132741649351E-01   1.000000000000000E+05
 -6.802327558346096E-01  -3.881926089204156E-01   2.972252785200341E-01   1.000000000000000E+05
 -7.048983929021840E-01  -3.836486130731862E-01   3.210830627560202E-01   1.000000000000000E+05
 -7.320590008493338E-01  -3.779890564716810E-01   3.469585500393722E-01   1.000000000000000E+05
 -7.620469132526726E-01  -3.710484652479294E-01   3.742221691572442E-01   1.000000000000000E+05
 -7.951057405388986E-01  -3.627790961365786E-01   4.020673824698763E-01   1.000000000000000E+05
 -8.313698201379058E-01  -3.532619211920574E-01   4.295465346690679E-01   1.000000000000000E+05
 -8.708484954403335E-01  -3.427081698162188E-01   4.556162076683865E-01   1.000000000000000E+05
 -9.134163236306948E-01  -3.314512256693460E-01   4.791896544831171E-01   1.000000000000000E+05
 -9.588099964665496E-01  -3.199293519160948E-01   4.991934104012287E-01   1.000000000000000E+05
 -1.006632384544563E+00  -3.086603651432605E-01   5.146248747248260E-01   1.000000000000000E+05
 -1.056363706806044E+00  -2.982099509588552E-01   5.246075421576089E-01   1.000000000000000E+05
 -1.107379407970476E+00  -2.891557724526694E-01   5.284406489992205E-01   1.000000000000000E+05
 -1.158973923349845E+00  -2.820498338311747E-01   5.256402826273217E-01   1.000000000000000E+05
 -1.210389148629178E+00  -2.773817031472743E-01   5.159694678137288E-01   1.000000000000000E+05
 -1.260846135005216E+00  -2.755451592977548E-01   4.994553632061503E-01   1.000000000000000E+05
 -1.309578317086274E+00  -2.768106109901020E-01   4.763924388982169E-01   1.000000000000000E+05
 -1.355864466617483E+00  -2.813052532242357E-01   4.473313169010976E-01   1.000000000000000E+05
 -1.399059557777708E+00  -2.890024055238261E-01   4.130537912155356E-01   1.000000000000000E+05
 -1.438621831193667E+00  -2.997208509932908E-01   3.745353520937970E-01   1.000000000000000E+05
 -1.474134548784531E+00  -3.131343089563957E-01   3.328972705307691E-01   1.000000000000000E+05
 -1.505321228368843E+00  -3.287904735978464E-01   2.893509092648450E-01   1.000000000000000E+05
 -1.532053518053720E+00  -3.461383850511664E-01   2.451373783499440E-01   1.000000000000000E+05
 -1.554351293428839E+00  -3.645623140141830E-01   2.014659192966876E-01   1.000000000000000E+05
 -1.572375009782651E+00  -3.834198771743622E-01   1.594544660762362E-01   1.000000000000000E+05
 -1.586410789485465E+00  -4.020817912760502E-01   1.200756906956334E-01   1.000000000000000E+05
 -1.596849143893935E+00  -4.199705408901324E-01   8.411150506996989E-02   1.000000000000000E+05
 -1.604158593935704E+00  -4.365952891426523E-01   5.211848108271171E-02   1.000000000000000E+05
 -1.608855741643849E+00  -4.515805993098888E-01   2.440599923147291E-02   1.000000000000000E+05
 -1.611473538862373E+00  -4.646869430953223E-01   1.028183834614704E-03   1.000000000000000E+05
 -1.612529587599606E+00  -4.758215216748066E-01  -1.821012393708039E-02   1.000000000000000E+05
 -1.612496284182889E+00  -4.850385814351902E-01  -3.373391539063762E-02   1.000000000000000E+05
 -1.611774488527013E+00  -4.925291235241539E-01  -4.616641308163357E-02   1.000000000000000E+05
 -1.610672169319239E+00  -4.986006362383946E-01  -5.628732250099837E-02   1.000000000000000E+05
 -1.609389160784104E+00  -5.036481721546676E-01  -6.498348635509696E-02   1.000000000000000E+05
 -1.608008787155804E+00  -5.081187002882599E-01  -7.319487609434905E-02   1.000000000000000E+05
 -1.608008787155804E+00  -5.081187002882599E-01  -7.319487609434909E-02   0.000000000000000E+00 5 RotatedCurve11 
 -4.763428742992355E-01  -1.808754233165817E+00   1.160583602225091E-01   1.846290439366229E+05
 -4.740563660798195E-01  -1.807867743657877E+00   1.096605951611398E-01   1.846290439366229E+05
 -4.713781313113898E-01  -1.806698540380985E+00   1.022575938595529E-01   1.846290439366229E+05
 -4.682037483120998E-01  -1.804989636856066E+00   9.309743910222112E-02   1.846290439366229E+05
 -4.645001131950230E-01  -1.802451191859934E+00   8.151921023214970E-02   1.846290439366229E+05
 -4.602938551717309E-01  -1.798786187950583E+00   6.698753511357421E-02   1.846290439366229E+05
 -4.556563363424412E-01  -1.793715262427205E+00   4.911979069554156E-02   1.846290439366229E+05
 -4.506866390656187E-01  -1.786999105937370E+00   2.770451511614069E-02   1.846290439366229E+05
 -4.454940047694663E-01  -1.778457051125039E+00   2.710132608998782E-03   1.846290439366229E+05
 -4.401811409305805E-01  -1.767980763379545E+00  -2.571632059046589E-02   1.846290439366229E+05
 -4.348296652606236E-01  -1.755542297505029E+00  -5.726018278741674E-02   1.846290439366229E+05
 -4.294887222097864E-01  -1.741196173957896E+00  -9.145900709529413E-02   1.846290439366229E+05
 -4.241675067831659E-01  -1.725075530167626E+00  -1.277298862802272E-01   1.846290439366229E+05
 -4.188320886477588E-01  -1.707382790064583E+00  -1.654024755897815E-01   1.846290439366229E+05
 -4.134065722340068E-01  -1.688375643447569E+00  -2.037556274269147E-01   1.846290439366229E+05
 -4.077782830625336E-01  -1.668349414459954E+00  -2.420553871167702E-01   1.846290439366229E+05
 -4.018063623480204E-01  -1.647617107877638E+00  -2.795920774648829E-01   1.846290439366229E+05
 -3.953329031568894E-01  -1.626488541324096E+00  -3.157143201155221E-01   1.846290439366229E+05
 -3.881955891956803E-01  -1.605249995282942E+00  -3.498580935391188E-01   1.846290439366229E+05
 -3.802407127465475E-01  -1.584145741683361E+00  -3.815692921094894E-01   1.846290439366229E+05
 -3.713354555893455E-01  -1.563362652955805E+00  -4.105187024669919E-01   1.846290439366229E+05
 -3.613784131759616E-01  -1.543018859524729E+00  -4.365088212761794E-01   1.846290439366229E+05
 -3.503075183582842E-01  -1.523157132147887E+00  -4.594724685474406E-01   1.846290439366229E+05
 -3.381047612100385E-01  -1.503743337182143E+00  -4.794636680692458E-01   1.846290439366229E+05
 -3.247973858325908E-01  -1.484669970561148E+00  -4.966417378773503E-01   1.846290439366229E+05
 -3.104555502794407E-01  -1.465764443189850E+00  -5.112499294654753E-01   1.846290439366229E+05
 -2.951867373127087E-01  -1.446801488569374E+00  -5.235902506356032E-01   1.846290439366229E+05
 -2.791274775788482E-01  -1.427518812069333E+00  -5.339962866406952E-01   1.846290439366229E+05
 -2.624331712601906E-01  -1.407634915746578E+00  -5.428058888673051E-01   1.846290439366229E+05
 -2.452669515965370E-01  -1.386867923470737E+00  -5.503355295927440E-01   1.846290439366229E+05
 -2.277886114540578E-01  -1.364954203370667E+00  -5.568579336093992E-01   1.846290439366229E+05
 -2.101446061618255E-01  -1.341665637573131E+00  -5.625843087228201E-01   1.846290439366229E+05
 -1.924600526572699E-01  -1.316824516659649E+00  -5.676521297592324E-01   1.846290439366229E+05
 -1.748334737670946E-01  -1.290315227061298E+00  -5.721190120376188E-01   1.846290439366229E+05
 -1.573348005213455E-01  -1.262092138533036E+00  -5.759627704012564E-01   1.846290439366229E+05
 -1.400068632193469E-01  -1.232183367799397E+00  -5.790873297200521E-01   1.846290439366229E+05
 -1.228702957627631E-01  -1.200690373798435E+00  -5.813337617066772E-01   1.846290439366229E+05
 -1.059314718626309E-01  -1.167783609908720E+00  -5.824953969439068E-01   1.846290439366229E+05
 -8.919281069375357E-02  -1.133694700650537E+00  -5.823357210314141E-01   1.846290439366229E+05
 -7.266455638621686E-02  -1.098705808705689E+00  -5.806076240319569E-01   1.846290439366229E+05
 -5.637697001977389E-02  -1.063137000447907E+00  -5.770725398265616E-01   1.846290439366229E+05
 -4.039178924154675E-02  -1.027332496706822E+00  -5.715180857210244E-01   1.846290439366229E+05
 -2.481181791250994E-02  -9.916467072901015E-01  -5.637729842804269E-01   1.846290439366229E+05
 -9.787608147671992E-03  -9.564308949385024E-01  -5.537183036923867E-01   1.846290439366229E+05
  4.479615459155765E-03  -9.220212036829220E-01  -5.412943691579520E-01   1.846290439366229E+05
  1.773937672973045E-02  -8.887286289096782E-01  -5.265030510513972E-01   1.846290439366229E+05
  2.969798082428934E-02  -8.568313159166185E-01  -5.094054988850528E-01   1.846290439366229E+05
  4.002907098526686E-02  -8.265693665229092E-01  -4.901157362930666E-01   1.846290439366229E+05
  4.838825700043518E-02  -7.981421263480929E-01  -4.687908359318910E-01   1.846290439366229E+05
  5.443101788817069E-02  -7.717077351648675E-01  -4.456186326199275E-01   1.846290439366229E+05
  5.783278103327007E-02  -7.473845639607185E-01  -4.208040915868951E-01   1.846290439366229E+05
  5.830984885933581E-02  -7.252540468566842E-01  -3.945555160541477E-01   1.846290439366229E+05
  5.563970170259118E-02  -7.053643519238787E-01  -3.670717511751065E-01   1.846290439366229E+05
  4.967916550126406E-02  -6.877343259758372E-01  -3.385314234268940E-01   1.846290439366229E+05
  4.037900182451388E-02  -6.723571937796183E-01  -3.090850564427141E-01   1.846290439366229E+05
  2.779365453322388E-02  -6.592035865191960E-01  -2.788506425290594E-01   1.846290439366229E+05
  1.208516310229945E-02  -6.482236084184837E-01  -2.479129449012289E-01   1.846290439366229E+05
 -6.479388879736864E-03  -6.393478115585787E-01  -2.163264832211163E-01   1.846290439366229E+05
 -2.753710284902207E-02  -6.324871221948617E-01  -1.841218397788971E-01   1.846290439366229E+05
 -5.064493346637269E-02  -6.275319312909153E-01  -1.513146403813191E-01   1.846290439366229E+05
 -7.530110372275155E-02  -6.243507117163722E-01  -1.179163349071605E-01   1.846290439366229E+05
 -1.009711505600936E-01  -6.227886402358446E-01  -8.394574557427054E-02   1.846290439366229E+05
 -1.271171200889238E-01  -6.226667722988393E-01  -4.944027868838005E-02   1.846290439366229E+05
 -1.532281537078983E-01  -6.237823335802724E-01  -1.446571397567009E-02   1.846290439366229E+05
 -1.788505371973548E-01  -6.259106503880471E-01   2.087640644837582E-02   1.846290439366229E+05
 -2.036152390898044E-01  -6.288091423278822E-01   5.644457773734644E-02   1.846290439366229E+05
 -2.272610491962087E-01  -6.322236506243637E-01   9.205685166541951E-02   1.846290439366229E+05
 -2.496516412928288E-01  -6.358971842953582E-01   1.274943015473490E-01   1.846290439366229E+05
 -2.707852151247363E-01  -6.395809477794605E-01   1.625083288098738E-01   1.846290439366229E+05
 -2.907958033457780E-01  -6.430472842351659E-01   1.968313784409667E-01   1.846290439366229E+05
 -3.099458329968459E-01  -6.461039467797710E-01   2.301903284131519E-01   1.846290439366229E+05
 -3.286100773535479E-01  -6.486089138880801E-01   2.623215668895550E-01   1.846290439366229E+05
 -3.472516877015079E-01  -6.504848123627280E-01   2.929865911993018E-01   1.846290439366229E+05
 -3.663915198567812E-01  -6.517319165757897E-01   3.219868697616239E-01   1.846290439366229E+05
 -3.865724322336940E-01  -6.524386672455972E-01   3.491767115981608E-01   1.846290439366229E+05
 -4.083205996547166E-01  -6.527887033994060E-01   3.744729899802633E-01   1.846290439366229E+05
 -4.321061341934398E-01  -6.530635286484362E-01   3.978607619520103E-01   1.846290439366229E+05
 -4.583054128314950E-01  -6.536401331736048E-01   4.193941017126189E-01   1.846290439366229E+05
 -4.871674719816875E-01  -6.549831561466695E-01   4.391918046015564E-01   1.846290439366229E+05
 -5.187866408138420E-01  -6.576314850078308E-01   4.574279961269254E-01   1.846290439366229E+05
 -5.530832582172368E-01  -6.621795293282354E-01   4.743180701182629E-01   1.846290439366229E+05
 -5.897938706084946E-01  -6.692537562513072E-01   4.901007531590843E-01   1.846290439366229E+05
 -6.284717660683422E-01  -6.794854085978075E-01   5.050174209749321E-01   1.846290439366229E+05
 -6.684980972044835E-01  -6.934806225778658E-01   5.192900509840476E-01   1.846290439366229E+05
 -7.091032176813163E-01  -7.117893982839614E-01   5.330993627556205E-01   1.846290439366229E+05
 -7.493972444125402E-01  -7.348750345236303E-01   5.465647596831303E-01   1.846290439366229E+05
 -7.884082972554999E-01  -7.630857063798817E-01   5.597276329968041E-01   1.846290439366229E+05
 -8.251263958754755E-01  -7.966298310158577E-01   5.725394234468177E-01   1.846290439366229E+05
 -8.585506391051673E-01  -8.355567327894244E-01   5.848555647810759E-01   1.846290439366229E+05
 -8.877370781528122E-01  -8.797438873944997E-01   5.964360723525514E-01   1.846290439366229E+05
 -9.118446351877091E-01  -9.288917075987834E-01   6.069531123372338E-01   1.846290439366229E+05
 -9.301765172602781E-01  -9.825264471455715E-01   6.160054198806353E-01   1.846290439366229E+05
 -9.422148263566714E-01  -1.040011366341573E+00   6.231389591844491E-01   1.846290439366229E+05
 -9.476464542337670E-01  -1.100565848124060E+00   6.278727675749968E-01   1.846290439366229E+05
 -9.463788515379776E-01  -1.163291704323333E+00   6.297285305354726E-01   1.846290439366229E+05
 -9.385448435589719E-01  -1.227205495985030E+00   6.282621240113694E-01   1.846290439366229E+05
 -9.244962937576120E-01  -1.291275335029594E+00   6.230951573815094E-01   1.846290439366229E+05
 -9.047870521818611E-01  -1.354460360004083E+00   6.139444718959051E-01   1.846290439366229E+05
 -8.801462300765058E-01  -1.415750904274027E+00   6.006476036390112E-01   1.846290439366229E+05
 -8.514433777125082E-01  -1.474207312785885E+00   5.831824069403868E-01   1.846290439366229E+05
 -8.196475776305575E-01  -1.528995418757815E+00   5.616793444864026E-01   1.846290439366229E+05
 -7.857827746607468E-01  -1.579416862346061E+00   5.364253666243192E-01   1.846290439366229E+05
 -7.508818299978401E-01  -1.624932710319619E+00   5.078587995557701E-01   1.846290439366229E+05
 -7.159418012597182E-01  -1.665179203223200E+00   4.765552095357239E-01   1.846290439366229E+05
 -6.818828154614932E-01  -1.699974892868097E+00   4.432047732238943E-01   1.846290439366229E+05
 -6.495126282549739E-01  -1.729318912324629E+00   4.085822267811177E-01   1.846290439366229E+05
 -6.194985702674167E-01  -1.753380614190720E+00   3.735109527530069E-01   1.846290439366229E+05
 -5.923480967948286E-01  -1.772481291105127E+00   3.388231619685511E-01   1.846290439366229E+05
 -5.683986127072883E-01  -1.787069126495342E+00   3.053184106429427E-01   1.846290439366229E+05
 -5.478166756530849E-01  -1.797688887361162E+00   2.737228407967754E-01   1.846290439366229E+05
 -5.306061237982544E-01  -1.804948142833944E+00   2.446515336915723E-01   1.846290439366229E+05
 -5.166241641700655E-01  -1.809481956401612E+00   2.185762192778818E-01   1.846290439366229E+05
 -5.056040251721821E-01  -1.811918046877515E+00   1.958002972477655E-01   1.846290439366229E+05
 -4.971824472526270E-01  -1.812844341551928E+00   1.764427138942984E-01   1.846290439366229E+05
 -4.909300769908411E-01  -1.812780660034772E+00   1.604317284198829E-01   1.846290439366229E+05
 -4.863827516543465E-01  -1.812155981630802E+00   1.475090239461327E-01   1.846290439366229E+05
 -4.830717143871993E-01  -1.811292381421975E+00   1.372440081293174E-01   1.846290439366229E+05
 -4.805509767903692E-01  -1.810396294257828E+00   1.290575440604176E-01   1.846290439366229E+05
 -4.784203299365140E-01  -1.809557308677308E+00   1.222537918624649E-01   1.846290439366229E+05
 -4.763428742992356E-01  -1.808754233165817E+00   1.160583602225091E-01   1.846290439366229E+05
 -4.763428742992355E-01  -1.808754233165817E+00   1.160583602225091E-01   0.000000000000000E+00 6 RotatedCurve12 
 -1.608008787155804E+00   5.081187002882599E-01   7.319487609434909E-02  -1.000000000000000E+05
 -1.606496691157603E+00   5.124711455132522E-01   8.185905859503237E-02  -1.000000000000000E+05
 -1.604706769069505E+00   5.171348494771973E-01   9.185728858780341E-02  -1.000000000000000E+05
 -1.602393694351931E+00   5.224693264914984E-01   1.039652027759793E-01  -1.000000000000000E+05
 -1.599231130137059E+00   5.287281338875141E-01   1.188107444656012E-01  -1.000000000000000E+05
 -1.594834411265862E+00   5.360294316630752E-01   1.368414532996247E-01  -1.000000000000000E+05
 -1.588786237765366E+00   5.443353863858968E-01   1.583026473867167E-01  -1.000000000000000E+05
 -1.580663777157410E+00   5.534420066451532E-01   1.832273450989110E-01  -1.000000000000000E+05
 -1.570065530003664E+00   5.629803192883885E-01   2.114380650357108E-01  -1.000000000000000E+05
 -1.556636372281555E+00   5.724290522290379E-01   2.425599497537887E-01  -1.000000000000000E+05
 -1.540089343686365E+00   5.811382302493937E-01   2.760440242631768E-01  -1.000000000000000E+05
 -1.520222990853508E+00   5.883623656090622E-01   3.111988614989644E-01  -1.000000000000000E+05
 -1.496933381701248E+00   5.933012837949834E-01   3.472285142628260E-01  -1.000000000000000E+05
 -1.470220260537456E+00   5.951461092814052E-01   3.832743077343837E-01  -1.000000000000000E+05
 -1.440187189646664E+00   5.931275811476889E-01   4.184579796406387E-01  -1.000000000000000E+05
 -1.407035897221049E+00   5.865636975232691E-01   4.519237069746675E-01  -1.000000000000000E+05
 -1.371055399846512E+00   5.749037124507985E-01   4.828767588476274E-01  -1.000000000000000E+05
 -1.332606768665985E+00   5.577657271505522E-01   5.106168453214800E-01  -1.000000000000000E+05
 -1.292104643799862E+00   5.349655151510558E-01   5.345646647635020E-01  -1.000000000000000E+05
 -1.249996758329632E+00   5.065347707073875E-01   5.542806544916542E-01  -1.000000000000000E+05
 -1.206742803386446E+00   4.727276356333971E-01   5.694754849963738E-01  -1.000000000000000E+05
 -1.162793947790018E+00   4.340150967954595E-01   5.800123698076523E-01  -1.000000000000000E+05
 -1.118574223321857E+00   3.910676061310889E-01   5.859017558901461E-01  -1.000000000000000E+05
 -1.074464809659876E+00   3.447270069708434E-01   5.872893822141559E-01  -1.000000000000000E+05
 -1.030792015547852E+00   2.959695065817500E-01   5.844390219641675E-01  -1.000000000000000E+05
 -9.878194728736570E-01   2.458619724972936E-01   5.777114395186097E-01  -1.000000000000000E+05
 -9.457447582792562E-01   1.955142148517099E-01   5.675411883372237E-01  -1.000000000000000E+05
 -9.047003539204681E-01   1.460301245987726E-01   5.544128506748879E-01  -1.000000000000000E+05
 -8.647585756597166E-01   9.846055623894784E-02   5.388381836927900E-01  -1.000000000000000E+05
 -8.259398519555363E-01   5.376067437567424E-02   5.213354058434851E-01  -1.000000000000000E+05
 -7.882235454327097E-01   1.275413959956584E-02   5.024115553646825E-01  -1.000000000000000E+05
 -7.515603827876435E-01  -2.389398396498586E-02   4.825485066469740E-01  -1.000000000000000E+05
 -7.158855036238365E-01  -5.569432459691083E-02   4.621928696163326E-01  -1.000000000000000E+05
 -6.811311561266901E-01  -8.233970692875575E-02   4.417496514447435E-01  -1.000000000000000E+05
 -6.472381531167227E-01  -1.037011728797380E-01   4.215792558840778E-01  -1.000000000000000E+05
 -6.141653471585075E-01  -1.198143099995952E-01   4.019971559851869E-01  -1.000000000000000E+05
 -5.818965752382320E-01  -1.308572902008221E-01   3.832754176214183E-01  -1.000000000000000E+05
 -5.504447462558606E-01  -1.371225248179340E-01   3.656451836637340E-01  -1.000000000000000E+05
 -5.198529806307302E-01  -1.389842026287399E-01   3.492992537132544E-01  -1.000000000000000E+05
 -4.901929426529091E-01  -1.368641734170729E-01   3.343940061274248E-01  -1.000000000000000E+05
 -4.615607156534217E-01  -1.311986600182809E-01   3.210500946930001E-01  -1.000000000000000E+05
 -4.340707425484823E-01  -1.224081280449011E-01   3.093515927253521E-01  -1.000000000000000E+05
 -4.078484779458947E-01  -1.108723282184585E-01   2.993435292264631E-01  -1.000000000000000E+05
 -3.830224648905699E-01  -9.691207606816318E-02   2.910280391420271E-01  -1.000000000000000E+05
 -3.597165560850061E-01  -8.077878158020746E-02   2.843596064628799E-01  -1.000000000000000E+05
 -3.380429473481348E-01  -6.265212788065963E-02   2.792400903984845E-01  -1.000000000000000E+05
 -3.180965859812372E-01  -4.264566780358080E-02   2.755143703216288E-01  -1.000000000000000E+05
 -2.999513684053887E-01  -2.081950557332519E-02   2.729675092895655E-01  -1.000000000000000E+05
 -2.836583629378523E-01   2.801299291327937E-03   2.713243100559349E-01  -1.000000000000000E+05
 -2.692461000738957E-01   2.820438992281064E-02   2.702520204639902E-01  -1.000000000000000E+05
 -2.567227803103417E-01   5.536589882786523E-02   2.693667435112813E-01  -1.000000000000000E+05
 -2.460800742955792E-01   8.422655555679288E-02   2.682438350497517E-01  -1.000000000000000E+05
 -2.372980463326086E-01   1.146702672217570E-01   2.664322492105106E-01  -1.000000000000000E+05
 -2.303506318102295E-01   1.465071220063892E-01   2.634724432540977E-01  -1.000000000000000E+05
 -2.252110502947300E-01   1.794624181316389E-01   2.589171076710475E-01  -1.000000000000000E+05
 -2.218565429283856E-01   2.131728531415177E-01   2.523536728847302E-01  -1.000000000000000E+05
 -2.202718851168187E-01   2.471904553709258E-01   2.434272883619416E-01  -1.000000000000000E+05
 -2.204512384374729E-01   2.809942416301289E-01   2.318627972998975E-01  -1.000000000000000E+05
 -2.223980603358608E-01   3.140089862084126E-01   2.174841588250688E-01  -1.000000000000000E+05
 -2.261229741053477E-01   3.456299300127567E-01   2.002298112350713E-01  -1.000000000000000E+05
 -2.316396999516497E-01   3.752517856774606E-01   1.801626275107798E-01  -1.000000000000000E+05
 -2.389593443066048E-01   4.023000394862086E-01   1.574733827351924E-01  -1.000000000000000E+05
 -2.480835225044032E-01   4.262623401667989E-01   1.324770182588874E-01  -1.000000000000000E+05
 -2.589969341107694E-01   4.467177139582512E-01   1.056014277539955E-01  -1.000000000000000E+05
 -2.716601075629419E-01   4.633614592593300E-01   7.736897757373068E-02  -1.000000000000000E+05
 -2.860030716585676E-01   4.760238453094877E-01   4.837147537372721E-02  -1.000000000000000E+05
 -3.019206903159757E-01   4.846811491102444E-01   1.923978168830968E-02  -1.000000000000000E+05
 -3.192703130838919E-01   4.894580845733130E-01  -9.390315882696645E-03  -1.000000000000000E+05
 -3.378722511167317E-01   4.906212711222595E-01  -3.691400940406897E-02  -1.000000000000000E+05
 -3.575133954187061E-01   4.885640137294214E-01  -6.279298049439500E-02  -1.000000000000000E+05
 -3.779540638816770E-01   4.837832782641402E-01  -8.658825017481157E-02  -1.000000000000000E+05
 -3.989379120526553E-01   4.768503013979919E-01  -1.079881674750257E-01  -1.000000000000000E+05
 -4.202044878843269E-01   4.683767332988716E-01  -1.268295468413985E-01  -1.000000000000000E+05
 -4.415037720389475E-01   4.589785407281110E-01  -1.431103165033619E-01  -1.000000000000000E+05
 -4.626118412240189E-01   4.492400737231990E-01  -1.569925146391277E-01  -1.000000000000000E+05
 -4.833466392573751E-01   4.396807073465572E-01  -1.687950402247288E-01  -1.000000000000000E+05
 -5.035827526740912E-01   4.307263092961611E-01  -1.789761963346363E-01  -1.000000000000000E+05
 -5.232640740798425E-01   4.226874647064101E-01  -1.881067157262620E-01  -1.000000000000000E+05
 -5.424133015148019E-01   4.157459326594567E-01  -1.968345895370343E-01  -1.000000000000000E+05
 -5.611373647645277E-01   4.099502460002266E-01  -2.058435878052713E-01  -1.000000000000000E+05
 -5.796280832648976E-01   4.052207358510589E-01  -2.158078262816740E-01  -1.000000000000000E+05
 -5.981576332125763E-01   4.013636085329279E-01  -2.273450643292513E-01  -1.000000000000000E+05
 -6.170687174001824E-01   3.980930710769413E-01  -2.409715883827379E-01  -1.000000000000000E+05
 -6.367596703228706E-01   3.950599364944583E-01  -2.570615291360620E-01  -1.000000000000000E+05
 -6.576650711941169E-01   3.918846813802440E-01  -2.758132741649351E-01  -1.000000000000000E+05
 -6.802327558346096E-01   3.881926089204156E-01  -2.972252785200341E-01  -1.000000000000000E+05
 -7.048983929021840E-01   3.836486130731862E-01  -3.210830627560202E-01  -1.000000000000000E+05
 -7.320590008493338E-01   3.779890564716810E-01  -3.469585500393722E-01  -1.000000000000000E+05
 -7.620469132526726E-01   3.710484652479294E-01  -3.742221691572442E-01  -1.000000000000000E+05
 -7.951057405388986E-01   3.627790961365786E-01  -4.020673824698763E-01  -1.000000000000000E+05
 -8.313698201379058E-01   3.532619211920574E-01  -4.295465346690679E-01  -1.000000000000000E+05
 -8.708484954403335E-01   3.427081698162188E-01  -4.556162076683865E-01  -1.000000000000000E+05
 -9.134163236306948E-01   3.314512256693460E-01  -4.791896544831171E-01  -1.000000000000000E+05
 -9.588099964665496E-01   3.199293519160948E-01  -4.991934104012287E-01  -1.000000000000000E+05
 -1.006632384544563E+00   3.086603651432605E-01  -5.146248747248260E-01  -1.000000000000000E+05
 -1.056363706806044E+00   2.982099509588552E-01  -5.246075421576089E-01  -1.000000000000000E+05
 -1.107379407970476E+00   2.891557724526694E-01  -5.284406489992205E-01  -1.000000000000000E+05
 -1.158973923349845E+00   2.820498338311747E-01  -5.256402826273217E-01  -1.000000000000000E+05
 -1.210389148629178E+00   2.773817031472743E-01  -5.159694678137288E-01  -1.000000000000000E+05
 -1.260846135005216E+00   2.755451592977548E-01  -4.994553632061503E-01  -1.000000000000000E+05
 -1.309578317086274E+00   2.768106109901020E-01  -4.763924388982169E-01  -1.000000000000000E+05
 -1.355864466617483E+00   2.813052532242357E-01  -4.473313169010976E-01  -1.000000000000000E+05
 -1.399059557777708E+00   2.890024055238261E-01  -4.130537912155356E-01  -1.000000000000000E+05
 -1.438621831193667E+00   2.997208509932908E-01  -3.745353520937970E-01  -1.000000000000000E+05
 -1.474134548784531E+00   3.131343089563957E-01  -3.328972705307691E-01  -1.000000000000000E+05
 -1.505321228368843E+00   3.287904735978464E-01  -2.893509092648450E-01  -1.000000000000000E+05
 -1.532053518053720E+00   3.461383850511664E-01  -2.451373783499440E-01  -1.000000000000000E+05
 -1.554351293428839E+00   3.645623140141830E-01  -2.014659192966876E-01  -1.000000000000000E+05
 -1.572375009782651E+00   3.834198771743622E-01  -1.594544660762362E-01  -1.000000000000000E+05
 -1.586410789485465E+00   4.020817912760502E-01  -1.200756906956334E-01  -1.000000000000000E+05
 -1.596849143893935E+00   4.199705408901324E-01  -8.411150506996989E-02  -1.000000000000000E+05
 -1.604158593935704E+00   4.365952891426523E-01  -5.211848108271171E-02  -1.000000000000000E+05
 -1.608855741643849E+00   4.515805993098888E-01  -2.440599923147291E-02  -1.000000000000000E+05
 -1.611473538862373E+00   4.646869430953223E-01  -1.028183834614704E-03  -1.000000000000000E+05
 -1.612529587599606E+00   4.758215216748066E-01   1.821012393708039E-02  -1.000000000000000E+05
 -1.612496284182889E+00   4.850385814351902E-01   3.373391539063762E-02  -1.000000000000000E+05
 -1.611774488527013E+00   4.925291235241539E-01   4.616641308163357E-02  -1.000000000000000E+05
 -1.610672169319239E+00   4.986006362383946E-01   5.628732250099837E-02  -1.000000000000000E+05
 -1.609389160784104E+00   5.036481721546676E-01   6.498348635509696E-02  -1.000000000000000E+05
 -1.608008787155804E+00   5.081187002882599E-01   7.319487609434905E-02  -1.000000000000000E+05
 -1.608008787155804E+00   5.081187002882599E-01   7.319487609434909E-02   0.000000000000000E+00 7 RotatedCurve13 
 -4.763428742992355E-01   1.808754233165817E+00  -1.160583602225091E-01  -1.846290439366229E+05
 -4.740563660798195E-01   1.807867743657877E+00  -1.096605951611398E-01  -1.846290439366229E+05
 -4.713781313113898E-01   1.806698540380985E+00  -1.022575938595529E-01  -1.846290439366229E+05
 -4.682037483120998E-01   1.804989636856066E+00  -9.309743910222112E-02  -1.846290439366229E+05
 -4.645001131950230E-01   1.802451191859934E+00  -8.151921023214970E-02  -1.846290439366229E+05
 -4.602938551717309E-01   1.798786187950583E+00  -6.698753511357421E-02  -1.846290439366229E+05
 -4.556563363424412E-01   1.793715262427205E+00  -4.911979069554156E-02  -1.846290439366229E+05
 -4.506866390656187E-01   1.786999105937370E+00  -2.770451511614069E-02  -1.846290439366229E+05
 -4.454940047694663E-01   1.778457051125039E+00  -2.710132608998782E-03  -1.846290439366229E+05
 -4.401811409305805E-01   1.767980763379545E+00   2.571632059046589E-02  -1.846290439366229E+05
 -4.348296652606236E-01   1.755542297505029E+00   5.726018278741674E-02  -1.846290439366229E+05
 -4.294887222097864E-01   1.741196173957896E+00   9.145900709529413E-02  -1.846290439366229E+05
 -4.241675067831659E-01   1.725075530167626E+00   1.277298862802272E-01  -1.846290439366229E+05
 -4.188320886477588E-01   1.707382790064583E+00   1.654024755897815E-01  -1.846290439366229E+05
 -4.134065722340068E-01   1.688375643447569E+00   2.037556274269147E-01  -1.846290439366229E+05
 -4.077782830625336E-01   1.668349414459954E+00   2.420553871167702E-01  -1.846290439366229E+05
 -4.018063623480204E-01   1.647617107877638E+00   2.795920774648829E-01  -1.846290439366229E+05
 -3.953329031568894E-01   1.626488541324096E+00   3.157143201155221E-01  -1.846290439366229E+05
 -3.881955891956803E-01   1.605249995282942E+00   3.498580935391188E-01  -1.846290439366229E+05
 -3.802407127465475E-01   1.584145741683361E+00   3.815692921094894E-01  -1.846290439366229E+05
 -3.713354555893455E-01   1.563362652955805E+00   4.105187024669919E-01  -1.846290439366229E+05
 -3.613784131759616E-01   1.543018859524729E+00   4.365088212761794E-01  -1.846290439366229E+05
 -3.503075183582842E-01   1.523157132147887E+00   4.594724685474406E-01  -1.846290439366229E+05
 -3.381047612100385E-01   1.503743337182143E+00   4.794636680692458E-01  -1.846290439366229E+05
 -3.247973858325908E-01   1.484669970561148E+00   4.966417378773503E-01  -1.846290439366229E+05
 -3.104555502794407E-01   1.465764443189850E+00   5.112499294654753E-01  -1.846290439366229E+05
 -2.951867373127087E-01   1.446801488569374E+00   5.235902506356032E-01  -1.846290439366229E+05
 -2.791274775788482E-01   1.427518812069333E+00   5.339962866406952E-01  -1.846290439366229E+05
 -2.624331712601906E-01   1.407634915746578E+00   5.428058888673051E-01  -1.846290439366229E+05
 -2.452669515965370E-01   1.386867923470737E+00   5.503355295927440E-01  -1.846290439366229E+05
 -2.277886114540578E-01   1.364954203370667E+00   5.568579336093992E-01  -1.846290439366229E+05
 -2.101446061618255E-01   1.341665637573131E+00   5.625843087228201E-01  -1.846290439366229E+05
 -1.924600526572699E-01   1.316824516659649E+00   5.676521297592324E-01  -1.846290439366229E+05
 -1.748334737670946E-01   1.290315227061298E+00   5.721190120376188E-01  -1.846290439366229E+05
 -1.573348005213455E-01   1.262092138533036E+00   5.759627704012564E-01  -1.846290439366229E+05
 -1.400068632193469E-01   1.232183367799397E+00   5.790873297200521E-01  -1.846290439366229E+05
 -1.228702957627631E-01   1.200690373798435E+00   5.813337617066772E-01  -1.846290439366229E+05
 -1.059314718626309E-01   1.167783609908720E+00   5.824953969439068E-01  -1.846290439366229E+05
 -8.919281069375357E-02   1.133694700650537E+00   5.823357210314141E-01  -1.846290439366229E+05
 -7.266455638621686E-02   1.098705808705689E+00   5.806076240319569E-01  -1.846290439366229E+05
 -5.637697001977389E-02   1.063137000447907E+00   5.770725398265616E-01  -1.846290439366229E+05
 -4.039178924154675E-02   1.027332496706822E+00   5.715180857210244E-01  -1.846290439366229E+05
 -2.481181791250994E-02   9.916467072901015E-01   5.637729842804269E-01  -1.846290439366229E+05
 -9.787608147671992E-03   9.564308949385024E-01   5.537183036923867E-01  -1.846290439366229E+05
  4.479615459155765E-03   9.220212036829220E-01   5.412943691579520E-01  -1.846290439366229E+05
  1.773937672973045E-02   8.887286289096782E-01   5.265030510513972E-01  -1.846290439366229E+05
  2.969798082428934E-02   8.568313159166185E-01   5.094054988850528E-01  -1.846290439366229E+05
  4.002907098526686E-02   8.265693665229092E-01   4.901157362930666E-01  -1.846290439366229E+05
  4.838825700043518E-02   7.981421263480929E-01   4.687908359318910E-01  -1.846290439366229E+05
  5.443101788817069E-02   7.717077351648675E-01   4.456186326199275E-01  -1.846290439366229E+05
  5.783278103327007E-02   7.473845639607185E-01   4.208040915868951E-01  -1.846290439366229E+05
  5.830984885933581E-02   7.252540468566842E-01   3.945555160541477E-01  -1.846290439366229E+05
  5.563970170259118E-02   7.053643519238787E-01   3.670717511751065E-01  -1.846290439366229E+05
  4.967916550126406E-02   6.877343259758372E-01   3.385314234268940E-01  -1.846290439366229E+05
  4.037900182451388E-02   6.723571937796183E-01   3.090850564427141E-01  -1.846290439366229E+05
  2.779365453322388E-02   6.592035865191960E-01   2.788506425290594E-01  -1.846290439366229E+05
  1.208516310229945E-02   6.482236084184837E-01   2.479129449012289E-01  -1.846290439366229E+05
 -6.479388879736864E-03   6.393478115585787E-01   2.163264832211163E-01  -1.846290439366229E+05
 -2.753710284902207E-02   6.324871221948617E-01   1.841218397788971E-01  -1.846290439366229E+05
 -5.064493346637269E-02   6.275319312909153E-01   1.513146403813191E-01  -1.846290439366229E+05
 -7.530110372275155E-02   6.243507117163722E-01   1.179163349071605E-01  -1.846290439366229E+05
 -1.009711505600936E-01   6.227886402358446E-01   8.394574557427054E-02  -1.846290439366229E+05
 -1.271171200889238E-01   6.226667722988393E-01   4.944027868838005E-02  -1.846290439366229E+05
 -1.532281537078983E-01   6.237823335802724E-01   1.446571397567009E-02  -1.846290439366229E+05
 -1.788505371973548E-01   6.259106503880471E-01  -2.087640644837582E-02  -1.846290439366229E+05
 -2.036152390898044E-01   6.288091423278822E-01  -5.644457773734644E-02  -1.846290439366229E+05
 -2.272610491962087E-01   6.322236506243637E-01  -9.205685166541951E-02  -1.846290439366229E+05
 -2.496516412928288E-01   6.358971842953582E-01  -1.274943015473490E-01  -1.846290439366229E+05
 -2.707852151247363E-01   6.395809477794605E-01  -1.625083288098738E-01  -1.846290439366229E+05
 -2.907958033457780E-01   6.430472842351659E-01  -1.968313784409667E-01  -1.846290439366229E+05
 -3.099458329968459E-01   6.461039467797710E-01  -2.301903284131519E-01  -1.846290439366229E+05
 -3.286100773535479E-01   6.486089138880801E-01  -2.623215668895550E-01  -1.846290439366229E+05
 -3.472516877015079E-01   6.504848123627280E-01  -2.929865911993018E-01  -1.846290439366229E+05
 -3.663915198567812E-01   6.517319165757897E-01  -3.219868697616239E-01  -1.846290439366229E+05
 -3.865724322336940E-01   6.524386672455972E-01  -3.491767115981608E-01  -1.846290439366229E+05
 -4.083205996547166E-01   6.527887033994060E-01  -3.744729899802633E-01  -1.846290439366229E+05
 -4.321061341934398E-01   6.530635286484362E-01  -3.978607619520103E-01  -1.846290439366229E+05
 -4.583054128314950E-01   6.536401331736048E-01  -4.193941017126189E-01  -1.846290439366229E+05
 -4.871674719816875E-01   6.549831561466695E-01  -4.391918046015564E-01  -1.846290439366229E+05
 -5.187866408138420E-01   6.576314850078308E-01  -4.574279961269254E-01  -1.846290439366229E+05
 -5.530832582172368E-01   6.621795293282354E-01  -4.743180701182629E-01  -1.846290439366229E+05
 -5.897938706084946E-01   6.692537562513072E-01  -4.901007531590843E-01  -1.846290439366229E+05
 -6.284717660683422E-01   6.794854085978075E-01  -5.050174209749321E-01  -1.846290439366229E+05
 -6.684980972044835E-01   6.934806225778658E-01  -5.192900509840476E-01  -1.846290439366229E+05
 -7.091032176813163E-01   7.117893982839614E-01  -5.330993627556205E-01  -1.846290439366229E+05
 -7.493972444125402E-01   7.348750345236303E-01  -5.465647596831303E-01  -1.846290439366229E+05
 -7.884082972554999E-01   7.630857063798817E-01  -5.597276329968041E-01  -1.846290439366229E+05
 -8.251263958754755E-01   7.966298310158577E-01  -5.725394234468177E-01  -1.846290439366229E+05
 -8.585506391051673E-01   8.355567327894244E-01  -5.848555647810759E-01  -1.846290439366229E+05
 -8.877370781528122E-01   8.797438873944997E-01  -5.964360723525514E-01  -1.846290439366229E+05
 -9.118446351877091E-01   9.288917075987834E-01  -6.069531123372338E-01  -1.846290439366229E+05
 -9.301765172602781E-01   9.825264471455715E-01  -6.160054198806353E-01  -1.846290439366229E+05
 -9.422148263566714E-01   1.040011366341573E+00  -6.231389591844491E-01  -1.846290439366229E+05
 -9.476464542337670E-01   1.100565848124060E+00  -6.278727675749968E-01  -1.846290439366229E+05
 -9.463788515379776E-01   1.163291704323333E+00  -6.297285305354726E-01  -1.846290439366229E+05
 -9.385448435589719E-01   1.227205495985030E+00  -6.282621240113694E-01  -1.846290439366229E+05
 -9.244962937576120E-01   1.291275335029594E+00  -6.230951573815094E-01  -1.846290439366229E+05
 -9.047870521818611E-01   1.354460360004083E+00  -6.139444718959051E-01  -1.846290439366229E+05
 -8.801462300765058E-01   1.415750904274027E+00  -6.006476036390112E-01  -1.846290439366229E+05
 -8.514433777125082E-01   1.474207312785885E+00  -5.831824069403868E-01  -1.846290439366229E+05
 -8.196475776305575E-01   1.528995418757815E+00  -5.616793444864026E-01  -1.846290439366229E+05
 -7.857827746607468E-01   1.579416862346061E+00  -5.364253666243192E-01  -1.846290439366229E+05
 -7.508818299978401E-01   1.624932710319619E+00  -5.078587995557701E-01  -1.846290439366229E+05
 -7.159418012597182E-01   1.665179203223200E+00  -4.765552095357239E-01  -1.846290439366229E+05
 -6.818828154614932E-01   1.699974892868097E+00  -4.432047732238943E-01  -1.846290439366229E+05
 -6.495126282549739E-01   1.729318912324629E+00  -4.085822267811177E-01  -1.846290439366229E+05
 -6.194985702674167E-01   1.753380614190720E+00  -3.735109527530069E-01  -1.846290439366229E+05
 -5.923480967948286E-01   1.772481291105127E+00  -3.388231619685511E-01  -1.846290439366229E+05
 -5.683986127072883E-01   1.787069126495342E+00  -3.053184106429427E-01  -1.846290439366229E+05
 -5.478166756530849E-01   1.797688887361162E+00  -2.737228407967754E-01  -1.846290439366229E+05
 -5.306061237982544E-01   1.804948142833944E+00  -2.446515336915723E-01  -1.846290439366229E+05
 -5.166241641700655E-01   1.809481956401612E+00  -2.185762192778818E-01  -1.846290439366229E+05
 -5.056040251721821E-01   1.811918046877515E+00  -1.958002972477655E-01  -1.846290439366229E+05
 -4.971824472526270E-01   1.812844341551928E+00  -1.764427138942984E-01  -1.846290439366229E+05
 -4.909300769908411E-01   1.812780660034772E+00  -1.604317284198829E-01  -1.846290439366229E+05
 -4.863827516543465E-01   1.812155981630802E+00  -1.475090239461327E-01  -1.846290439366229E+05
 -4.830717143871993E-01   1.811292381421975E+00  -1.372440081293174E-01  -1.846290439366229E+05
 -4.805509767903692E-01   1.810396294257828E+00  -1.290575440604176E-01  -1.846290439366229E+05
 -4.784203299365140E-01   1.809557308677308E+00  -1.222537918624649E-01  -1.846290439366229E+05
 -4.763428742992356E-01   1.808754233165817E+00  -1.160583602225091E-01  -1.846290439366229E+05
 -4.763428742992355E-01   1.808754233165817E+00  -1.160583602225091E-01   0.000000000000000E+00 8 RotatedCurve14 
end 
