s
0.016666666666666666, 0.05, 0.11666666666666667, 0.15, 0.21666666666666667, 0.2833333333333333, 0.31666666666666665, 0.38333333333333336, 0.45, 0.5166666666666666, 0.5499999999999999, 0.6166666666666666, 0.6833333333333332, 0.7166666666666666, 0.7833333333333333, 0.8166666666666667, 0.8833333333333333, 0.95, 0.9833333333333333
iteration, j dot B Redl, j dot B vmec
0, -335810.74703600036, -453219.1105936222, -571874.1514779689, -617345.5102231647, -699589.1699472133, -781199.2788576486, -824536.4637952205, -919425.59305135, -1026058.1420775756, -1140188.7681459896, -1196776.8297330816, -1297667.8171984232, -1359666.0781709652, -1364988.836314518, -1295655.5808111907, -1207513.3806774379, -888897.2508688839, -359961.92399274814, -72782.11365856764, -339442.120667052, -452890.81069471326, -575017.1310946399, -614784.4163630368, -701380.9123150134, -780584.6061962852, -823886.4254835591, -918814.5122416088, -1024972.5214197792, -1139442.1056109113, -1196065.5083759683, -1296468.5030117584, -1358928.3157436806, -1364540.2133258646, -1294392.9031134166, -1207908.0914268226, -887812.903335061, -361174.5202595599, -70106.77660502333
1, -335810.74703600036, -453219.1105936222, -571874.1514779689, -617345.5102231647, -699589.1699472133, -781199.2788576486, -824536.4637952205, -919425.59305135, -1026058.1420775756, -1140188.7681459896, -1196776.8297330816, -1297667.8171984232, -1359666.0781709652, -1364988.836314518, -1295655.5808111907, -1207513.3806774379, -888897.2508688839, -359961.92399274814, -72782.11365856764, -339442.120667052, -452890.81069471326, -575017.1310946399, -614784.4163630368, -701380.9123150134, -780584.6061962852, -823886.4254835591, -918814.5122416088, -1024972.5214197792, -1139442.1056109113, -1196065.5083759683, -1296468.5030117584, -1358928.3157436806, -1364540.2133258646, -1294392.9031134166, -1207908.0914268226, -887812.903335061, -361174.5202595599, -70106.77660502333
2, -335810.74703600036, -453219.1105936222, -571874.1514779689, -617345.5102231647, -699589.1699472133, -781199.2788576486, -824536.4637952205, -919425.59305135, -1026058.1420775756, -1140188.7681459896, -1196776.8297330816, -1297667.8171984232, -1359666.0781709652, -1364988.836314518, -1295655.5808111907, -1207513.3806774379, -888897.2508688839, -359961.92399274814, -72782.11365856764, -339442.120667052, -452890.81069471326, -575017.1310946399, -614784.4163630368, -701380.9123150134, -780584.6061962852, -823886.4254835591, -918814.5122416088, -1024972.5214197792, -1139442.1056109113, -1196065.5083759683, -1296468.5030117584, -1358928.3157436806, -1364540.2133258646, -1294392.9031134166, -1207908.0914268226, -887812.903335061, -361174.5202595599, -70106.77660502333
3, -335810.7484180938, -453219.11263761774, -571874.154299766, -617345.5134093284, -699589.1738726696, -781199.2835885617, -824536.468970563, -919425.5992154048, -1026058.1493612251, -1140188.7766837424, -1196776.838789912, -1297667.8277110322, -1359666.0882391129, -1364988.8492281665, -1295655.547048548, -1207513.3275836692, -888897.2192600057, -359961.9157613879, -72782.11300526783, -339442.11920049554, -452890.81037572504, -575017.1306776531, -614784.4159130787, -701380.9118207996, -780584.6056904399, -823886.4249279078, -918814.5117770234, -1024972.5181399243, -1139442.1207577041, -1196065.496828492, -1296468.6398153112, -1358927.4831971638, -1364540.95732056, -1294403.419864625, -1207913.0000739694, -887812.382487194, -361174.4135982343, -70105.93910516112
4, -335810.5945826009, -453218.8749313324, -571873.9003190533, -617345.2589518024, -699588.9259413376, -781199.0465994528, -824536.2383340122, -919425.3833823452, -1026057.9536718165, -1140188.6118705596, -1196776.695928615, -1297667.7468021049, -1359666.103229986, -1364988.9229297792, -1295655.8154975649, -1207513.695647326, -888897.6942037744, -359962.2818680039, -72782.23000790791, -339441.5856514352, -452889.99955687986, -575016.0954309324, -614783.3056812205, -701379.6395599744, -780583.1847754009, -823884.9239408569, -918812.8343743205, -1024970.6481431096, -1139440.0230602378, -1196063.3219150007, -1296466.1364222127, -1358925.8402430622, -1364537.7321403285, -1294390.5550838239, -1207905.9001632473, -887811.2924853979, -361173.86020123085, -70106.64881807953
5, -335810.7324103844, -453219.0862337103, -571874.1208405916, -617345.4776809587, -699589.1338021689, -781199.2397453554, -824536.423387733, -919425.550421196, -1026058.0979505149, -1140188.7237901548, -1196776.785960713, -1297667.7764348125, -1359666.043345148, -1364988.8056191362, -1295655.5604495371, -1207513.3661470448, -888897.247460653, -359961.92625466717, -72782.11468469989, -339442.1130183893, -452890.8028005364, -575017.1210521832, -614784.4055807892, -701380.8999355373, -780584.5923446035, -823886.4107298048, -918814.495685479, -1024972.5027544273, -1139442.0847424164, -1196065.486411352, -1296468.4791279796, -1358928.2905192163, -1364540.1878776068, -1294392.8789433667, -1207908.068828961, -887812.8866433762, -361174.513398089, -70106.77497605694
6, -335810.74623242393, -453219.1101718143, -571874.1507395498, -617345.5095608798, -699589.1696277715, -781199.2789727391, -824536.4641086429, -919425.5936647565, -1026058.142853203, -1140188.7689453235, -1196776.8304936148, -1297667.8178022113, -1359666.0785109282, -1364988.836492813, -1295655.580633663, -1207513.3803255637, -888897.2502824507, -359961.92357431544, -72782.11351409323, -339442.1189304165, -452890.8106343678, -575017.1310359149, -614784.4163539226, -701380.9123207084, -780584.6061655536, -823886.4254250557, -918814.512206186, -1024972.521336152, -1139442.105551208, -1196065.5083427487, -1296468.5029211224, -1358928.315653265, -1364540.2131856154, -1294392.9029656253, -1207908.0913687565, -887812.9032709887, -361174.52023309504, -70106.77616168448
7, -335810.7434341398, -453219.11003337713, -571874.1556305265, -617345.5150957411, -699589.1751726189, -781199.2830290754, -824536.4668832531, -919425.5927203017, -1026058.1364000815, -1140188.7548741112, -1196776.8117362652, -1297667.7878568927, -1359666.0353213234, -1364988.7862478262, -1295655.5170200062, -1207513.3115462894, -888897.1796334892, -359961.8783481807, -72782.10017854933, -339442.1176096443, -452890.7989804117, -575017.1155785802, -614784.3993918062, -701380.8922850861, -780584.5832260862, -823886.4009547719, -918814.4842809297, -1024972.4896163123, -1139442.0697714791, -1196065.4704853862, -1296468.4615683095, -1358928.272285983, -1364540.169745881, -1294392.8619897137, -1207908.0530599884, -887812.8753642617, -361174.50891621877, -70106.77478946265
8, -335810.7476371318, -453219.11137099867, -571874.152453024, -617345.5111578484, -699589.17077757, -781199.2795637625, -824536.4644353451, -919425.5935601934, -1026058.1424363229, -1140188.7683474987, -1196776.8298644521, -1297667.8172070663, -1359666.0780817857, -1364988.836168537, -1295655.5805649185, -1207513.3803869653, -888897.2505218221, -359961.9237518219, -72782.11358786927, -339442.1192712593, -452890.8106312249, -575017.1309381442, -614784.4161660969, -701380.9120777738, -780584.6059118125, -823886.4251243016, -918814.5118284607, -1024972.5209990427, -1139442.1050987204, -1196065.5078836393, -1296468.5025291904, -1358928.31521354, -1364540.212745528, -1294392.9026570811, -1207908.091032417, -887812.9030334742, -361174.52009825385, -70106.77617898621
9, -376712.6122716582, -505472.9003523537, -638186.7537886265, -688807.4117901389, -779967.9493893585, -870157.2033111237, -917960.3073088364, -1022499.4965009134, -1139857.0070742187, -1265470.5657745383, -1327804.7718145875, -1439230.8703721904, -1508516.3574759853, -1515270.9446843665, -1441605.9215131772, -1346249.7060304382, -998219.3564909121, -411363.32982758025, -85090.58930899473, -383922.470000242, -507403.0733376652, -644351.2758805137, -690531.1571182676, -783268.3167938429, -872357.8538638562, -919741.2765220205, -1023737.5404627791, -1140680.6557012412, -1266570.354759657, -1329243.6353674734, -1440902.9872439695, -1511710.2095068728, -1519488.6819080887, -1447744.7445080066, -1353973.1734921387, -1006760.71380267, -418704.7316801809, -87613.39632190196
10, -344479.50652617175, -463528.53170621104, -584921.7465505237, -631376.0607036054, -715293.4895088933, -798547.6707036048, -842733.8826117779, -939479.7851070261, -1048202.427610886, -1164626.1570942875, -1222393.560735444, -1325553.772451588, -1389360.1375725784, -1395236.9982883576, -1325777.3083013708, -1236653.6074168156, -913062.3704434014, -372389.89472337, -76009.39441446877, -348001.2679232914, -463324.401112901, -587781.0669778368, -631101.4958906469, -716085.8895019393, -798503.7418816468, -842358.2947459305, -938575.8137867658, -1046831.5010613126, -1163509.4120055179, -1221316.1987220852, -1323907.8739312089, -1388438.5815177532, -1394745.145551827, -1325099.3760906672, -1237188.632851002, -912968.8325914141, -374047.2388907744, -75814.8947663462
11, -337314.2328974577, -454643.9388715774, -573692.8441776894, -619282.6013558462, -701720.6020070332, -783534.3792161572, -826968.6219159329, -922077.2074621654, -1028962.0014028286, -1143386.0886481889, -1200135.5237488672, -1301372.7510332854, -1363726.192563262, -1369216.1015066109, -1300135.948646388, -1212037.184060066, -893111.8080438375, -362536.9742679828, -73541.58064529578, -340555.5844827036, -453893.24623622594, -576884.1363417695, -618451.5109597747, -702647.8218471403, -783338.249078111, -826618.4454342478, -921226.875268844, -1027695.7508033974, -1142373.5123084933, -1199143.3831280565, -1299890.4347072395, -1362809.7395387683, -1368753.9960384015, -1299065.809426675, -1212573.48525726, -892266.7833206763, -364447.71800180065, -72641.3909474989
12, -335969.80366669944, -453150.55978666065, -571795.4850696912, -617242.2960444773, -699439.6287617912, -781006.2160174492, -824314.136623527, -919142.4838455735, -1025709.7404081349, -1139777.4550227227, -1196338.532840745, -1297195.4222542185, -1359206.7335959678, -1364563.5719137865, -1295369.942635145, -1207339.1705156185, -889013.878897937, -360260.7959308473, -72914.81392321731, -338928.8586804331, -452461.852838765, -575415.8220992589, -615708.9882497594, -700920.9743278474, -780775.3686875938, -824078.902597005, -918596.7101954101, -1024767.0745023575, -1139068.063622543, -1195667.4208620156, -1296174.7889412395, -1358627.0173775002, -1364357.2949784629, -1294466.0142516142, -1208140.6441482897, -888089.394780839, -362299.7418700815, -71573.78358808317
13, -335814.43748663255, -453114.7299410262, -571729.845448544, -617175.6158056594, -699371.1160910898, -780930.8436931295, -824239.2701000771, -919065.7514212634, -1025630.1520585434, -1139691.5580027946, -1196246.6457035863, -1297083.075188824, -1359054.4116454392, -1364381.272546828, -1295103.5089485832, -1207019.6215307098, -888594.1953139014, -359905.34470466303, -72790.69365243692, -339041.2470904781, -452664.67940056475, -575194.3352424761, -614982.5264050234, -701284.5163326771, -780618.0537064098, -823922.6716910494, -918754.6468496255, -1024908.3609581124, -1139324.4059928095, -1195941.0443984233, -1296375.014329647, -1358815.7439228192, -1364440.0592069381, -1294359.1866634758, -1207921.9102769948, -887745.3331397753, -361529.3653924704, -70654.16637176793
14, -335797.1829963671, -453178.31315187213, -571819.6767863424, -617282.754204188, -699510.1236598325, -781104.0011497792, -824432.9164482137, -919305.7908821302, -1025922.7100312996, -1140039.5094412558, -1196622.0434745755, -1297506.5638680102, -1359508.0033037206, -1364837.4200191544, -1295530.6311070218, -1207409.0291253657, -888847.2182469224, -359964.72776697285, -72788.66104793304, -339350.68054824293, -452843.09444961644, -575059.513097886, -614825.7198159925, -701371.719256497, -780599.1625131116, -823901.612776028, -918813.5618497411, -1024971.4986800104, -1139435.519210939, -1196058.2812779658, -1296463.9429395422, -1358923.6296177853, -1364536.9328185038, -1294399.4533588989, -1207922.2657232636, -887800.3726401721, -361246.9829162356, -70219.53760063654
15, -335800.2661187227, -453198.8034392821, -571850.2937592217, -617319.8728646329, -699560.599466851, -781168.4383556867, -824504.5291597017, -919391.8629663215, -1026023.1524130246, -1140153.3885771153, -1196741.7811810463, -1297634.738478882, -1359637.4294784595, -1364963.4710552995, -1295639.0770750262, -1207502.3410683759, -888897.6521776197, -359968.53254346317, -72784.97375255893, -339400.65109160234, -452882.68242622, -575028.6991553754, -614795.7098297728, -701381.9478753572, -780590.6673232932, -823892.4007851874, -918817.1454840349, -1024975.2049686272, -1139443.9672760663, -1196067.7746601151, -1296471.1657359684, -1358931.038860181, -1364542.4874182763, -1294396.7359803412, -1207913.8634941473, -887811.8771827474, -361190.464526262, -70128.48541408381
16, -335805.91488930746, -453210.99125810247, -571865.1035558457, -617336.0920915043, -699579.4642257405, -781189.5760032419, -824526.8324682545, -919416.2282436371, -1026049.2447174843, -1140180.6484435548, -1196769.236115745, -1297661.6095694199, -1359661.7451749078, -1364985.6494682217, -1295654.991650056, -1207514.1560342943, -888900.3538273228, -359965.02127701737, -72783.16228313102, -339436.47414795123, -452889.90136875433, -575020.8556800591, -614788.1000208012, -701382.2129247932, -780587.1481402923, -823888.9800292517, -918816.3813308921, -1024974.5255835511, -1139444.0539047916, -1196067.6407543507, -1296470.7590918338, -1358930.6377674327, -1364542.5306838253, -1294395.4537687157, -1207910.8998537918, -887813.6824226925, -361178.42973368365, -70112.20304386714
17, -335805.91488930746, -453210.99125810247, -571865.1035558457, -617336.0920915043, -699579.4642257405, -781189.5760032419, -824526.8324682545, -919416.2282436371, -1026049.2447174843, -1140180.6484435548, -1196769.236115745, -1297661.6095694199, -1359661.7451749078, -1364985.6494682217, -1295654.991650056, -1207514.1560342943, -888900.3538273228, -359965.02127701737, -72783.16228313102, -339436.47414795123, -452889.90136875433, -575020.8556800591, -614788.1000208012, -701382.2129247932, -780587.1481402923, -823888.9800292517, -918816.3813308921, -1024974.5255835511, -1139444.0539047916, -1196067.6407543507, -1296470.7590918338, -1358930.6377674327, -1364542.5306838253, -1294395.4537687157, -1207910.8998537918, -887813.6824226925, -361178.42973368365, -70112.20304386714
18, -335805.9162732599, -453210.993303129, -571865.106382938, -617336.0952775965, -699579.4681505366, -781189.5807263118, -824526.8376318623, -919416.2343945088, -1026049.2519960643, -1140180.65698147, -1196769.2451837834, -1297661.6200948106, -1359661.755255068, -1364985.66239147, -1295654.957889376, -1207514.1029396765, -888900.3222165336, -359965.01304465724, -72783.16162986011, -339436.473247963, -452889.90105342417, -575020.8552684949, -614788.0995819396, -701382.2124144218, -780587.1476220791, -823888.979467691, -918816.3808702304, -1024974.5222915083, -1139444.0690169104, -1196067.6290906959, -1296470.8959501868, -1358929.8051589346, -1364543.2748490614, -1294405.970549174, -1207915.8085421345, -887813.1614905928, -361178.3231246888, -70111.36539398803
19, -335805.76102727785, -453210.7540903116, -571864.8513245585, -617335.8399653916, -699579.2197980966, -781189.3437091842, -824526.6071656101, -919416.0189245834, -1026049.0566406809, -1140180.4923094716, -1196769.1023419832, -1297661.5391375995, -1359661.7701520212, -1364985.7360511643, -1295655.226229359, -1207514.4708411936, -888900.7970425779, -359965.3791380308, -72783.27863931106, -339435.8544559486, -452889.0902082013, -575019.8197124206, -614786.9896814082, -701380.9404411074, -780585.7269173432, -823887.4778206274, -918814.702652553, -1024972.6510676369, -1139441.970415751, -1196065.4548468387, -1296468.3931603462, -1358928.1631271346, -1364540.048653057, -1294393.104129613, -1207908.709768855, -887812.0725353964, -361177.77067651495, -70112.06903705682
20, -335805.9002582848, -453210.96689886006, -571865.0729244605, -617336.059554257, -699579.4280862529, -781189.5368941766, -824526.792065283, -919416.1856169312, -1026049.2006042744, -1140180.6041090612, -1196769.1923671477, -1297661.5688337907, -1359661.7103720778, -1364985.6187978229, -1295654.97130055, -1207514.1415161393, -888900.3504235644, -359965.0235393377, -72783.1633097039, -339436.466442551, -452889.89348408196, -575020.8456405879, -614788.0892665033, -701382.2005340024, -780587.1342688578, -823888.9652631141, -918816.3647842208, -1024974.5069290488, -1139444.0329856544, -1196067.6187284118, -1296470.7351878807, -1358930.6125673933, -1364542.5053204556, -1294395.4295785534, -1207910.877315123, -887813.6658001521, -361178.4228032355, -70112.20145207399
21, -335805.9140778084, -453210.9908330371, -571865.1028169332, -617336.091421876, -699579.4638920949, -781189.5760892932, -824526.8327461225, -919416.2288228205, -1026049.2454760193, -1140180.6492505954, -1196769.2368955421, -1297661.6102031386, -1359661.745540171, -1364985.6496646802, -1295654.9914810543, -1207514.1556828567, -888900.3532397547, -359965.02085998753, -72783.16213942453, -339436.47315165226, -452889.9013057547, -575020.8556588446, -614788.1000047098, -701382.2128892434, -780587.1481408272, -823888.9799606467, -918816.381298022, -1024974.5255191443, -1139444.053808869, -1196067.6406423606, -1296470.7590664853, -1358930.6376543914, -1364542.5306919042, -1294395.4536755306, -1207910.899810902, -887813.6824544972, -361178.42963382136, -70112.20287683507
22, -335805.9111820017, -453210.9906039927, -571865.1076612425, -617336.0969315923, -699579.4694415352, -781189.580173336, -824526.8355637062, -919416.2279295718, -1026049.2390529583, -1140180.6351638497, -1196769.218098434, -1297661.5802052598, -1359661.7023090571, -1364985.5993953894, -1295654.9278423383, -1207514.0868758461, -888900.282564076, -359964.97561890486, -72783.14880010695, -339436.46278580814, -452889.8896557238, -575020.8401421489, -614788.0830971126, -701382.192887947, -780587.1252278745, -823888.9554232333, -918816.3532926155, -1024974.493685439, -1139444.017986137, -1196067.6028764735, -1296470.7178150918, -1358930.5943179245, -1364542.4870990925, -1294395.4125270706, -1207910.8616078617, -887813.6546014985, -361178.4185137609, -70112.2007972333
23, -335805.9154662132, -453210.9920122082, -571865.10451593, -617336.0930086203, -699579.4650337211, -781189.5766722715, -824526.8330682339, -919416.2287152864, -1026049.2450588164, -1140180.648658636, -1196769.2362721781, -1297661.6096155462, -1359661.7451160178, -1364985.6493513153, -1295654.9914144473, -1207514.1557467435, -888900.353473058, -359965.0210334698, -72783.16221303072, -339436.47310997813, -452889.90131045517, -575020.85552582, -614788.0998421937, -701382.2126600109, -780587.1478216562, -823888.9796729765, -918816.3809031636, -1024974.5251220209, -1139444.0534040655, -1196067.6402025826, -1296470.7586168323, -1358930.6371721632, -1364542.5302133372, -1294395.4532422652, -1207910.8994396124, -887813.6821543237, -361178.42959700676, -70112.20299210507
24, -335822.28287855955, -453234.639084332, -571890.4528365092, -617361.1891980775, -699602.9887153497, -781210.6750816804, -824546.502594192, -919432.7126064525, -1026062.0219752108, -1140189.024019223, -1196775.1311873635, -1297662.0235905647, -1359656.2731299289, -1364977.2821625439, -1295641.6986258174, -1207499.2758758767, -888885.6141106182, -359957.25335041387, -72781.32644916498, -339426.44980615564, -452881.4278326043, -575020.6763635159, -614787.7472713811, -701377.3627712494, -780584.4993823819, -823886.4230371336, -918812.2221380454, -1024970.1658668043, -1139439.0992101757, -1196062.3916905285, -1296465.475099239, -1358925.536015977, -1364537.7152149032, -1294391.9740432315, -1207908.545152977, -887810.008188927, -361184.2389112989, -70122.53198404878
25, -335822.28287855955, -453234.639084332, -571890.4528365092, -617361.1891980775, -699602.9887153497, -781210.6750816804, -824546.502594192, -919432.7126064525, -1026062.0219752108, -1140189.024019223, -1196775.1311873635, -1297662.0235905647, -1359656.2731299289, -1364977.2821625439, -1295641.6986258174, -1207499.2758758767, -888885.6141106182, -359957.25335041387, -72781.32644916498, -339426.44980615564, -452881.4278326043, -575020.6763635159, -614787.7472713811, -701377.3627712494, -780584.4993823819, -823886.4230371336, -918812.2221380454, -1024970.1658668043, -1139439.0992101757, -1196062.3916905285, -1296465.475099239, -1358925.536015977, -1364537.7152149032, -1294391.9740432315, -1207908.545152977, -887810.008188927, -361184.2389112989, -70122.53198404878
26, -335822.2842510042, -453234.6411145346, -571890.4556424235, -617361.1923654928, -699602.992608039, -781210.6797636519, -824546.5077152605, -919432.7187162171, -1026062.0292353553, -1140189.0325772993, -1196775.1402884957, -1297662.0341596063, -1359656.2832373995, -1364977.2951129235, -1295641.6648812033, -1207499.2227896603, -888885.5824952777, -359957.2451168207, -72781.32579601307, -339426.45083054056, -452881.4275247184, -575020.6759439631, -614787.7468312269, -701377.3622536169, -780584.4988397256, -823886.4225030295, -918812.2217109214, -1024970.1626218038, -1139439.1143275267, -1196062.38007012, -1296465.6118445909, -1358924.7034028084, -1364538.459272798, -1294402.490734085, -1207913.4538839427, -887809.4872222114, -361184.1322723038, -70121.69470606605
27, -335822.13115832914, -453234.4044345468, -571890.202640275, -617360.9387331427, -699602.7452041351, -781210.443015351, -824546.2772261698, -919432.5028851673, -1026061.8334173535, -1140188.867429262, -1196774.9969680598, -1297661.9527565856, -1359656.2978453797, -1364977.3685306788, -1295641.9331272524, -1207499.5906404434, -888886.057266197, -359957.61113254505, -72781.44277559067, -339425.93271807366, -452880.61669866944, -575019.6406081957, -614786.6364874006, -701376.0900162581, -780583.0778678912, -823884.9217051666, -918810.5445917941, -1024968.2927629941, -1139437.0168608516, -1196060.2050449485, -1296463.1083036703, -1358923.0604372711, -1364535.2343577954, -1294389.6260211444, -1207906.3536488393, -887808.3970753948, -361183.5786746064, -70122.40614331517
28, -335822.2682854688, -453234.614779067, -571890.4222561697, -617361.1567092568, -699602.9526100078, -781210.6359932758, -824546.4622078495, -919432.6699880502, -1026061.9778671737, -1140188.9796854935, -1196775.087437815, -1297661.9828491036, -1359656.2383215143, -1364977.251491958, -1295641.6782709523, -1207499.2613521442, -888885.6106957024, -359957.2556058609, -72781.32747400222, -339426.44299376186, -452881.41993958096, -575020.6663170762, -614787.7365130251, -701377.3503820307, -780584.4855071285, -823886.4083204388, -918812.2055733535, -1024970.1472533273, -1139439.078261188, -1196062.369765269, -1296465.4510997178, -1358925.5107555438, -1364537.6896775805, -1294391.949860536, -1207908.5225650452, -887809.9914807131, -361184.23200706235, -70122.53053592885
29, -335822.282092531, -453234.63869189075, -571890.4521272418, -617361.1885686351, -699602.9884286632, -781210.6752283747, -824546.502939275, -919432.7132440328, -1026062.0227577732, -1140189.0247964773, -1196775.1319144778, -1297662.0241519618, -1359656.273435012, -1364977.2823177944, -1295641.6984330614, -1207499.2755120648, -888885.6135220947, -359957.2529321229, -72781.32630395045, -339426.44674628857, -452881.4277725017, -575020.6763002941, -614787.747262539, -701377.3627537959, -780584.4994116013, -823886.4229977245, -918812.2220850036, -1024970.1658268976, -1139439.0990475414, -1196062.3916872714, -1296465.475015047, -1358925.5359154015, -1364537.7150110558, -1294391.9739078744, -1207908.5451689183, -887810.0081626645, -361184.23883409007, -70122.53179804754
30, -335822.27937364276, -453234.63865475816, -571890.4571119699, -617361.1941773596, -699602.9940104154, -781210.679288095, -824546.5057002006, -919432.7122733821, -1026062.0162795702, -1140189.0107044547, -1196775.1131382235, -1297661.9941956296, -1359656.2302418302, -1364977.232077607, -1295641.634831598, -1207499.206739162, -888885.5428761758, -359957.20770887, -72781.31297000464, -339426.448987621, -452881.4161241222, -575020.6608257756, -614787.7303044607, -701377.3427278029, -780584.4764249411, -823886.3986017593, -918812.1941937138, -1024970.1341186953, -1139439.0633913227, -1196062.3537570536, -1296465.4337151544, -1358925.4923964117, -1364537.6717150395, -1294391.9329358917, -1207908.5068462074, -887809.9802332948, -361184.2275433977, -70122.53040448
31, -335822.2834990001, -453234.63988716336, -571890.4538339272, -617361.19014879, -699602.9895467744, -781210.6757692228, -824546.503212615, -919432.7130884298, -1026062.0223174086, -1140189.0242231484, -1196775.1313275476, -1297662.0236178632, -1359656.273053113, -1364977.2820345976, -1295641.6983887276, -1207499.275592539, -888885.6137648923, -359957.2531105781, -72781.32637913621, -339426.4503133984, -452881.4277770724, -575020.6761988252, -614787.7470955127, -701377.3625029187, -780584.4990599779, -823886.4227132481, -918812.221737012, -1024970.1654241994, -1139439.0987328677, -1196062.3912259294, -1296465.4744798774, -1358925.5354774217, -1364537.714589556, -1294391.9735718565, -1207908.544759822, -887810.0078797406, -361184.2387474391, -70122.53239921076
32, -335820.5025436072, -453230.2585542412, -571884.8878759535, -617355.0855952539, -699596.2214244336, -781203.4851591508, -824539.15672128, -919425.1585852685, -1026054.4088070858, -1140181.5834389066, -1196767.8803514652, -1297655.4294898568, -1359650.8084499822, -1364972.6090952095, -1295639.120188205, -1207497.979484966, -888887.0459770893, -359959.89035136055, -72782.40267745017, -339417.5686475794, -452877.367617269, -575025.1141244753, -614792.061879054, -701377.15954452, -780586.6317090045, -823888.6544844697, -918813.1280554901, -1024971.2897820468, -1139439.991803891, -1196063.3947012413, -1296466.7977488874, -1358926.985065917, -1364539.288580401, -1294394.5038169147, -1207911.518457873, -887810.0320918948, -361191.25664078665, -70132.80680596334
33, -335820.5025436072, -453230.2585542412, -571884.8878759535, -617355.0855952539, -699596.2214244336, -781203.4851591508, -824539.15672128, -919425.1585852685, -1026054.4088070858, -1140181.5834389066, -1196767.8803514652, -1297655.4294898568, -1359650.8084499822, -1364972.6090952095, -1295639.120188205, -1207497.979484966, -888887.0459770893, -359959.89035136055, -72782.40267745017, -339417.5686475794, -452877.367617269, -575025.1141244753, -614792.061879054, -701377.15954452, -780586.6317090045, -823888.6544844697, -918813.1280554901, -1024971.2897820468, -1139439.991803891, -1196063.3947012413, -1296466.7977488874, -1358926.985065917, -1364539.288580401, -1294394.5038169147, -1207911.518457873, -887810.0320918948, -361191.25664078665, -70132.80680596334
34, -335820.5039445048, -453230.2606238211, -571884.890723973, -617355.0888091724, -699596.2253773276, -781203.4899189678, -824539.1619222854, -919425.1647711447, -1026054.4160991969, -1140181.5919571184, -1196767.8893853526, -1297655.4399683236, -1359650.8184957127, -1364972.6219940493, -1295639.0864154026, -1207497.9263863482, -888887.0143649837, -359959.8821186901, -72782.40202357344, -339417.56646320794, -452877.36729714216, -575025.113694249, -614792.0614432282, -701377.1590536911, -780586.6311868649, -823888.6539363107, -918813.1276246335, -1024971.2864616911, -1139440.0069165453, -1196063.383069765, -1296466.9346401026, -1358926.1524081943, -1364540.032684565, -1294405.0204745384, -1207916.4271134941, -887809.5112413893, -361191.14992184367, -70131.96887364876
35, -335820.3482462006, -453230.0208026639, -571884.6350692507, -617354.8329780875, -699595.9767538514, -781203.2529348824, -824538.9316073137, -919424.9495608169, -1026054.2209382071, -1140181.4273968185, -1196767.7466011697, -1297655.3589813309, -1359650.833271971, -1364972.695494166, -1295639.3545768077, -1207498.294098483, -888887.48904162, -359960.24811876647, -72782.51900301418, -339416.9386460545, -452876.5564430385, -575024.0781635467, -614790.951513085, -701375.8869809462, -780585.2105339824, -823887.1521196294, -918811.4491849289, -1024969.4151908839, -1139437.9081829987, -1196061.2091124852, -1296464.4319529894, -1358924.510458243, -1364536.8063804547, -1294392.1543244512, -1207909.3285609672, -887808.4225425166, -361190.5976575669, -70132.67198583472
36, -335820.4879010488, -453230.2341853037, -571884.8572367037, -617355.0530557366, -699596.185283001, -781203.4460494528, -824539.1163184186, -919425.1159637931, -1026054.3647138416, -1140181.5391377066, -1196767.8366444814, -1297655.3887977668, -1359650.7736824108, -1364972.5784489214, -1295639.099852861, -1207497.964969608, -888887.0425637064, -359959.8926084031, -72782.40370259718, -339417.5613695704, -452877.3597259131, -575025.1040756615, -614792.0510928413, -701377.1471882688, -780586.6177844901, -823888.639775815, -918813.1114629058, -1024971.2711344699, -1139439.9709189301, -1196063.3727239398, -1296466.7738281, -1358926.959839345, -1364539.2632241123, -1294394.479628908, -1207911.4959186113, -887810.0154617812, -361191.2496933175, -70132.80535041625
37, -335820.5017586638, -453230.25816879555, -571884.8871697884, -617355.0849618147, -699596.2211111764, -781203.4852548286, -824539.1570027323, -919425.1591598308, -1026054.4095604981, -1140181.58422869, -1196767.8811140354, -1297655.430103276, -1359650.8087972167, -1364972.6092847877, -1295639.1200131425, -1207497.9791302055, -888887.0453864061, -359959.8899315186, -72782.40253304775, -339417.5681485025, -452877.36755297636, -575025.1140742555, -614792.0618519967, -701377.159536236, -780586.6316867617, -823888.654457788, -918813.1280340487, -1024971.2897174393, -1139439.9917359948, -1196063.3945798334, -1296466.7976904027, -1358926.9849248747, -1364539.288467697, -1294394.5037556891, -1207911.5183610488, -887810.0321611395, -361191.2564885918, -70132.8068968872
38, -335820.498794008, -453230.25784442946, -571884.8919251615, -617355.0903902865, -699596.2266158693, -781203.489337722, -824539.1598365454, -919425.158297743, -1026054.4031639772, -1140181.570161899, -1196767.8623355513, -1297655.4001131011, -1359650.7655721125, -1364972.5590142976, -1295639.05637976, -1207497.9103265174, -888886.9747230869, -359959.8447009989, -72782.38919637544, -339417.55602996715, -452877.3559033441, -575025.0985712011, -614792.0449272636, -701377.1395465867, -780586.6087519078, -823888.6298972196, -918813.0999713643, -1024971.2579035971, -1139439.955825818, -1196063.3568304437, -1296466.7564258312, -1358926.9416099929, -1364539.2448985393, -1294394.462552174, -1207911.4801935158, -887810.0043257615, -361191.245376216, -70132.8042865658
39, -335820.5030975924, -453230.25927892176, -571884.8888052064, -617355.0864868963, -699596.2222032127, -781203.4858010989, -824539.157292057, -919425.1590334394, -1026054.4091437686, -1140181.5836701384, -1196767.880535752, -1297655.4295707433, -1359650.8084152022, -1364972.6089968374, -1295639.1199667852, -1207497.9792062358, -888887.0456277417, -359959.89011067874, -72782.40260802282, -339417.56836996204, -452877.367556926, -575025.1139582968, -614792.0616814822, -701377.1592959436, -780586.6313782712, -823888.6541396277, -918813.127663103, -1024971.2893325825, -1139439.991302931, -1196063.3942003173, -1296466.797179303, -1358926.9845315297, -1364539.288070779, -1294394.5033083335, -1207911.5181041511, -887810.0318892755, -361191.25639932544, -70132.80700997452
40, -335833.4602163952, -453249.78170233313, -571905.3849762229, -617375.2894423781, -699615.0998091403, -781220.3946958055, -824554.9112624282, -919438.3561582102, -1026064.6530026863, -1140188.3674847495, -1196772.7325742918, -1297656.0700832866, -1359647.0487325839, -1364966.7594873603, -1295629.9250481292, -1207487.864348654, -888877.6616143937, -359955.674325966, -72781.6118691473, -339409.2063185568, -452869.41211751814, -575026.4909713855, -614793.3761901413, -701373.6034610111, -780585.7951158618, -823888.054407696, -918811.0563433552, -1024969.426347669, -1139437.890519486, -1196061.3153627466, -1296465.0887383008, -1358925.7747640482, -1364538.55340545, -1294395.1583984625, -1207913.2140395425, -887809.2663990015, -361199.003414199, -70144.87496944715
41, -335833.4602163952, -453249.78170233313, -571905.3849762229, -617375.2894423781, -699615.0998091403, -781220.3946958055, -824554.9112624282, -919438.3561582102, -1026064.6530026863, -1140188.3674847495, -1196772.7325742918, -1297656.0700832866, -1359647.0487325839, -1364966.7594873603, -1295629.9250481292, -1207487.864348654, -888877.6616143937, -359955.674325966, -72781.6118691473, -339409.2063185568, -452869.41211751814, -575026.4909713855, -614793.3761901413, -701373.6034610111, -780585.7951158618, -823888.054407696, -918811.0563433552, -1024969.426347669, -1139437.890519486, -1196061.3153627466, -1296465.0887383008, -1358925.7747640482, -1364538.55340545, -1294395.1583984625, -1207913.2140395425, -887809.2663990015, -361199.003414199, -70144.87496944715
42, -335833.4616156607, -453249.78376770765, -571905.3878181153, -617375.2926456237, -699615.1037381503, -781220.3994157938, -824554.916421437, -919438.3623005004, -1026064.6602726937, -1140188.3760194455, -1196772.7416362432, -1297656.0806048568, -1359647.058808227, -1364966.772408737, -1295629.8912842365, -1207487.8112558618, -888877.6300005848, -359955.6660916716, -72781.61121533401, -339409.20624511223, -452869.41179428244, -575026.4905617323, -614793.3757397153, -701373.6029467729, -780585.7946116311, -823888.0538443043, -918811.0559371522, -1024969.4230561956, -1139437.9056797342, -1196061.3037376404, -1296465.225543584, -1358924.9421746687, -1364539.2974014464, -1294405.675157757, -1207918.122600255, -887808.7454379566, -361198.8968406662, -70144.03751210336
43, -335833.30752332765, -453249.5457963323, -571905.133660984, -617375.0380172915, -699614.8557596295, -781220.1625812541, -824554.686043304, -919438.1467903014, -1026064.4647768848, -1140188.2111314314, -1196772.5985535074, -1297655.9993449855, -1359647.0734132086, -1364966.8458052247, -1295630.1594554146, -1207488.1790331844, -888878.1047297148, -359956.0320875997, -72781.72818569138, -339408.661641827, -452868.6009269761, -575025.4550646732, -614792.2655176534, -701372.3307340338, -780584.3737160824, -823886.5527791698, -918809.3783893493, -1024967.5526576049, -1139435.8079418596, -1196059.128923083, -1296462.72198295, -1358923.2993054215, -1364536.0720279724, -1294392.8097945647, -1207911.0227763895, -887807.6555944749, -361198.34321239544, -70144.74672677965
44, -335833.44559150765, -453249.75734797324, -571905.3543529925, -617375.2569132147, -699615.0636682758, -781220.3555763728, -824554.8708479861, -919438.3135253708, -1026064.6089036963, -1140188.3231967273, -1196772.6888839516, -1297656.029412048, -1359647.0139785598, -1364966.728852583, -1295629.904712042, -1207487.8498318626, -888877.6581941742, -359955.6765785182, -72781.61289350122, -339409.20071469457, -452869.40421684156, -575026.4809161534, -614793.3653863582, -701373.5910430145, -780585.7812283903, -823888.0396469401, -918811.0397915639, -1024969.407670621, -1139437.8696161273, -1196061.2934112053, -1296465.0646728368, -1358925.7495107346, -1364538.5279280425, -1294395.13421974, -1207913.1914360353, -887809.2496823062, -361198.996530378, -70144.87388061135
45, -335833.4594497347, -453249.78132462344, -571905.3842776559, -617375.2888105485, -699615.0994879481, -781220.3947720841, -824554.9115222564, -919438.3567085792, -1026064.6537380486, -1140188.3682807717, -1196772.7333510416, -1297656.0707162751, -1359647.0490967804, -1364966.7596836921, -1295629.9248727448, -1207487.863995205, -888877.6610177294, -359955.6739031336, -72781.61172373305, -339409.20782591274, -452869.4120460472, -575026.490942529, -614793.3761433845, -701373.6034249298, -780585.7951097668, -823888.0543883685, -918811.0563334059, -1024969.4262976886, -1139437.8904635664, -1196061.3152727091, -1296465.088566425, -1358925.774675376, -1364538.55327152, -1294395.1582882614, -1207913.2137997726, -887809.2664165592, -361199.00338861055, -70144.87571113263
46, -335833.4566720647, -453249.78122257575, -571905.3892109061, -617375.2943893189, -699615.1050968873, -781220.3989217419, -824554.9143999001, -919438.3558618337, -1026064.6473284318, -1140188.3541645152, -1196772.714506764, -1297656.0406615627, -1359647.0058246434, -1364966.7093860027, -1295629.8612468462, -1207487.7952163431, -888877.590394706, -359955.62869572965, -72781.59839252837, -339409.2027913355, -452869.4003886088, -575026.4754441632, -614793.3592113042, -701373.5834156134, -780585.7721831015, -823888.0298934584, -918811.0283879087, -1024969.3945715555, -1139437.854670766, -1196061.2774663859, -1296465.047324408, -1358925.7312115603, -1364538.5098071578, -1294395.117300355, -1207913.1755648723, -887809.238499445, -361198.99214458803, -70144.87347153356
47, -335833.4608327005, -453249.78249675327, -571905.3859659042, -617375.2903833394, -699615.100625582, -781220.3953639293, -824554.9118577652, -919438.3566192132, -1026064.6533371282, -1140188.3677016194, -1196772.7327340818, -1297656.0701370968, -1359647.0486804256, -1364966.7593785035, -1295629.924823583, -1207487.8640777988, -888877.6612726991, -359955.674089159, -72781.61180022833, -339409.20770664036, -452869.41204984224, -575026.490832475, -614793.3759837762, -701373.6032100786, -780585.7947876815, -823888.0540643921, -918811.0559778804, -1024969.4259442961, -1139437.8900104798, -1196061.3149116328, -1296465.088130044, -1358925.774196117, -1364538.5528200236, -1294395.157905359, -1207913.2134866216, -887809.2661292626, -361199.00331289874, -70144.87524336079
48, -335830.1232553264, -453243.3918623716, -571897.954337162, -617367.4347897889, -699606.8591280794, -781212.0424932549, -824546.5600490144, -919430.1256883258, -1026056.7299040863, -1140181.0197874105, -1196765.8062772052, -1297650.3162858922, -1359642.986280103, -1364963.7632951622, -1295629.491224592, -1207488.8589067785, -888881.2875320973, -359959.5049538617, -72782.98595823566, -339399.49417122663, -452865.8602822597, -575031.7122417283, -614798.4777153998, -701374.0713441569, -780588.5843720397, -823890.9491092345, -918812.5691917427, -1024971.1378995904, -1139439.432283965, -1196062.8526049925, -1296467.0428696135, -1358927.9571474304, -1364540.8184118564, -1294398.231679096, -1207916.713696224, -887809.6967649214, -361206.4434912602, -70155.26077535978
49, -335830.1232553264, -453243.3918623716, -571897.954337162, -617367.4347897889, -699606.8591280794, -781212.0424932549, -824546.5600490144, -919430.1256883258, -1026056.7299040863, -1140181.0197874105, -1196765.8062772052, -1297650.3162858922, -1359642.986280103, -1364963.7632951622, -1295629.491224592, -1207488.8589067785, -888881.2875320973, -359959.5049538617, -72782.98595823566, -339399.49417122663, -452865.8602822597, -575031.7122417283, -614798.4777153998, -701374.0713441569, -780588.5843720397, -823890.9491092345, -918812.5691917427, -1024971.1378995904, -1139439.432283965, -1196062.8526049925, -1296467.0428696135, -1358927.9571474304, -1364540.8184118564, -1294398.231679096, -1207916.713696224, -887809.6967649214, -361206.4434912602, -70155.26077535978
50, -335830.1246754754, -453243.39396229124, -571897.9572211881, -617367.4380343042, -699606.8631039644, -781212.0472616553, -824546.565257099, -919430.1318704574, -1026056.7371880787, -1140181.028290677, -1196765.815291319, -1297650.3267455823, -1359642.996312901, -1364963.7761879014, -1295629.457446263, -1207488.8058095027, -888881.2559150945, -359959.49671940063, -72782.98530410258, -339399.4915573324, -452865.8599497873, -575031.7118276649, -614798.4772778869, -701374.0708371366, -780588.5838992903, -823890.9485243838, -918812.5687912392, -1024971.1345681974, -1139439.4473917633, -1196062.8409764199, -1296467.1797596714, -1358927.1245381206, -1364541.5623858094, -1294408.748336793, -1207921.6223020353, -887809.1757990685, -361206.33690664056, -70154.42258445435
51, -335829.9695392099, -453243.1550035988, -571897.7023853108, -617367.1828362398, -699606.614663499, -781211.8099575903, -824546.3344368852, -919429.9160312105, -1026056.5415561444, -1140180.8635152606, -1196765.6723709172, -1297650.2457703014, -1359643.0111723025, -1364963.8497854765, -1295629.7256734911, -1207489.173511997, -888881.730511444, -359959.86267804547, -72783.10227929242, -339398.8821608811, -452865.04911299463, -575030.6763139798, -614797.3671622624, -701372.7985959167, -780587.1630685411, -823889.4467794732, -918810.8904637746, -1024969.2635988558, -1139437.3487927653, -1196060.6668172856, -1296464.6769315873, -1358925.4825075278, -1364538.3362706935, -1294395.8824834125, -1207914.5234365321, -887808.0868622719, -361205.7845975587, -70155.12799460604
52, -335830.10863882984, -453243.36753058794, -571897.9237394985, -617367.4022857691, -699606.8230189362, -781212.0034080492, -824546.519667253, -919430.0830817791, -1026056.6858149215, -1140180.9754785546, -1196765.7625499158, -1297650.2755679954, -1359642.9514948425, -1364963.732642116, -1295629.4708788744, -1207488.8443883022, -888881.2841136622, -359959.5072061683, -72782.98698251416, -339399.48617671244, -452865.8523768989, -575031.7021975353, -614798.4669367969, -701374.058958726, -780588.5704698897, -823890.9343195695, -918812.5526329073, -1024971.1192242331, -1139439.4113798572, -1196062.8306234127, -1296467.0189333106, -1358927.9318856653, -1364540.7929362757, -1294398.2074446632, -1207916.6910807332, -887809.6799999627, -361206.43666016427, -70155.25874679594
53, -335830.1225031248, -453243.39151871967, -571897.9536831467, -617367.4342014422, -699606.8588476774, -781212.0426032367, -824546.5603394997, -919430.1262589865, -1026056.7306463748, -1140181.0205598057, -1196765.807009901, -1297650.3168688507, -1359642.9866105607, -1364963.7634706395, -1295629.491039287, -1207488.8585482126, -888881.2869328412, -359959.50452951546, -72782.98581292799, -339399.49306716624, -452865.8602110458, -575031.7122039758, -614798.4776888962, -701374.0713408242, -780588.5843561679, -823890.9490395408, -918812.5692015759, -1024971.1378775972, -1139439.432196041, -1196062.8525679656, -1296467.0428403113, -1358927.9570216606, -1364540.818240088, -1294398.2315373193, -1207916.7135946678, -887809.6966288764, -361206.4434935048, -70155.26017168615
54, -335830.11958604853, -453243.39126587566, -571897.9585065923, -617367.4396804676, -699606.8643574186, -781212.0466353163, -824546.563101289, -919430.1253122782, -1026056.7241954608, -1140181.0064833304, -1196765.7882400453, -1297650.2869104838, -1359642.9434142783, -1364963.7132328425, -1295629.4274296444, -1207488.789760497, -888881.2162774773, -359959.4593065126, -72782.97247945327, -339399.4837402798, -452865.84855135233, -575031.696706858, -614798.4607774618, -701374.0512919968, -780588.5614307695, -823890.92446105, -918812.5412061514, -1024971.1060370493, -1139439.396333893, -1196062.8146991632, -1296467.0015740215, -1358927.9136803478, -1364540.7747129875, -1294398.1903655871, -1207916.6753849685, -887809.6688836557, -361206.43223567645, -70155.25822175227
55, -335830.12385774875, -453243.39265428274, -571897.955340058, -617367.4357481665, -699606.8599595637, -781212.0431750208, -824546.5606517043, -919430.1261547798, -1026056.7302412662, -1140181.0199883943, -1196765.806412942, -1297650.316312122, -1359642.9862099113, -1364963.7631796042, -1295629.4909975084, -1207488.8586335252, -888881.2871893067, -359959.5047165522, -72782.98588959298, -339399.4925281439, -452865.86021298583, -575031.712082379, -614798.4775325612, -701374.0710937111, -780588.5840885369, -823890.9487279485, -918812.5688501111, -1024971.1374519789, -1139439.431750942, -1196062.8521419223, -1296467.0423502473, -1358927.9565488927, -1364540.8177839445, -1294398.2311151938, -1207916.71326339, -887809.6964758992, -361206.4433613246, -70155.26042490907
56, -335844.1446124954, -453264.83436218405, -571921.3219803055, -617390.8780481719, -699629.3761901195, -781232.8012460276, -824566.2293700465, -919447.2815224524, -1026070.850320886, -1140191.4347712733, -1196774.0848727026, -1297653.7734256987, -1359641.1027982878, -1364959.168303656, -1295619.9878247865, -1207477.5257421904, -888868.9405122108, -359952.25998871966, -72781.09954002885, -339396.9822912291, -452860.26866819203, -575030.3448644248, -614797.0203775733, -701370.0802084042, -780585.7902825058, -823888.2294617905, -918808.8851686369, -1024967.2499317772, -1139435.0887466758, -1196058.3817508966, -1296462.382343793, -1358923.3543106208, -1364536.549817996, -1294394.9321588017, -1207914.268235083, -887806.9918414243, -361209.291174658, -70161.4253809141
57, -335833.8274138693, -453249.0179079251, -571904.0362200654, -617373.4950818591, -699612.5513119296, -781217.12270804, -824551.2733991686, -919434.0027265637, -1026059.6177518653, -1140182.7307914842, -1196766.8553901752, -1297649.9100310276, -1359641.012466387, -1364961.01711847, -1295625.4059032097, -1207484.3211470908, -888876.701394471, -359956.8604727755, -72782.2842238041, -339397.9511261085, -452863.9228890053, -575030.5344617658, -614797.2603774625, -701372.240130429, -780586.8905319909, -823889.2099318695, -918810.5207881896, -1024968.8936864925, -1139436.9781307543, -1196060.26433509, -1296464.2615794903, -1358925.1571669674, -1364538.0770193848, -1294395.760066141, -1207914.5603914284, -887807.9574952043, -361206.5864167565, -70156.50505965098
58, -335833.8274138693, -453249.0179079251, -571904.0362200654, -617373.4950818591, -699612.5513119296, -781217.12270804, -824551.2733991686, -919434.0027265637, -1026059.6177518653, -1140182.7307914842, -1196766.8553901752, -1297649.9100310276, -1359641.012466387, -1364961.01711847, -1295625.4059032097, -1207484.3211470908, -888876.701394471, -359956.8604727755, -72782.2842238041, -339397.9511261085, -452863.9228890053, -575030.5344617658, -614797.2603774625, -701372.240130429, -780586.8905319909, -823889.2099318695, -918810.5207881896, -1024968.8936864925, -1139436.9781307543, -1196060.26433509, -1296464.2615794903, -1358925.1571669674, -1364538.0770193848, -1294395.760066141, -1207914.5603914284, -887807.9574952043, -361206.5864167565, -70156.50505965098
59, -335833.8288006554, -453249.01996115025, -571904.0390554655, -617373.4982786278, -699612.5552390732, -781217.1274273536, -824551.2785554186, -919434.0088686044, -1026059.6250222571, -1140182.7393273066, -1196766.8644544012, -1297649.9205561306, -1359641.022544214, -1364961.0300416718, -1295625.372144909, -1207484.2680518837, -888876.6697775129, -359956.8522364944, -72782.28357015531, -339397.9502437109, -452863.92257093586, -575030.5340305788, -614797.259955981, -701372.2396342707, -780586.8899828242, -823889.2094200766, -918810.5203385588, -1024968.890395974, -1139436.9932426761, -1196060.2526925958, -1296464.3984226568, -1358924.324582604, -1364538.8210477638, -1294406.2768332437, -1207919.469102427, -887807.4364852257, -361206.4798075581, -70155.66674921606
60, -335833.6747058014, -453248.78224262694, -571903.7852472371, -617373.2439984607, -699612.3074290364, -781216.8904619396, -824551.0479304714, -919433.7930196419, -1026059.4292284902, -1140182.574192856, -1196766.7211530306, -1297649.8391874267, -1359641.0371947347, -1364961.1034813742, -1295625.6403461809, -1207484.6358322513, -888877.1444478268, -359957.21819457854, -72782.40053544105, -339397.3805868892, -452863.11174063885, -575029.4985665425, -614796.1496998173, -701370.9674271154, -780585.4691301852, -823887.7080444011, -918808.8425889126, -1024967.0198860565, -1139434.8951330283, -1196058.0779655084, -1296461.8953504418, -1358922.6821106083, -1364535.5953612328, -1294393.4114470058, -1207912.3694131826, -887806.3469803268, -361205.9269298505, -70156.37524208752
61, -335833.8128023754, -453248.99358139356, -571904.0056262042, -617373.4625818658, -699612.5151969609, -781217.0836130315, -824551.2330052261, -919433.9601090064, -1026059.5736565681, -1140182.6864854041, -1196766.8116738657, -1297649.8693295275, -1359640.9776886208, -1364960.9864721587, -1295625.385560478, -1207484.3066290624, -888876.6979705264, -359956.86272365734, -72782.28524792599, -339397.94431738416, -452863.9149851744, -575030.5243953767, -614797.2496042695, -701372.2277186413, -780586.8766158073, -823889.1951883294, -918810.5042039551, -1024968.8750358225, -1139436.9572023465, -1196060.2423317663, -1296464.2375378918, -1358925.1319343706, -1364538.0515177795, -1294395.7358662193, -1207914.537711506, -887807.9407907403, -361206.57953980134, -70156.50335785531
62, -335833.82664277067, -453249.0175362644, -571904.035534579, -617373.4944691214, -699612.5510219065, -781217.1228254104, -824551.273703645, -919434.0033170772, -1026059.6185032259, -1140182.7315659951, -1196766.8561286833, -1297649.910613855, -1359641.0127898797, -1364961.0172830296, -1295625.4057125002, -1207484.320781119, -888876.7007953165, -359956.8600490551, -72782.28407792238, -339397.9492860932, -452863.9228252803, -575030.5344024753, -614797.2603642312, -701372.2401276081, -780586.8904922412, -823889.2099251569, -918810.5207061144, -1024968.8936424556, -1139436.9779995792, -1196060.2642535332, -1296464.2615154556, -1358925.1571020926, -1364538.0768725483, -1294395.7599298572, -1207914.5603802947, -887807.9574553176, -361206.5863643066, -70156.50513187103
63, -335833.8238153842, -453249.0173900636, -571904.0404461116, -617373.5000224747, -699612.5565590813, -781217.1268410598, -824551.2764271288, -919434.002317078, -1026059.61201371, -1140182.71747197, -1196766.8373556696, -1297649.880670451, -1359640.9696198588, -1364960.967070718, -1295625.3421291201, -1207484.2520194903, -888876.630155697, -359956.8148307245, -72782.27074593326, -339397.9458847614, -452863.9111636633, -575030.5189138884, -614797.2434305375, -701372.2200816622, -780586.8675412305, -823889.1853955714, -918810.4927831343, -1024968.8618636604, -1139436.9422489353, -1196060.22638944, -1296464.2201796083, -1358925.1136346385, -1364538.033432177, -1294395.7188838576, -1207914.522061162, -887807.9296253901, -361206.5751024192, -70156.50318455353
64, -335833.82800482726, -453249.0186794053, -571904.037196489, -617373.4960160294, -699612.5521235892, -781217.1233682046, -824551.2739856527, -919434.0031803213, -1026059.6180830924, -1140182.7310028104, -1196766.8555463427, -1297649.9100874655, -1359641.0124189872, -1364961.017016089, -1295625.4056855165, -1207484.3208743732, -888876.7010536112, -359956.8602351199, -72782.28415523058, -339397.9505031424, -452863.92282862664, -575030.5342962053, -614797.2601964809, -701372.2398776592, -780586.8902067569, -823889.2095887712, -918810.5203671819, -1024968.8932655908, -1139436.977633431, -1196060.2638283572, -1296464.2610628882, -1358925.1565590578, -1364538.0764192797, -1294395.7596367598, -1207914.5600256303, -887807.957215786, -361206.5862386675, -70156.5049230812
