s
0.016666666666666666, 0.08333333333333334, 0.18333333333333335, 0.31666666666666665, 0.38333333333333336, 0.5166666666666666, 0.6166666666666666, 0.7166666666666666, 0.8166666666666667, 0.9166666666666666, 0.9833333333333333
iteration, j dot B Redl, j dot B vmec
0, -199732.50709055227, -314001.14161898976, -387044.429463975, -469498.3819025137, -517037.1204858228, -620281.0005999375, -672621.1321275941, -649445.7486536135, -498037.35749569547, -207908.22370163325, -15507.64014751115, -109726.1806586534, -200537.16341045723, -170981.5758327133, 31231.56431268452, 117837.49265940941, 80809.87936380437, -184986.87963504106, -508826.2967441527, -709528.3112568964, -583965.2941280004, -249899.44996095152
1, -199732.50709055227, -314001.14161898976, -387044.429463975, -469498.3819025137, -517037.1204858228, -620281.0005999375, -672621.1321275941, -649445.7486536135, -498037.35749569547, -207908.22370163325, -15507.64014751115, -109726.1806586534, -200537.16341045723, -170981.5758327133, 31231.56431268452, 117837.49265940941, 80809.87936380437, -184986.87963504106, -508826.2967441527, -709528.3112568964, -583965.2941280004, -249899.44996095152
2, -199732.50709055227, -314001.14161898976, -387044.429463975, -469498.3819025137, -517037.1204858228, -620281.0005999375, -672621.1321275941, -649445.7486536135, -498037.35749569547, -207908.22370163325, -15507.64014751115, -109726.1806586534, -200537.16341045723, -170981.5758327133, 31231.56431268452, 117837.49265940941, 80809.87936380437, -184986.87963504106, -508826.2967441527, -709528.3112568964, -583965.2941280004, -249899.44996095152
3, -199732.510166421, -314001.1426174637, -387044.4277367808, -469498.3763190724, -517037.1127170591, -620280.987606433, -672621.1145233206, -649445.726914049, -498037.33545470267, -207908.21132323518, -15507.639030877268, -109726.18055940935, -200537.16326671588, -170981.5757532852, 31231.564308266854, 117837.49268258808, 80809.87940741936, -184986.87981576545, -508826.29739858926, -709528.312439628, -583965.2953471596, -249899.45056194888
4, -199732.52927247804, -314001.17053479, -387044.4702110819, -469498.44229319226, -517037.1944559625, -620281.1140550856, -672621.286536963, -649445.943746008, -498037.5602426118, -207908.34266221916, -15507.652393283259, -109726.1793854338, -200537.16107037457, -170981.57391896332, 31231.564022734026, 117837.49159938647, 80809.87872481081, -184986.8782607922, -508826.29306465574, -709528.3062804036, -583965.2901102216, -249899.44811507035
5, -69052.84847409645, -148528.14745200268, -200464.60222704706, -259336.7175227327, -292640.1882101179, -363788.3537459344, -398844.3291865818, -382235.02282347484, -285114.2079989867, -113153.8822956796, -7646.760795820418, -115449.35443425475, -205713.9338394761, -167818.82901149616, 25228.073186608475, 112751.80950761634, 79488.5828760603, -185829.6502249579, -497593.9657262299, -689867.6603359898, -574101.6943020633, -247059.8657881724
6, -169319.44108183213, -275183.14345603145, -340768.44782053627, -415683.515320715, -458905.2852437033, -551512.3541850568, -595540.0750065781, -567877.6422754739, -424922.93866668904, -170122.47312832423, -11961.698020744327, -110512.14785553739, -200716.7132418464, -169312.69507644427, 30078.59045885684, 116418.1512164448, 80316.62694804255, -183788.00132760633, -503324.36501412524, -701187.1330446723, -579268.7801477285, -248641.2577037363
7, -192336.8843835317, -304343.91135149327, -375389.8163782947, -455875.63228713674, -502298.6389297422, -602768.7466611412, -652853.4045305923, -628255.274126811, -478647.0018733188, -197574.46835838226, -14502.886581790353, -109817.21071305008, -200396.66399436718, -170415.78177890813, 30935.997507009146, 117393.3898609802, 80617.05686689953, -184509.28478697364, -507011.91306359106, -706857.3730903942, -582328.5835338412, -249400.5829159601
8, -197899.18206569675, -311593.4733303831, -384131.44217977225, -466092.7157238387, -513352.8524311005, -615898.9519872662, -667662.9094180281, -644107.2611910887, -493122.6992061063, -205266.4091591556, -15248.37693989253, -109742.64928627547, -200491.03239804905, -170831.38828414693, 31157.176948299384, 117720.91250030162, 80757.23302937616, -184856.40261307464, -508344.5592560839, -708821.7788996717, -583523.6685243519, -249760.8872481255
9, -199280.15656731382, -313409.2409714019, -386332.4525626545, -468674.2173099729, -516149.56421422877, -619230.2414691853, -671430.0310606952, -648153.7540433102, -496835.2012494868, -207253.48034203303, -15442.809863286026, -109735.0431663231, -200534.16097535714, -170951.19352662133, 31214.25292238516, 117812.93378053296, 80799.68862981451, -184960.76408424508, -508723.1045468, -709374.6748365078, -583872.9434949917, -249872.2705703837
10, -199625.23193547723, -313863.62086538813, -386883.3817092077, -469320.2025159791, -516849.18805633194, -620063.1230078052, -672371.9987771785, -649166.4243712672, -497765.74458353734, -207752.7323496407, -15491.827361324602, -109733.34955283895, -200545.31514608845, -170981.4495327509, 31228.506903463687, 117836.13411992473, 80810.4814918066, -184987.31915102858, -508818.99203212355, -709514.6794850928, -583961.801349404, -249900.81151411292
11, -199709.7918364199, -313973.1583761284, -387011.78739052353, -469462.6442287689, -516999.934565034, -620240.367540346, -672578.0291202643, -649401.9352076341, -497998.5914630087, -207887.47276596344, -15505.501188825805, -109731.21554144593, -200545.05605698933, -170986.4768717038, 31231.651631893885, 117840.30633237268, 80812.09567664636, -184991.55147950436, -508836.56349987036, -709541.0867437246, -583977.1929356498, -249905.1120680218
12, -199709.7918364199, -313973.1583761284, -387011.78739052353, -469462.6442287689, -516999.934565034, -620240.367540346, -672578.0291202643, -649401.9352076341, -497998.5914630087, -207887.47276596344, -15505.501188825805, -109731.21554144593, -200545.05605698933, -170986.4768717038, 31231.651631893885, 117840.30633237268, 80812.09567664636, -184991.55147950436, -508836.56349987036, -709541.0867437246, -583977.1929356498, -249905.1120680218
13, -199709.7949146496, -313973.15937520005, -387011.78566389426, -469462.63864563213, -516999.9267992757, -620240.3545472252, -672578.0115087101, -649401.9134384114, -497998.56940441544, -207887.46038835344, -15505.500072030129, -109731.21543948256, -200545.05591554943, -170986.47678873863, 31231.65163312654, 117840.30634078413, 80812.09572133134, -184991.5516487732, -508836.56416042376, -709541.0879230036, -583977.1941266473, -249905.11276524776
14, -199709.81401708862, -313973.1872891295, -387011.82813212334, -469462.7046133402, -517000.0085257952, -620240.4809797294, -672578.1835188596, -649402.130291836, -497998.79419323534, -207887.59170487954, -15505.513431592393, -109731.21426807967, -200545.05371595887, -170986.4749576409, 31231.651342890356, 117840.30526868293, 80812.09504099435, -184991.5500941178, -508836.55980821664, -709541.0817425149, -583977.1888819684, -249905.1103264077
15, -199709.15681100189, -313969.8623942987, -387004.0780058754, -469445.92327176867, -516977.0119700802, -620200.3663741719, -672520.7726919245, -649326.9594748052, -497918.469484832, -207840.32277172006, -15500.843499197694, -109721.00599315163, -200528.69683439838, -170976.69998420548, 31228.66254577299, 117833.51183306932, 80807.43016891484, -184986.6019270793, -508821.6397913207, -709522.4015015612, -583963.7214186448, -249899.89752950222
16, -199708.52332328702, -313970.5218788737, -387007.4973624589, -469455.38598504686, -516990.6937331662, -620225.8056871216, -672558.3234342857, -649377.2813985345, -497973.1700952443, -207872.91598694248, -15504.08744332716, -109727.91500149755, -200539.55776225356, -170982.7267197986, 31230.72987492253, 117837.79301631132, 80810.3985745703, -184988.96145027748, -508829.3230951424, -709531.6795202793, -583970.0271131992, -249902.20799409185
17, -199708.52332328702, -313970.5218788737, -387007.4973624589, -469455.38598504686, -516990.6937331662, -620225.8056871216, -672558.3234342857, -649377.2813985345, -497973.1700952443, -207872.91598694248, -15504.08744332716, -109727.91500149755, -200539.55776225356, -170982.7267197986, 31230.72987492253, 117837.79301631132, 80810.3985745703, -184988.96145027748, -508829.3230951424, -709531.6795202793, -583970.0271131992, -249902.20799409185
18, -199708.5263758505, -313970.522850079, -387007.4956018847, -469455.3803651259, -516990.6859322805, -620225.7927025922, -672558.3058829486, -649377.2597065528, -497973.1480619499, -207872.90360326777, -15504.086325729364, -109727.91490390967, -200539.55762139865, -170982.72663879127, 31230.729876056583, 117837.79302996024, 80810.3986159481, -184988.961615692, -508829.3237280509, -709531.6807002096, -583970.0283260957, -249902.2085464456
19, -199708.5455122093, -313970.55080327095, -387007.53811540897, -469455.44638392265, -516990.76771152834, -620225.919139059, -672558.4778118045, -649377.476438368, -497973.3728001845, -207873.03492084978, -15504.099685521018, -109727.91372973802, -200539.55541980392, -170982.72480124808, 31230.72958925973, 117837.79194379614, 80810.39792602148, -184988.96005876962, -508829.3194004537, -709531.6745581978, -583970.0230887964, -249902.20620405342
