s
0.016666666666666666, 0.15, 0.31666666666666665, 0.5166666666666666, 0.6833333333333332, 0.8166666666666667, 0.9833333333333333
iteration, j dot B Redl, j dot B vmec
0, -228315.77199173163, -410605.5444054968, -527368.5307082885, -701009.2142938168, -778153.9920026481, -613896.6343956691, -23314.659127741896, -102755.45119693587, -191320.73599710682, 28745.879135473475, 79759.11050836112, -397676.0043166854, -686747.3839675745, -235410.08913921594
1, -228315.77199173163, -410605.5444054968, -527368.5307082885, -701009.2142938168, -778153.9920026481, -613896.6343956691, -23314.659127741896, -102755.45119693587, -191320.73599710682, 28745.879135473475, 79759.11050836112, -397676.0043166854, -686747.3839675745, -235410.08913921594
2, -228315.77199173163, -410605.5444054968, -527368.5307082885, -701009.2142938168, -778153.9920026481, -613896.6343956691, -23314.659127741896, -102755.45119693587, -191320.73599710682, 28745.879135473475, 79759.11050836112, -397676.0043166854, -686747.3839675745, -235410.08913921594
3, -228312.17780753248, -410598.5774040527, -527358.2767579646, -700993.2223953442, -778132.9913928258, -613876.6241179975, -23313.544015135, -102752.00469655226, -191314.46572339762, 28745.017502655395, 79756.71285029051, -397664.37487800996, -686727.826654051, -235403.48456423616
4, -222231.34815873663, -396867.74257347663, -522169.0634133365, -711368.050591765, -809345.7644580872, -647898.3787557827, -25170.82415531564, -419132.9468961251, -456734.95985221537, 233627.42573334504, 180499.75016681594, 15924.532155696113, -1056227.8498071474, -366930.7718153591
5, -220072.65869675585, -394828.1873504608, -512982.77620353387, -689958.6995201856, -771409.3199850306, -608759.2120545999, -22698.851189564946, -254291.32089077384, -333750.87337368075, 136706.64736922708, 125695.7283392543, -205828.30973817105, -771019.6639706386, -337726.70765415253
6, -226210.8274822777, -406499.4202603088, -523624.73385095247, -698124.4628616064, -776189.7837493708, -612308.1957800991, -23134.21005584486, -141500.80261536344, -228714.9392127591, 58196.39232702287, 91467.5224906687, -348112.42152923247, -700351.1302794209, -263085.0212252379
7, -227999.48828931915, -409905.8916039936, -526845.618434164, -700849.623675871, -778383.5787495223, -614252.8885081483, -23326.243634394406, -112387.76745013938, -200593.55910032836, 36260.27040719173, 82753.79847838054, -385046.67381983926, -689577.5414658113, -242322.6380893467
8, -228289.51413725072, -410509.30342014326, -527333.4906212079, -701096.237250254, -778379.9575254628, -614172.3113834055, -23333.09107985685, -105128.18104583793, -193582.64709173187, 30631.124387764627, 80511.28055738662, -394439.5752559962, -687309.7068863682, -237096.94196392846
9, -228289.51413725072, -410509.30342014326, -527333.4906212079, -701096.237250254, -778379.9575254628, -614172.3113834055, -23333.09107985685, -105128.18104583793, -193582.64709173187, 30631.124387764627, 80511.28055738662, -394439.5752559962, -687309.7068863682, -237096.94196392846
10, -228285.92025622656, -410502.3369430661, -527323.2349072271, -701080.2414783832, -778358.9513005991, -614152.2949093401, -23331.975179719535, -105124.65446902945, -193576.30166374537, 30630.203586906835, 80508.86001037635, -394428.038834877, -687290.1316814811, -237090.28949020163
11, -228140.10769401712, -410173.33476208604, -527088.7695805246, -701037.1051820691, -778515.9152106417, -614366.9491320753, -23339.576231109895, -109951.5904424686, -198237.55433716913, 34400.8742637453, 82009.70950562852, -388143.0965152392, -688735.5968343193, -240555.88340885163
12, -228266.463578961, -410446.543927307, -527297.6284787604, -701114.0190126362, -778456.1747411855, -614267.4161696312, -23338.598796859893, -106323.8581437154, -194729.90299053356, 31575.366314518746, 80886.86676690326, -392841.8231705013, -687624.1797963842, -237949.53542930164
13, -228285.14250007947, -410495.5021605681, -527326.7185047711, -701103.5398622837, -778403.0697903445, -614201.0324545468, -23334.939956163664, -105425.6221999025, -193867.04195098364, 30867.11133288107, 80604.9448707752, -394036.6691371422, -687382.0623099684, -237307.98951422682
14, -228285.14250007947, -410495.5021605681, -527326.7185047711, -701103.5398622837, -778403.0697903445, -614201.0324545468, -23334.939956163664, -105425.6221999025, -193867.04195098364, 30867.11133288107, 80604.9448707752, -394036.6691371422, -687382.0623099684, -237307.98951422682
15, -228281.54871331775, -410488.53581348713, -527316.4626636141, -701087.5436833726, -778382.0628679732, -614181.0153680046, -23333.823977870143, -105422.08559400045, -193860.68708805827, 30866.183106616543, 80602.52147957022, -394025.14432173193, -687362.484872617, -237301.33099086757
16, -228274.29794521845, -410465.27239602193, -527310.2776052991, -701114.486371526, -778443.9360645752, -614251.6026238267, -23337.932069763654, -106023.70081075757, -194440.23994027288, 31338.377805146178, 80792.15263018858, -393236.7586354058, -687537.1676040046, -237734.5117554085
17, -228274.29794521845, -410465.27239602193, -527310.2776052991, -701114.486371526, -778443.9360645752, -614251.6026238267, -23337.932069763654, -106023.70081075757, -194440.23994027288, 31338.377805146178, 80792.15263018858, -393236.7586354058, -687537.1676040046, -237734.5117554085
18, -228270.7045268779, -410458.3065284983, -527300.0217166359, -701098.4892094034, -778422.9279807252, -614231.5845501794, -23336.81596814458, -106020.14405940339, -194433.86608580034, 31337.434806808487, 80789.72357575416, -393225.25698223396, -687517.5854767475, -237727.84135200141
19, -228446.93723006867, -410740.99826356454, -527625.330783443, -701471.6934828213, -778869.6173102912, -614703.6754319551, -23375.696925636017, -105542.68802062774, -193679.55794202656, 31125.179370736314, 80614.47198210638, -393173.79789009644, -687266.6827344801, -237603.5826326748
20, -228304.98745924272, -410509.5217609707, -527352.5723900751, -701147.1502911367, -778475.8402666001, -614292.7930338263, -23343.289131835096, -105894.01728836556, -194233.0608035844, 31283.097369585008, 80741.17895518808, -393186.88231763704, -687413.0659569282, -237682.9982468154
21, -228304.98745924272, -410509.5217609707, -527352.5723900751, -701147.1502911367, -778475.8402666001, -614292.7930338263, -23343.289131835096, -105894.01728836556, -194233.0608035844, 31283.097369585008, 80741.17895518808, -393186.88231763704, -687413.0659569282, -237682.9982468154
22, -228301.39461109022, -410502.5567256941, -527342.3173304112, -701131.1537491232, -778454.8316148848, -614272.7748731637, -23342.172920670768, -105890.46474903323, -194226.69365163357, 31282.156066564305, 80738.75146526942, -393175.38281881623, -687393.4887525447, -237676.32964766165
23, -228319.49238664232, -410538.2884202406, -527397.0654515808, -701218.7256030901, -778571.0736840337, -614384.2842145349, -23348.33056884783, -105942.32541338271, -194291.33609892975, 31313.27815609313, 80761.29649970288, -393186.85387765395, -687496.9352542247, -237732.11640068144
24, -228319.49238664232, -410538.2884202406, -527397.0654515808, -701218.7256030901, -778571.0736840337, -614384.2842145349, -23348.33056884783, -105942.32541338271, -194291.33609892975, 31313.27815609313, 80761.29649970288, -393186.85387765395, -687496.9352542247, -237732.11640068144
25, -228315.89845787155, -410531.32171910023, -527386.8084197533, -701202.7271643644, -778550.0635245932, -614364.2645718108, -23347.214206413424, -105938.7711925386, -194284.96685716388, 31312.33587671906, 80758.8683061399, -393175.3536021816, -687477.3542792421, -237725.44606228752
26, -228320.28361591737, -410537.99327695335, -527400.5077788592, -701229.8397975813, -778591.3886647018, -614407.8830971965, -23350.06506330808, -106017.46135026753, -194364.06985261588, 31372.14820148111, 80784.95845508414, -393089.40451192146, -687519.6779168062, -237786.26893693238
27, -228320.28361591737, -410537.99327695335, -527400.5077788592, -701229.8397975813, -778591.3886647018, -614407.8830971965, -23350.06506330808, -106017.46135026753, -194364.06985261588, 31372.14820148111, 80784.95845508414, -393089.40451192146, -687519.6779168062, -237786.26893693238
28, -228316.6896860662, -410531.0265929297, -527390.2505874357, -701213.8409902258, -778570.3779114066, -614387.8626807083, -23348.94861809186, -106013.90458435306, -194357.69813889058, 31371.20406620126, 80782.52949790508, -393077.9069353196, -687500.0960482502, -237779.59688266774
29, -228318.9185858883, -410532.60383226286, -527400.2612748009, -701240.1843078332, -778614.222779533, -614435.2609719053, -23352.005974032887, -106167.93433628656, -194509.08589995833, 31489.74575961712, 80831.75043730972, -392892.1239192087, -687562.481436426, -237894.21756587533
30, -228318.9185858883, -410532.60383226286, -527400.2612748009, -701240.1843078332, -778614.222779533, -614435.2609719053, -23352.005974032887, -106167.93433628656, -194509.08589995833, 31489.74575961712, 80831.75043730972, -392892.1239192087, -687562.481436426, -237894.21756587533
31, -228315.32438523823, -410525.6368063021, -527390.0035714523, -701224.1851844447, -778593.2117930213, -614415.2399772942, -23350.889435965506, -106164.37249700034, -194502.70935680397, 31488.797940830096, 80829.3200455862, -392880.6318520794, -687542.8980137041, -237887.54225372412
32, -228308.56145654497, -410530.5414731234, -527421.7674270223, -701298.2829020582, -778693.856775837, -614494.8998184137, -23351.776434167627, -106450.89680501856, -194807.28415571392, 31698.026959424264, 80934.25584484555, -392664.764314521, -687820.0552424943, -238141.0947318322
33, -228314.3120743483, -410529.0747362912, -527401.0104876896, -701246.5567682306, -778621.1050349555, -614434.8614990246, -23350.674300052768, -106237.75228834336, -194582.89240648472, 31541.00574599589, 80857.12854828248, -392837.31007921376, -687627.7563847176, -237955.64346644754
34, -228317.17257510175, -410530.65114081884, -527398.829851148, -701239.1269360487, -778612.1760460838, -614431.2096586291, -23351.402222188226, -106184.87022306629, -194526.77778704782, 31502.324585076476, 80837.81917138008, -392877.69385199604, -687577.1153258904, -237908.89553618344
35, -228318.18975758896, -410531.52340026246, -527399.0196925655, -701238.5410760867, -778611.9120964521, -614432.5410629557, -23351.762580212286, -106171.84471624403, -194512.96426019736, 31492.788840736768, 80833.06611711792, -392887.67940103175, -687564.6504846627, -237897.3663642478
36, -228318.18975758896, -410531.52340026246, -527399.0196925655, -701238.5410760867, -778611.9120964521, -614432.5410629557, -23351.762580212286, -106171.84471624403, -194512.96426019736, 31492.788840736768, 80833.06611711792, -392887.67940103175, -687564.6504846627, -237897.3663642478
37, -228314.595520922, -410524.5563358102, -527388.7619650309, -701222.5420730688, -778590.9013120221, -614412.52019585, -23350.64605382148, -106168.2827548582, -194506.58761238906, 31491.8409170357, 80830.63569610524, -392876.18746993685, -687545.0670761944, -237890.6911692881
