s
0.016666666666666666, 0.08333333333333334, 0.15, 0.21666666666666667, 0.2833333333333333, 0.35, 0.4166666666666667, 0.5166666666666666, 0.5833333333333333, 0.6499999999999999, 0.7166666666666666, 0.7833333333333333, 0.85, 0.9166666666666666, 0.9833333333333333
iteration, j dot B Redl, j dot B vmec
0, -84934.631702081, -204477.9650150988, -266674.31326295657, -315723.7211090329, -361091.0289400062, -407781.636234997, -457210.5624409016, -531421.9346227825, -571267.7704441788, -590628.0122581052, -574320.4341602551, -505515.9373799879, -371588.05107053247, -180766.95191860636, -11547.612574474679, -123618.92780632559, -221201.39469430625, -219557.38344866075, -149469.34304095706, -42831.77785837476, 66638.98331763549, 132283.14467326875, 60001.93567433644, -111161.26504851136, -325655.0557033749, -540855.5226667009, -705777.6172805378, -751737.2529257052, -609060.8152834554, -256741.4801853013
1, -84934.631702081, -204477.9650150988, -266674.31326295657, -315723.7211090329, -361091.0289400062, -407781.636234997, -457210.5624409016, -531421.9346227825, -571267.7704441788, -590628.0122581052, -574320.4341602551, -505515.9373799879, -371588.05107053247, -180766.95191860636, -11547.612574474679, -123618.92780632559, -221201.39469430625, -219557.38344866075, -149469.34304095706, -42831.77785837476, 66638.98331763549, 132283.14467326875, 60001.93567433644, -111161.26504851136, -325655.0557033749, -540855.5226667009, -705777.6172805378, -751737.2529257052, -609060.8152834554, -256741.4801853013
2, -84934.631702081, -204477.9650150988, -266674.31326295657, -315723.7211090329, -361091.0289400062, -407781.636234997, -457210.5624409016, -531421.9346227825, -571267.7704441788, -590628.0122581052, -574320.4341602551, -505515.9373799879, -371588.05107053247, -180766.95191860636, -11547.612574474679, -123618.92780632559, -221201.39469430625, -219557.38344866075, -149469.34304095706, -42831.77785837476, 66638.98331763549, 132283.14467326875, 60001.93567433644, -111161.26504851136, -325655.0557033749, -540855.5226667009, -705777.6172805378, -751737.2529257052, -609060.8152834554, -256741.4801853013
3, -84934.63169447714, -204477.96504408, -266674.30993024673, -315723.7211077139, -361091.0293657145, -407781.63573516154, -457210.5624633275, -531421.934606842, -571267.7704716424, -590628.0122880994, -574320.4341401787, -505515.9373372045, -371588.05109827366, -180766.95206942252, -11547.612590925346, -123618.92778880474, -221201.39468437058, -219557.38342190918, -149469.3430358157, -42831.777836447596, 66638.98327549527, 132283.14467244013, 60001.93569155633, -111161.26496417602, -325655.055963015, -540855.5219604464, -705777.6184009863, -751737.2521947074, -609060.8091024389, -256741.9491446999
4, -84935.93475671354, -204482.48053311923, -266681.1425243927, -315738.5964970022, -361116.0759510668, -407815.03051580844, -457249.64876281226, -531460.0595040522, -571301.7408051061, -590653.6212998242, -574333.9757631415, -505515.95530561934, -371576.30248817295, -180753.01675009515, -11545.895439959328, -123619.07582697965, -221201.666951205, -219557.70492816714, -149469.60267418533, -42831.858482148346, 66639.06516958577, 132283.2795627661, 60001.96476641749, -111161.30329928549, -325654.992916615, -540855.0858776886, -705776.5618939535, -751735.409524682, -609058.2882338491, -256739.1220342154
5, -84934.58511430465, -204477.8510636092, -266674.1594762326, -315723.464787922, -361090.5175174156, -407780.99267950444, -457209.7347421906, -531420.5117158754, -571265.8065005698, -590625.7702204947, -574318.2556907475, -505514.1283758378, -371586.70381838, -180766.1001160717, -11547.50871375048, -123618.92961093341, -221201.39820333687, -219557.38526896125, -149469.3429338375, -42831.77851460727, 66638.98227802472, 132283.1465290008, 60001.93734069914, -111161.27016830203, -325655.0663774798, -540855.543211646, -705777.6441307694, -751737.2819287007, -609060.8323273623, -256741.4824998398
6, -84934.45469886361, -204477.62557333946, -266673.8237173442, -315722.5682045742, -361089.3913707065, -407779.84511524637, -457208.8138233416, -531420.6662745631, -571267.5420807694, -590628.9562845485, -574322.4976215565, -505518.5632515962, -371590.53002131253, -180768.54484929162, -11547.752867395468, -123618.91924750505, -221201.37964954117, -219557.36355119466, -149469.32590449293, -42831.77309285336, 66638.97565157908, 132283.1335295682, 60001.93263848543, -111161.26149852118, -325655.05197365955, -540855.5417274606, -705777.6796844541, -751737.3785848076, -609060.9991461807, -256741.6448597806
7, -241961.33293130255, -380960.064361296, -454361.4841562337, -517497.20327417616, -580729.3522618901, -649973.0211567881, -727645.584696125, -853827.6707340297, -930654.4081701426, -981473.0512825423, -980714.8126614713, -896835.8182081196, -698425.1301470995, -375692.67479304795, -31188.852621252794, -468514.519245793, -575344.8858501919, -522792.19673768466, -458124.1600325774, -437249.18521719065, -392895.6694174771, -383817.2240170578, -506113.0458132047, -676893.9013299353, -843082.7306200978, -965989.9056504248, -994152.2632608125, -889847.8641081684, -589347.6329552768, -182427.79902643018
8, -241961.33293130255, -380960.064361296, -454361.4841562337, -517497.20327417616, -580729.3522618901, -649973.0211567881, -727645.584696125, -853827.6707340297, -930654.4081701426, -981473.0512825423, -980714.8126614713, -896835.8182081196, -698425.1301470995, -375692.67479304795, -31188.852621252794, -468514.519245793, -575344.8858501919, -522792.19673768466, -458124.1600325774, -437249.18521719065, -392895.6694174771, -383817.2240170578, -506113.0458132047, -676893.9013299353, -843082.7306200978, -965989.9056504248, -994152.2632608125, -889847.8641081684, -589347.6329552768, -182427.79902643018
9, -241961.332931595, -380960.0643627965, -454361.4841588412, -517497.2032793988, -580729.3522667162, -649973.0211640985, -727645.5852998034, -853827.6707625736, -930654.4081868835, -981473.0513011578, -980714.8126640895, -896835.8182237779, -698425.1302745531, -375692.674781941, -31188.852654494378, -468514.51922687225, -575344.885832426, -522792.19673497416, -458124.16001042014, -437249.1852014519, -392895.6693931693, -383817.2240377195, -506113.0458409189, -676893.9011864422, -843082.7308320935, -965989.9051418252, -994152.2641065505, -889847.8636273313, -589347.6271390886, -182428.22182685454
10, -241961.3024748559, -380960.02685004857, -454361.4488056981, -517497.167737673, -580729.3236865376, -649973.0089758378, -727645.6034516316, -853827.7351602552, -930654.491474131, -981473.160631849, -980714.9457553808, -896835.9763079786, -698425.3249991825, -375692.8849166173, -31188.895519094007, -468514.4736208387, -575344.8325907316, -522792.15035910334, -458124.1209391408, -437249.1491242381, -392895.6379516416, -383817.19396833074, -506113.0072653421, -676893.8503854391, -843082.6674900182, -965989.8335250302, -994152.1896304055, -889847.7994206719, -589347.5912081834, -182427.78630509524
11, -241961.31362822087, -380960.0561183455, -454361.4830257752, -517497.20552151086, -580729.3572891264, -649973.0290467057, -727645.5973381229, -853827.683739901, -930654.4126452515, -981473.0479642998, -980714.8016228224, -896835.8066254207, -698425.1373948053, -375692.71393127204, -31188.86527672295, -468514.56093599566, -575344.9348188736, -522792.2392582416, -458124.1954863132, -437249.2172293649, -392895.69645424816, -383817.2487018575, -506113.07440516737, -676893.9358127711, -843082.7691915124, -965989.9449113521, -994152.2992112397, -889847.8929635775, -589347.6499366787, -182427.80341929485
12, -241961.30524043282, -380960.0035679645, -454361.3577259364, -517497.02255658386, -580729.076643511, -649972.5950033283, -727644.9310594895, -853826.6684294778, -930653.2348129172, -981471.6977715258, -980713.3179756406, -896834.2035986199, -698423.3875958079, -375691.0573777169, -31188.557813820575, -468514.5433815757, -575344.9133933884, -522792.2143065998, -458124.16985503025, -437249.18365252763, -392895.66975862824, -383817.2237261637, -506113.0356283187, -676893.8838931572, -843082.7102071362, -965989.8998845537, -994152.256508227, -889847.8536114088, -589347.6315785137, -182427.81244882336
13, -288517.16460206767, -446442.26034663944, -528640.9867656928, -597332.3474299958, -665357.5826492804, -739811.4205254572, -823870.6651887539, -963167.5517164255, -1051550.0437548603, -1115763.2403624305, -1128249.977205693, -1052493.4263780308, -846666.1764725411, -481895.73238783015, -45829.03024102313, -323340.80154747504, -468599.38929035235, -522792.8155875619, -563924.4333380887, -611686.1382290085, -660325.739026115, -722097.0392853252, -853471.8210786637, -957285.5254790529, -1037271.2313937373, -1070933.937833759, -1018606.9900800084, -837351.0525420124, -488161.9811280946, -65384.117141170296
14, -288517.16460206767, -446442.26034663944, -528640.9867656928, -597332.3474299958, -665357.5826492804, -739811.4205254572, -823870.6651887539, -963167.5517164255, -1051550.0437548603, -1115763.2403624305, -1128249.977205693, -1052493.4263780308, -846666.1764725411, -481895.73238783015, -45829.03024102313, -323340.80154747504, -468599.38929035235, -522792.8155875619, -563924.4333380887, -611686.1382290085, -660325.739026115, -722097.0392853252, -853471.8210786637, -957285.5254790529, -1037271.2313937373, -1070933.937833759, -1018606.9900800084, -837351.0525420124, -488161.9811280946, -65384.117141170296
15, -288517.16459398356, -446442.2603363848, -528640.986757701, -597332.347425449, -665357.582643964, -739811.4205245923, -823870.6651912186, -963167.5517264707, -1051550.0437709303, -1115763.2403861205, -1128249.9772254813, -1052493.426390608, -846666.1764698755, -481895.7323868809, -45829.03025170947, -323340.8014751657, -468599.3892927124, -522792.81557596015, -563924.4333582374, -611686.1382134783, -660325.7390097999, -722097.0393140721, -853471.8210940682, -957285.5254505103, -1037271.23148984, -1070933.9376437033, -1018606.9903717071, -837351.0523845416, -488161.97924128646, -65384.25485650475
16, -288517.1435134562, -446442.2240412965, -528640.9369775939, -597332.282350962, -665357.5007992258, -739811.3183406095, -823870.5376184386, -963167.3745561509, -1051549.8269428816, -1115762.9786948522, -1128249.6647927135, -1052493.0814383575, -846665.8349523441, -481895.47162756225, -45828.992797896135, -323340.6826020675, -468599.2556466325, -522792.6710033348, -563924.282683587, -611685.9773578513, -660325.5620556145, -722096.8556091005, -853471.605162182, -957285.2930839577, -1037270.9845375629, -1070933.6866299866, -1018606.7563737376, -837350.859426483, -488161.8602094542, -65384.103282885015
17, -288517.1405609051, -446442.24611388915, -528640.9732231206, -597332.3320199919, -665357.5637673105, -739811.3958060365, -823870.6316339108, -963167.4977340307, -1051549.969341153, -1115763.1397521347, -1128249.8447768078, -1052493.2636043774, -846665.9987391571, -481895.5875560014, -45829.00729825653, -323340.8276629448, -468599.4589486234, -522792.8911087281, -563924.513102435, -611686.2198811745, -660325.8162927086, -722097.125532657, -853471.9104443629, -957285.6256839088, -1037271.3347816567, -1070934.0381393225, -1018607.0816836208, -837351.1195409363, -488162.00759269967, -65384.12165129093
18, -288518.1043714945, -446442.0424698988, -528640.3047838635, -597331.2744033963, -665354.8890917707, -739808.0819945678, -823867.2879366331, -963165.8931107026, -1051550.035115826, -1115764.6298125274, -1128251.587742194, -1052492.296271538, -846660.2291604837, -481886.2521443734, -45827.49633007031, -323340.25587137556, -468599.367440507, -522792.79027627583, -563924.4042388825, -611686.1300632064, -660325.7587060138, -722097.0606924794, -853471.8509802836, -957285.5702978831, -1037271.2558280976, -1070933.9224182395, -1018606.9636235342, -837351.0147098985, -488161.93569927686, -65383.88013267757
19, -299907.46680111554, -464453.1581342948, -550066.3827832437, -621628.4978026594, -692515.3946049069, -770152.1267458491, -857983.0713392012, -1004547.1572232962, -1098849.5816305983, -1169677.9606720817, -1188777.0737005665, -1118009.248874194, -911805.5268117796, -532664.7009773705, -54308.28912118652, -308898.2173966542, -472719.1860362006, -549452.1060311255, -614348.6925181182, -680089.9874125338, -755482.8060266185, -830094.7100059711, -975193.2041820335, -1081537.6418396428, -1151493.774931797, -1177018.997009944, -1107442.1817480887, -911413.7613919999, -526169.3557228643, -58820.471671462044
20, -299907.46680111554, -464453.1581342948, -550066.3827832437, -621628.4978026594, -692515.3946049069, -770152.1267458491, -857983.0713392012, -1004547.1572232962, -1098849.5816305983, -1169677.9606720817, -1188777.0737005665, -1118009.248874194, -911805.5268117796, -532664.7009773705, -54308.28912118652, -308898.2173966542, -472719.1860362006, -549452.1060311255, -614348.6925181182, -680089.9874125338, -755482.8060266185, -830094.7100059711, -975193.2041820335, -1081537.6418396428, -1151493.774931797, -1177018.997009944, -1107442.1817480887, -911413.7613919999, -526169.3557228643, -58820.471671462044
21, -299907.466805156, -464453.1581407668, -550066.3827852424, -621628.4978049234, -692515.3946061046, -770152.1267465617, -857983.0713441421, -1004547.1572278639, -1098849.5816366898, -1169677.960681034, -1188777.0737058953, -1118009.2488846679, -911805.5268094534, -532664.7009877393, -54308.289122800306, -308898.2174037865, -472719.18602328224, -549452.1060131822, -614348.6925203187, -680089.9874048998, -755482.8060287137, -830094.710013513, -975193.2041489085, -1081537.6417893018, -1151493.7750231312, -1177018.9968882496, -1107442.182132915, -911413.7610353598, -526169.353256854, -58820.66495643181
22, -299907.43648424087, -464453.1039112918, -550066.3030201886, -621628.3898964487, -692515.2559760677, -770151.954197312, -857982.8603277955, -1004546.8785320196, -1098849.253036411, -1169677.5822636592, -1188776.653803452, -1118008.81076822, -911805.1195867034, -532664.4143116231, -54308.247750671435, -308898.10023110925, -472719.01669745916, -549451.9155231875, -614348.4862557385, -680089.7659141824, -755482.5672657957, -830094.4549265865, -975192.9161263934, -1081537.3300167986, -1151493.450298493, -1177018.6719350605, -1107441.8814041824, -911413.5182307841, -526169.2171947362, -58820.456464041374
23, -299907.47007648944, -464453.20229091926, -550066.4478296458, -621628.5790526142, -692515.4895083623, -770152.2335515232, -857983.1878808663, -1004547.280626301, -1098849.700100922, -1169678.0619121608, -1188777.1414217697, -1118009.265584895, -911805.482517036, -532664.6174948444, -54308.26550746641, -308898.3020049101, -472719.31348283694, -549452.2501515752, -614348.8491967453, -680090.1559222317, -755482.9878504087, -830094.9039226851, -975193.4213293648, -1081537.8745942577, -1151494.0141669898, -1177019.2327985447, -1107442.3952619117, -911413.9301916235, -526169.4499329884, -58820.48150230518
24, -299907.4327720138, -464453.1055824031, -550066.3230015833, -621628.4315449854, -692515.3222065987, -770152.0477293055, -857982.9852066571, -1004547.0610761223, -1098849.4812417629, -1169677.8603254987, -1188776.9798465543, -1118009.1694776057, -911805.4691911857, -532664.6691241707, -54308.28468370429, -308898.2216881148, -472719.1896189366, -549452.1079119493, -614348.6922026663, -680089.9846664404, -755482.800619, -830094.7018795405, -975193.1915791077, -1081537.6261791706, -1151493.7571554729, -1177018.9781400198, -1107442.1639521266, -911413.7471549159, -526169.3478656989, -58820.47033394221
25, -304367.4638945627, -472662.98735955084, -561616.0151269299, -636884.5735637598, -711870.9271697938, -794140.4972626686, -887292.0390382591, -1043430.5039651108, -1145309.6746876743, -1224282.1569693724, -1251271.9482491878, -1186434.7601851248, -980525.8255386337, -587420.6889377958, -64311.64988759998, -309919.79401554796, -479912.5350130697, -569559.2483840145, -645288.0907561954, -721171.2598453813, -804869.4246193273, -897833.7358589808, -1055884.4106049577, -1160572.4999127479, -1239805.5698493288, -1268109.6953068855, -1202153.7691763572, -996664.4035849733, -596294.3711350883, -66716.65728125247
26, -297333.01470600266, -462888.162238762, -549520.845670817, -622666.9964115359, -695390.1408026933, -775042.650948913, -865099.0691581273, -1015546.3655178653, -1112838.8898775424, -1186926.8627427397, -1209354.5326655512, -1141480.389958793, -936456.7079754799, -553315.7343326904, -58258.62911231107, -299284.67855248327, -463296.22088675544, -546134.5721189196, -614897.6478905752, -683974.7638700182, -763591.2789133177, -841910.610799643, -989148.0159021514, -1095202.0685965947, -1164179.5770777473, -1189637.082300916, -1119562.6073345672, -923568.372641635, -536649.7454717036, -61609.392068778034
27, -297333.01470600266, -462888.162238762, -549520.845670817, -622666.9964115359, -695390.1408026933, -775042.650948913, -865099.0691581273, -1015546.3655178653, -1112838.8898775424, -1186926.8627427397, -1209354.5326655512, -1141480.389958793, -936456.7079754799, -553315.7343326904, -58258.62911231107, -299284.67855248327, -463296.22088675544, -546134.5721189196, -614897.6478905752, -683974.7638700182, -763591.2789133177, -841910.610799643, -989148.0159021514, -1095202.0685965947, -1164179.5770777473, -1189637.082300916, -1119562.6073345672, -923568.372641635, -536649.7454717036, -61609.392068778034
28, -297333.0146968336, -462888.1622220155, -549520.8456574797, -622666.9964039606, -695390.1408024442, -775042.650956678, -865099.0691665162, -1015546.365528057, -1112838.8898902335, -1186926.8627636684, -1209354.5326858987, -1141480.3899772204, -936456.7079764657, -553315.7343495275, -58258.62911396222, -299284.6777200741, -463296.2208874352, -546134.5721054359, -614897.6479020864, -683974.7638608485, -763591.278916633, -841910.6108034801, -989148.0159425895, -1095202.0684687763, -1164179.5771537602, -1189637.0819767213, -1119562.6078769541, -923568.3722748107, -536649.7428754903, -61609.597467964195
29, -297332.96122467215, -462888.08353138284, -549520.7370414706, -622666.858340957, -695389.9717210665, -775042.4473166507, -865098.8253018283, -1015546.047793288, -1112838.5145301258, -1186926.4278551852, -1209354.0458941895, -1141479.8765184577, -936456.2239478403, -553315.3883892824, -58258.57795762503, -299284.4959109203, -463295.947786107, -546134.260653038, -614897.3082253307, -683974.3973508896, -763590.8813576414, -841910.1841603956, -989147.5327919078, -1095201.5454059693, -1164179.0319308233, -1189636.5349988244, -1119562.099930396, -923567.9592069474, -536649.5071876543, -61609.36509005647
30, -297333.0348196199, -462888.23816263134, -549520.9520524433, -622667.1284185192, -695390.2959907397, -775042.8280708267, -865099.2667059733, -1015546.5870335081, -1112839.1174150875, -1186927.0820295303, -1209354.7229727372, -1141480.525234129, -936456.7637378888, -553315.7102965121, -58258.61030655189, -299284.79160426103, -463296.3920033022, -546134.7696028192, -614897.8654462905, -683975.0003020323, -763591.5366854933, -841910.8879410161, -989148.328533641, -1095202.4049448825, -1164179.9239071342, -1189637.4256389563, -1119562.9201442762, -923568.6222741856, -536649.8862438302, -61609.40706574803
31, -297333.0037899527, -462888.1424131793, -549520.8227366784, -622666.9693257085, -695390.1091341012, -775042.6140800293, -865099.0265076982, -1015546.3142423634, -1112838.834334944, -1186926.8058266658, -1209354.4789224025, -1141480.345174726, -936456.6777503008, -553315.7209940858, -58258.62804303095, -299284.6796329414, -463296.2203170025, -546134.5695621069, -614897.6431130617, -683974.7566186223, -763591.2688861372, -841910.5979286084, -989147.9982777643, -1095202.0478392243, -1164179.5541026753, -1189637.0583809656, -1119562.5849725013, -923568.3546653478, -536649.7357251975, -61609.39036407675
32, -305321.9540961208, -474960.237454614, -563768.2323352054, -638754.4791448299, -713326.7386481662, -795008.6153009592, -887345.173198011, -1041639.130881249, -1141585.992126862, -1217986.948351996, -1241780.9586111554, -1173446.1355834303, -964780.9999390242, -572639.0296228224, -61114.169104229855, -304922.77910452127, -473657.8589680764, -560365.4263070738, -634701.9878170147, -707119.9224669922, -790502.7988465456, -875580.257560883, -1028337.861419872, -1134771.5639536956, -1206834.7005615174, -1233349.3681774465, -1161868.9324557427, -960907.5356078686, -562332.4092432307, -65179.30425284736
33, -305321.9540961208, -474960.237454614, -563768.2323352054, -638754.4791448299, -713326.7386481662, -795008.6153009592, -887345.173198011, -1041639.130881249, -1141585.992126862, -1217986.948351996, -1241780.9586111554, -1173446.1355834303, -964780.9999390242, -572639.0296228224, -61114.169104229855, -304922.77910452127, -473657.8589680764, -560365.4263070738, -634701.9878170147, -707119.9224669922, -790502.7988465456, -875580.257560883, -1028337.861419872, -1134771.5639536956, -1206834.7005615174, -1233349.3681774465, -1161868.9324557427, -960907.5356078686, -562332.4092432307, -65179.30425284736
34, -305321.9540969882, -474960.2374555218, -563768.2323378613, -638754.4791478749, -713326.7386506737, -795008.6153065804, -887345.1732035286, -1041639.1308883496, -1141585.9921346423, -1217986.948361631, -1241780.9586226665, -1173446.135599596, -964780.9999376086, -572639.02964194, -61114.16910400473, -304922.7790931837, -473657.85895835893, -560365.4263101824, -634701.9878110734, -707119.9224553558, -790502.7988285813, -875580.2575511462, -1028337.861397968, -1134771.5639360673, -1206834.7006828354, -1233349.3678666274, -1161868.9330158406, -960907.5352058357, -562332.4061526856, -65179.54352060695
35, -305322.1724265617, -474960.06354856817, -563767.99583082, -638754.1678400785, -713326.3299666233, -795008.0792709785, -887344.4719664677, -1041638.1476700457, -1141584.8946914042, -1217985.7757373885, -1241779.5350782254, -1173444.5894042924, -964780.1480618183, -572638.6798224023, -61114.14278576362, -304922.30242728244, -473657.49322443816, -560365.0179026246, -634701.6337198373, -707119.4988971633, -790502.3095546964, -875579.6698068953, -1028337.1592671169, -1134770.880758318, -1206834.0439354775, -1233348.6535759075, -1161868.3311010357, -960906.9777091655, -562332.0344960704, -65179.14389720696
36, -305321.9820806604, -474960.3121799015, -563768.3442478366, -638754.621539486, -713326.907773535, -795008.8071721038, -887345.3833783752, -1041639.3577857655, -1141586.220126847, -1217987.165716758, -1241781.1478070966, -1173446.2693096558, -964781.0599487812, -572639.0106051496, -61114.14951937985, -304922.8626228258, -473658.0599646088, -560365.6595378333, -634702.2459135063, -707120.202420237, -790503.105064858, -875580.589481913, -1028338.2370898145, -1134771.9701004282, -1206835.121907876, -1233349.7859272272, -1161869.3140708157, -960907.8419038599, -562332.5850553319, -65179.31776056417
37, -305321.948778114, -474960.22838855616, -563768.2211583651, -638754.464823742, -713326.7208005006, -795008.5936804386, -887345.1476985771, -1041639.100098287, -1141585.959006336, -1217986.914796493, -1241780.9275611276, -1173446.111049666, -964780.9847286997, -572639.0244532118, -61114.169091703545, -304922.7829545882, -473657.8571628102, -560365.4227647579, -634701.9824364407, -707119.9151475329, -790502.7892211264, -875580.2455218232, -1028337.8455072431, -1134771.5453762356, -1206834.6801730224, -1233349.3472347413, -1161868.913103089, -960907.5199505151, -562332.4005238967, -65179.30369810118
38, -308996.69032169675, -480565.14002501545, -570525.5828825098, -646443.1113807053, -721898.9982408823, -804533.0858562221, -897926.0582842989, -1053946.8146309254, -1155135.6110642976, -1232616.2286574757, -1257047.7084062574, -1188482.4353084916, -978077.7445920294, -581650.7255155735, -62425.35655107007, -309237.19582776737, -480776.3929124315, -570078.0076533256, -645948.6778753783, -720404.5706755952, -803992.5998101195, -895834.6544613655, -1052088.9742131745, -1154289.843932692, -1231648.0586067229, -1256915.246318829, -1188057.7469550131, -979966.9626827796, -581261.9886107187, -64638.150663146575
39, -308996.69032169675, -480565.14002501545, -570525.5828825098, -646443.1113807053, -721898.9982408823, -804533.0858562221, -897926.0582842989, -1053946.8146309254, -1155135.6110642976, -1232616.2286574757, -1257047.7084062574, -1188482.4353084916, -978077.7445920294, -581650.7255155735, -62425.35655107007, -309237.19582776737, -480776.3929124315, -570078.0076533256, -645948.6778753783, -720404.5706755952, -803992.5998101195, -895834.6544613655, -1052088.9742131745, -1154289.843932692, -1231648.0586067229, -1256915.246318829, -1188057.7469550131, -979966.9626827796, -581261.9886107187, -64638.150663146575
40, -308996.69032153056, -480565.1400222776, -570525.5828827589, -646443.1113829357, -721898.9982473389, -804533.0858633375, -897926.0582954014, -1053946.814643028, -1155135.6110794556, -1232616.2286721235, -1257047.7084192578, -1188482.4353299625, -978077.744587625, -581650.7255470587, -62425.35654979719, -309237.1960054549, -480776.392887457, -570078.0076568412, -645948.6778593613, -720404.5707058249, -803992.5997028406, -895834.654561486, -1052088.9742813818, -1154289.8438409944, -1231648.0587071006, -1256915.2458507766, -1188057.747842479, -979966.9620474145, -581261.9838175653, -64638.51983216315
41, -308996.63813651167, -480565.0587549495, -570525.4698618853, -646442.9667824995, -721898.8196292232, -804532.868721348, -897925.7960673419, -1053946.4703001871, -1155135.2036186052, -1232615.756943794, -1257047.1824279402, -1188481.8851613607, -978077.2333643398, -581650.3680077237, -62425.30536096246, -309236.9489251849, -480776.04169295786, -570077.6036569797, -645948.2332226807, -720404.0879580039, -803992.074473859, -895834.0827315797, -1052088.3232958636, -1154289.1428303986, -1231647.3228692051, -1256914.5062146962, -1188057.0560319223, -979966.3980350483, -581261.6556526967, -64638.11391313741
42, -308996.7280512247, -480565.2483119991, -570525.7290958712, -646443.2894730438, -721899.2054417286, -804533.3210468148, -897926.3203085178, -1053947.1100002301, -1155135.9173110311, -1232616.5284438361, -1257047.975602295, -1188482.6357645914, -978077.8432671598, -581650.7136345186, -62425.33409744198, -309237.34420486435, -480776.6220002325, -570078.2745618179, -645948.9747865817, -720404.8956499009, -803992.9552587022, -895835.0425117738, -1052089.4150587893, -1154290.3162495398, -1231648.5503829704, -1256915.7356987945, -1188058.1977102393, -979967.3249850121, -581262.1986046147, -64638.1737133163
43, -308996.6824952253, -480565.1261528806, -570525.5671161818, -646443.092890881, -721898.9767089582, -804533.0608861377, -897926.0295477806, -1053946.7804903353, -1155135.574523365, -1232616.1918570516, -1257047.6746264428, -1188482.4086165577, -978077.7286788966, -581650.7209637489, -62425.356801488735, -309237.1954893407, -480776.39052438317, -570078.003435119, -645948.671620188, -720404.5622529762, -803992.5888639864, -895834.6410969174, -1052088.9567521329, -1154289.823752316, -1231648.0365379802, -1256915.2238875653, -1188057.7258759427, -979966.945766304, -581261.9791071638, -64638.149461272114
44, -329829.3945619588, -511213.9501363073, -606759.9321236777, -687131.0908284234, -766895.0228895764, -854170.8967146092, -952778.9631602059, -1117614.7968568213, -1224783.189476958, -1307385.7683622423, -1334719.7815132686, -1264767.4207459567, -1045499.5979698952, -627592.1163801665, -69263.9819828529, -331730.7782676006, -512765.07212181354, -607358.3381881441, -687649.6365672911, -766901.254757535, -854653.6726128845, -952281.1138135446, -1117462.7058202885, -1226197.887258173, -1308744.6623786956, -1337155.755501077, -1267276.4164763968, -1049393.5713464478, -629705.1030829299, -70550.4917886506
45, -317244.32320285414, -492632.0382728258, -584672.8103053495, -662240.816866191, -739275.587717738, -823602.2017652285, -918883.72594654, -1078051.609702403, -1181300.075721621, -1260444.1193233607, -1285631.849772445, -1216168.7529796239, -1002116.0445364568, -597631.7699011234, -64702.9516710791, -317477.3382794515, -492769.5382234246, -583176.8202231476, -661262.117502997, -737286.0163589802, -822348.6255454211, -915819.8924359203, -1074922.9146093733, -1179929.6180398555, -1258371.026761352, -1284494.4272946646, -1214477.0673072184, -1002637.7464283945, -596259.4107898051, -66164.4171315638
46, -317244.32320285414, -492632.0382728258, -584672.8103053495, -662240.816866191, -739275.587717738, -823602.2017652285, -918883.72594654, -1078051.609702403, -1181300.075721621, -1260444.1193233607, -1285631.849772445, -1216168.7529796239, -1002116.0445364568, -597631.7699011234, -64702.9516710791, -317477.3382794515, -492769.5382234246, -583176.8202231476, -661262.117502997, -737286.0163589802, -822348.6255454211, -915819.8924359203, -1074922.9146093733, -1179929.6180398555, -1258371.026761352, -1284494.4272946646, -1214477.0673072184, -1002637.7464283945, -596259.4107898051, -66164.4171315638
47, -317244.32319992536, -492632.03827335563, -584672.8103085317, -662240.8168688706, -739275.5877226415, -823602.2017713696, -918883.7259524382, -1078051.6097167737, -1181300.0757389285, -1260444.1193429632, -1285631.8497892567, -1216168.7530044657, -1002116.0445355675, -597631.769936186, -64702.95166854927, -317477.33810188924, -492769.5382226973, -583176.8202160702, -661262.117467734, -737286.0163763049, -822348.6255067037, -915819.8924390968, -1074922.9146831494, -1179929.617891427, -1258371.0268907868, -1284494.4268534705, -1214477.0681779028, -1002637.7458823025, -596259.4057052507, -66164.80763927408
48, -317244.29222718684, -492631.98711631587, -584672.7338833546, -662240.71501268, -739275.4581132799, -823602.0408055827, -918883.5277530621, -1078051.3426459788, -1181299.7547647795, -1260443.7426771824, -1285631.4246019367, -1216168.3034970458, -1002115.6228758808, -597631.4730085174, -64702.90901452792, -317477.1183653676, -492769.2090787206, -583176.4423484006, -661261.7013046681, -737285.5649672409, -822348.1347059465, -915819.3584233954, -1074922.3074267842, -1179928.9636905645, -1258370.3405244004, -1284493.7366761458, -1214476.4221865302, -1002637.2192391852, -596259.0989005319, -66164.38283245018
49, -317244.3589061773, -492632.14416859875, -584672.9522912705, -662240.9896948556, -739275.7890818377, -823602.4308904249, -918883.9819468169, -1078051.8996918926, -1181300.3774299165, -1260444.415761293, -1285632.1148703843, -1216168.952320276, -1002116.1422444663, -597631.755777262, -64702.92768728244, -317477.4983741241, -492769.7808374609, -583177.1025328948, -661262.4319233417, -737286.3605720003, -822349.0020051051, -915820.3032787762, -1074923.3813344776, -1179930.1184081305, -1258371.5475463502, -1284494.9455388456, -1214477.5445756293, -1002638.1305119342, -596259.6339049431, -66164.44123303337
50, -317244.31926690065, -492632.03118996276, -584672.8020963928, -662240.8067825275, -739275.5754420105, -823602.1869776412, -918883.7083938841, -1078051.5881159855, -1181300.0522108953, -1260444.095331713, -1285631.8275396158, -1216168.735342837, -1002116.0341137015, -597631.7671785542, -64702.951957612226, -317477.33801866777, -492769.5369672957, -583176.817723356, -661262.1136621386, -737286.0110659924, -822348.6185852783, -915819.8837197826, -1074922.9031015646, -1179929.6047467159, -1258371.0121803507, -1284494.4122982747, -1214477.0531771807, -1002637.7352324318, -596259.4043592183, -66164.41625185369
51, -318212.8328432322, -494153.2418206053, -586487.7877589893, -664306.6268377157, -741591.7868093816, -826192.7588891131, -921786.6203334758, -1081497.3757759037, -1185134.7919313633, -1264636.9055229889, -1290067.9252899266, -1220599.7900258414, -1006082.9922835232, -600342.5385532051, -65093.9729915497, -318175.8876475501, -494243.85775284405, -585118.3669338024, -663270.9039559644, -739641.8155790586, -824831.475179797, -918807.2099555271, -1078364.5466135708, -1183586.18930255, -1262392.8651074336, -1288725.8408788154, -1218693.2941993908, -1006293.7801343288, -598897.819160236, -66437.85620221266
52, -318212.8328432322, -494153.2418206053, -586487.7877589893, -664306.6268377157, -741591.7868093816, -826192.7588891131, -921786.6203334758, -1081497.3757759037, -1185134.7919313633, -1264636.9055229889, -1290067.9252899266, -1220599.7900258414, -1006082.9922835232, -600342.5385532051, -65093.9729915497, -318175.8876475501, -494243.85775284405, -585118.3669338024, -663270.9039559644, -739641.8155790586, -824831.475179797, -918807.2099555271, -1078364.5466135708, -1183586.18930255, -1262392.8651074336, -1288725.8408788154, -1218693.2941993908, -1006293.7801343288, -598897.819160236, -66437.85620221266
53, -318212.83283976617, -494153.24182253954, -586487.7877627253, -664306.626842385, -741591.7868179819, -826192.7589015454, -921786.6203477171, -1081497.3757935679, -1185134.7919502312, -1264636.9055466594, -1290067.9253132388, -1220599.7900547017, -1006082.9922848232, -600342.5385868475, -65093.97298839589, -318175.88762409706, -494243.85775503237, -585118.3669082233, -663270.9039696987, -739641.8155623272, -824831.4751731697, -918807.2099234776, -1078364.5466575264, -1183586.1891349435, -1262392.8653879983, -1288725.8403361079, -1218693.295132895, -1006293.7795619721, -598897.8138988839, -66438.25292992033
54, -318212.9714706704, -494153.105219724, -586487.6572927881, -664306.4639065613, -741591.5607141627, -826192.4791410165, -921786.3445097187, -1081497.0394234336, -1185134.338381676, -1264636.345588719, -1290067.3261966193, -1220599.2696884896, -1006082.6435719562, -600342.3781570542, -65093.97125735288, -318174.76299608464, -494243.5366179941, -585118.0037122017, -663270.5024536361, -739641.3737378399, -824830.993508948, -918806.6887027639, -1078363.9405566389, -1183585.5385897758, -1262392.184903504, -1288725.153198173, -1218692.653459202, -1006293.2567629562, -598897.5110877224, -66437.81675871657
55, -318212.8508260676, -494153.35798520327, -586487.9353726292, -664306.8047438856, -741592.0011168909, -826193.0106634571, -921786.904251959, -1081497.6950317805, -1185135.1249308477, -1264637.2354172303, -1290068.2222927515, -1220600.013578844, -1006083.0976941996, -600342.5173010427, -65093.94445255656, -318176.2626903511, -494244.09528104594, -585118.6418264685, -663271.2102366203, -739642.1520784097, -824831.8438016709, -918807.6118798349, -1078365.0064795641, -1183586.681720536, -1262393.3765906736, -1288726.3503818326, -1218693.7630092092, -1006294.1569277046, -598898.0373742206, -66437.87730164302
56, -318212.832249844, -494153.23232132045, -586487.7778129261, -664306.6148079068, -741591.7706877325, -826192.7379210886, -921786.5950307264, -1081497.3451939456, -1185134.7583695652, -1264636.870482396, -1290067.8919801519, -1220599.762914066, -1006082.9763913862, -600342.5348939063, -65093.97393541319, -318175.84590744355, -494243.8564736305, -585118.3646639087, -663270.9002713488, -739641.8101396441, -824831.4679248871, -918807.2008853778, -1078364.533900986, -1183586.1748116517, -1262392.8492075214, -1288725.8244075535, -1218693.2787797218, -1006293.7677453455, -598897.8121688687, -66437.85574552952
57, -318325.3226411852, -494371.4438168481, -586826.3150514953, -664768.5059015295, -742183.5210085713, -826927.4754909531, -922685.6045023336, -1082686.1458949065, -1186552.1537465607, -1266298.6827843585, -1291967.2867361219, -1222678.4883657927, -1008172.9677422569, -602016.540357927, -65410.438468365945, -318251.6561489501, -494979.65338777186, -586571.2606453565, -664499.4448211304, -741269.7400008948, -826520.6547472705, -921094.1358113211, -1081040.1917205742, -1186237.3662611532, -1265441.8350347227, -1291872.9084246268, -1222163.5051960275, -1009175.9997664393, -601316.5756133647, -67041.50714114463
58, -317971.96775521216, -493878.1349132124, -586231.436162405, -664083.7889326274, -741408.1282431117, -826052.7396749048, -921698.259172189, -1081506.3953599303, -1185228.52904415, -1264834.096226509, -1290389.7850189055, -1221060.265698987, -1006661.7869687305, -600907.3821912282, -65223.963533965885, -317936.21201366524, -494390.2514406983, -585635.6132081416, -663643.7211468685, -740145.8457950396, -825378.1146221609, -919507.0255657511, -1079199.1213256293, -1184468.643885843, -1263392.2750692836, -1289799.1960956866, -1219842.2951851215, -1007280.4074972544, -599682.6689975782, -66652.47880591117
59, -318163.20313513675, -494133.7939482654, -586489.3720416267, -664325.8608251398, -741625.5935505383, -826239.1113464027, -921846.0706156567, -1081577.5459833732, -1185229.6635760118, -1264746.3877963345, -1290191.8725901376, -1220738.3666388588, -1006231.3056960704, -600475.9261350653, -65124.56835554369, -318158.803590304, -494276.9665030695, -585196.5008086797, -663345.4417921011, -739737.8386224024, -824946.5362680466, -918947.5575159722, -1078549.9253323951, -1183807.053663793, -1262649.4324677654, -1289011.4765372716, -1218989.2471700788, -1006558.8023426463, -599076.5334656738, -66466.01890750948
60, -318224.1777558326, -494191.3741729115, -586539.3175378176, -664365.7833708024, -741656.2228426095, -826261.033266571, -921858.7536314422, -1081574.5799285579, -1185213.5027309058, -1264712.9182971478, -1290135.010005979, -1220651.5054239375, -1006112.8113938505, -600348.9883066415, -65092.104019695515, -318226.4137742927, -494328.72714679723, -585221.8116693065, -663388.6067885559, -739775.5597049552, -824983.4534241161, -918980.2940709637, -1078575.1040135946, -1183823.3150753414, -1262652.8719080982, -1288998.9079393, -1218959.3244087517, -1006520.3628021401, -599037.6081352147, -66455.3418603963
61, -318218.28185263637, -494164.64197238197, -586505.0701605788, -664328.2817043988, -741617.4058252396, -826222.2636660237, -921821.0191393779, -1081540.0765035157, -1185183.17301352, -1264689.4994513392, -1290121.476636342, -1220649.0345169741, -1006120.0083089665, -600358.956127259, -65093.512552180786, -318204.8399621346, -494289.76495322585, -585172.7257991509, -663332.5552317193, -739710.7096009182, -824908.7679881004, -918893.8339025433, -1078467.4279348124, -1183700.3459657822, -1262515.994113967, -1288852.8661074005, -1218815.478174477, -1006396.4206621192, -598960.1005932823, -66446.02296508013
62, -318218.28185263637, -494164.64197238197, -586505.0701605788, -664328.2817043988, -741617.4058252396, -826222.2636660237, -921821.0191393779, -1081540.0765035157, -1185183.17301352, -1264689.4994513392, -1290121.476636342, -1220649.0345169741, -1006120.0083089665, -600358.956127259, -65093.512552180786, -318204.8399621346, -494289.76495322585, -585172.7257991509, -663332.5552317193, -739710.7096009182, -824908.7679881004, -918893.8339025433, -1078467.4279348124, -1183700.3459657822, -1262515.994113967, -1288852.8661074005, -1218815.478174477, -1006396.4206621192, -598960.1005932823, -66446.02296508013
63, -318218.28185213276, -494164.6419711169, -586505.0701629198, -664328.2817077623, -741617.4058321714, -826222.2636744225, -921821.0191460394, -1081540.0765165673, -1185183.1730313415, -1264689.4994706935, -1290121.4766559822, -1220649.0345418616, -1006120.0083068752, -600358.9561619188, -65093.51254963922, -318204.8399457165, -494289.76493889745, -585172.7257919963, -663332.5552310494, -739710.7096028584, -824908.7679376011, -918893.833888378, -1078467.4279705607, -1183700.34588934, -1262515.9942472372, -1288852.865660009, -1218815.4790218365, -1006396.4200306582, -598960.0955066753, -66446.41924122084
64, -318218.25290951354, -494164.5905941988, -586504.9949695577, -664328.1833307414, -741617.2824204215, -826222.1117225338, -921820.8336076859, -1081539.827739901, -1185182.8750147289, -1264689.1501998026, -1290121.0824341858, -1220648.616725211, -1006119.6153654, -600358.6784017782, -65093.47260472891, -318204.6183019052, -494289.44092891034, -585172.3538637392, -663332.145824864, -739710.2653970803, -824908.2853437557, -918893.3089990411, -1078466.8310489713, -1183699.7030472779, -1262515.3199216344, -1288852.1878210043, -1218814.844849186, -1006395.9030653716, -598959.7944644644, -66445.98984459005
65, -318218.31640317244, -494164.7448139647, -586505.2083626138, -664328.4499228086, -741617.6015492429, -826222.486021372, -921821.2671853041, -1081540.356637287, -1185183.463684285, -1264689.783867374, -1290121.7292875082, -1220649.2219107323, -1006120.0962423201, -600358.9364019558, -65093.48805290596, -318204.9948836161, -494290.00324595737, -585173.0031168263, -663332.8639820662, -739711.0474441021, -824909.1374627292, -918894.2370681862, -1078467.8855853267, -1183700.8364926213, -1262516.5043828902, -1288853.3737068998, -1218815.9455733332, -1006396.7964824389, -598960.3190083583, -66446.04617690045
66, -318218.27809504396, -494164.6349910287, -586505.0619891097, -664328.2714949476, -741617.3931992516, -826222.2482444992, -921821.0006020481, -1081540.053300667, -1185183.1474340402, -1264689.4729862066, -1290121.4516775147, -1220649.0141860992, -1006119.9956482089, -600358.9521123007, -65093.51271625025, -318204.8400323425, -494289.76352702966, -585172.7230904093, -663332.5510924272, -739710.7039188638, -824908.7605248413, -918893.824641523, -1078467.4156642463, -1183700.331762936, -1262515.9784746699, -1288852.850032285, -1218815.46293043, -1006396.4084179453, -598960.0937264948, -66446.02197856564
67, -318222.94208041765, -494170.7894560868, -586511.2035899421, -664334.4495558881, -741623.5758960663, -826228.4081546041, -921827.1063732284, -1081546.052199996, -1185188.992652761, -1264695.1011185157, -1290126.6982345216, -1220653.6466302685, -1006123.7705660204, -600361.6638440274, -65094.065985158115, -318208.31635752326, -494294.6759300195, -585178.5578383121, -663339.1535934326, -739718.0728719158, -824916.8489370588, -918902.7736648389, -1078477.8721325083, -1183711.5197337875, -1262527.7170161852, -1288864.8369385828, -1218826.4099423443, -1006405.1808242378, -598965.3874862617, -66445.97431383436
68, -318222.94208041765, -494170.7894560868, -586511.2035899421, -664334.4495558881, -741623.5758960663, -826228.4081546041, -921827.1063732284, -1081546.052199996, -1185188.992652761, -1264695.1011185157, -1290126.6982345216, -1220653.6466302685, -1006123.7705660204, -600361.6638440274, -65094.065985158115, -318208.31635752326, -494294.6759300195, -585178.5578383121, -663339.1535934326, -739718.0728719158, -824916.8489370588, -918902.7736648389, -1078477.8721325083, -1183711.5197337875, -1262527.7170161852, -1288864.8369385828, -1218826.4099423443, -1006405.1808242378, -598965.3874862617, -66445.97431383436
69, -318222.9420773877, -494170.7894553903, -586511.2035924374, -664334.4495593569, -741623.575903472, -826228.4081629696, -921827.1063831061, -1081546.0522136427, -1185188.9926682727, -1264695.1011387883, -1290126.6982526476, -1220653.6466574937, -1006123.7705644238, -600361.6638773859, -65094.065982444336, -318208.3162975918, -494294.6759256319, -585178.5578044315, -663339.1536123238, -739718.0728497778, -824916.8489273663, -918902.7736302922, -1078477.8720971223, -1183711.5196353856, -1262527.7172541032, -1288864.8363855262, -1218826.4108682335, -1006405.1802461619, -598965.3821779785, -66446.37157048212
70, -318222.91518349096, -494170.7336134281, -586511.1246058813, -664334.3473291408, -741623.4470506625, -826228.2485794665, -921826.9110607391, -1081545.7906907229, -1185188.680219797, -1264694.7357872277, -1290126.2872678542, -1220653.213865363, -1006123.368148639, -600361.3832074265, -65094.02659326707, -318208.05857112946, -494294.3521200752, -585178.1862907202, -663338.7445572806, -739717.6288301268, -824916.3660895834, -918902.2484748367, -1078477.274700181, -1183710.8763614167, -1262527.0424412754, -1288864.1582770853, -1218825.7764489758, -1006404.6627605164, -598965.0809292055, -66445.93744249418
71, -318222.9768021773, -494170.8919357349, -586511.3415065715, -664334.6175218843, -741623.7712821476, -826228.6300347775, -921827.3538086177, -1081546.3315378465, -1185189.2824301121, -1264695.3845552886, -1290126.9498882077, -1220653.8331934763, -1006123.8580928727, -600361.6441351826, -65094.041574420204, -318208.46793875657, -494294.91426586354, -585178.8351214369, -663339.4623220246, -739718.410745556, -824917.2183791188, -918903.1767738184, -1078478.329669954, -1183712.0101280543, -1262528.2273398084, -1288865.3443875434, -1218826.8772648969, -1006405.5566003509, -598965.6058140862, -66445.9974068549
72, -318222.93828674336, -494170.7825300049, -586511.1954676403, -664334.4394008971, -741623.5633497038, -826228.3928465575, -921827.0879828036, -1081546.029183657, -1185188.9672831038, -1264695.0748865507, -1290126.6735202693, -1220653.6265143391, -1006123.7580374171, -600361.65986524, -65094.06614102788, -318208.3168173267, -494294.6745040271, -585178.5551191871, -663339.1494712653, -739718.0671581512, -824916.8415446545, -918902.7643605429, -1078477.8598525145, -1183711.5055951872, -1262527.7014421, -1288864.8207755378, -1218826.3947907803, -1006405.1686698053, -598965.3804003454, -66445.97385751866
73, -318216.20828456257, -494157.97992055793, -586495.2668340576, -664315.8327977887, -741602.4557000315, -826204.8579034599, -921800.548829477, -1081514.484017071, -1185153.74132625, -1264657.1514721923, -1290088.3398358617, -1220618.173334752, -1006095.9181394982, -600346.5867580698, -65092.975434612345, -318192.6193915677, -494270.08943577146, -585149.225878342, -663305.6658113259, -739680.4602486189, -824874.7068107337, -918855.4666190296, -1078421.737270234, -1183649.6189925855, -1262461.2162543896, -1288796.3465134592, -1218761.390340788, -1006350.8001273253, -598932.4491374133, -66442.88899360108
74, -318216.20828456257, -494157.97992055793, -586495.2668340576, -664315.8327977887, -741602.4557000315, -826204.8579034599, -921800.548829477, -1081514.484017071, -1185153.74132625, -1264657.1514721923, -1290088.3398358617, -1220618.173334752, -1006095.9181394982, -600346.5867580698, -65092.975434612345, -318192.6193915677, -494270.08943577146, -585149.225878342, -663305.6658113259, -739680.4602486189, -824874.7068107337, -918855.4666190296, -1078421.737270234, -1183649.6189925855, -1262461.2162543896, -1288796.3465134592, -1218761.390340788, -1006350.8001273253, -598932.4491374133, -66442.88899360108
75, -318216.20829036704, -494157.9799264495, -586495.2668404914, -664315.8328044633, -741602.4557066199, -826204.8579100773, -921800.548839734, -1081514.4840300288, -1185153.741340461, -1264657.1514922192, -1290088.3398491072, -1220618.1733559319, -1006095.9181387373, -600346.5867933963, -65092.97543177754, -318192.61942455673, -494270.0894387229, -585149.2258533163, -663305.6658115659, -739680.4602321509, -824874.7067959488, -918855.4665671941, -1078421.7372449255, -1183649.6189412614, -1262461.2163615483, -1288796.3460288607, -1218761.3912139882, -1006350.7996275049, -598932.44394934, -66443.28545032392
76, -318216.11989217805, -494157.8751489093, -586495.1646656363, -664315.7418552977, -741602.3644551232, -826204.7513261447, -921800.400260903, -1081514.2818372871, -1185153.4938618317, -1264656.8691472232, -1290088.0136148233, -1220617.8191179368, -1006095.5623476095, -600346.3115197716, -65092.935343594836, -318191.52524209756, -494269.8383980953, -585148.8706610582, -663305.2712096863, -739680.0539396779, -824874.1493634458, -918854.9472789809, -1078421.133911511, -1183648.8950052825, -1262460.5352852757, -1288795.8599883919, -1218760.5483341126, -1006350.3075334528, -598932.2223411386, -66442.00346091649
77, -318216.241650491, -494158.0837392035, -586495.4057891597, -664316.0018165708, -741602.6529132025, -826205.0824818539, -921800.7997051724, -1081514.767550873, -1185154.0355880514, -1264657.4397037742, -1290088.5964060687, -1220618.3643481815, -1006096.0084359929, -600346.5677156771, -65092.950818923004, -318192.7898844286, -494270.3276351495, -585149.5030164254, -663305.974362694, -739680.7979972534, -824875.0761748415, -918855.8695992, -1078422.1950557663, -1183650.1095852442, -1262461.7264779187, -1288796.8541628143, -1218761.8578080628, -1006351.1760453033, -598932.6675339981, -66442.91205706261
78, -318216.20476707874, -494157.97275644017, -586495.2585323104, -664315.8224575643, -741602.442825745, -826204.8421054604, -921800.529813494, -1081514.460240385, -1185153.7151485882, -1264657.1243761128, -1290088.3142273636, -1220618.1524186626, -1006095.9051293, -600346.582685279, -65092.97563492965, -318192.61625491286, -494270.08803117793, -585149.223195574, -663305.6616984264, -739680.454574937, -824874.6994297116, -918855.4573692295, -1078421.7249787224, -1183649.604860872, -1262461.200587189, -1288796.3303956282, -1218761.3751151017, -1006350.7879188134, -598932.4421997737, -66442.88809985045
79, -318234.86764040065, -494188.0703589961, -586529.783438694, -664353.9972801493, -741643.7800180953, -826249.1619539665, -921848.3664390133, -1081567.7861789672, -1185210.560015446, -1264715.7981250472, -1290145.5886203307, -1220669.6951444345, -1006136.0441894876, -600369.3391020781, -65095.3865971821, -318210.528893114, -494298.7610497555, -585183.4259578142, -663344.6801974598, -739724.2207761942, -824923.643377909, -918910.2630531939, -1078486.3885153162, -1183720.5864946882, -1262537.0469743095, -1288873.9476011598, -1218834.587875309, -1006411.5276606414, -598968.9313537928, -66446.26837527877
80, -318221.04581147677, -494165.68597890146, -586504.1409489658, -664325.6918334224, -741613.180176686, -826216.5031698789, -921813.0385548207, -1081528.222648116, -1185168.2722342028, -1264672.063498198, -1290102.8536626124, -1220631.2756651111, -1006106.270936072, -600352.5386294422, -65093.61927096843, -318196.7213165122, -494277.7805500269, -585158.3166920934, -663316.0273115066, -739692.1007561255, -824887.631409155, -918870.0143034755, -1078438.8794298377, -1183668.40002459, -1262481.359117471, -1288817.1286970286, -1218780.669295439, -1006366.9373321595, -598942.151809468, -66443.1489974574
81, -318221.04581147677, -494165.68597890146, -586504.1409489658, -664325.6918334224, -741613.180176686, -826216.5031698789, -921813.0385548207, -1081528.222648116, -1185168.2722342028, -1264672.063498198, -1290102.8536626124, -1220631.2756651111, -1006106.270936072, -600352.5386294422, -65093.61927096843, -318196.7213165122, -494277.7805500269, -585158.3166920934, -663316.0273115066, -739692.1007561255, -824887.631409155, -918870.0143034755, -1078438.8794298377, -1183668.40002459, -1262481.359117471, -1288817.1286970286, -1218780.669295439, -1006366.9373321595, -598942.151809468, -66443.1489974574
82, -318221.045815961, -494165.68598658533, -586504.1409555266, -664325.6918389362, -741613.1801837853, -826216.5031776102, -921813.0385634844, -1081528.222662271, -1185168.2722482355, -1264672.0635126445, -1290102.8536802703, -1220631.2756904135, -1006106.2709363106, -600352.5386641928, -65093.61926795575, -318196.7213447221, -494277.78053646453, -585158.3166813718, -663316.0273000724, -739692.1007728564, -824887.6313564496, -918870.0143058915, -1078438.8793894758, -1183668.3999236792, -1262481.3593066463, -1288817.1281601135, -1218780.6703330479, -1006366.9366292108, -598942.1467218623, -66443.54522083802
83, -318220.96324890753, -494165.6892855811, -586504.1060414722, -664325.6346509712, -741613.1151833953, -826216.4355427072, -921812.961713071, -1081528.1237938853, -1185168.1433936534, -1264671.8937536534, -1290102.6313135163, -1220630.999610858, -1006105.9519765989, -600352.2635882159, -65093.566269258816, -318196.88978281623, -494277.45556410303, -585157.941112481, -663315.6141851, -739691.6535832185, -824887.1451922724, -918869.4876980043, -1078438.2892309274, -1183667.7608068944, -1262480.6876014418, -1288816.451250263, -1218780.0365046272, -1006366.4212498376, -598941.847872103, -66443.11856115688
84, -318221.0779442585, -494165.7911502988, -586504.2810343091, -664325.8621888495, -741613.3795021151, -826216.7308646768, -921813.2933194737, -1081528.5108734267, -1185168.5716828273, -1264672.3572331392, -1290103.1156121758, -1220631.4714187675, -1006106.3643402699, -600352.5204966476, -65093.59444290014, -318196.90680891334, -494278.01874037995, -585158.593635719, -663316.3356903113, -739692.4383881835, -824888.0007523801, -918870.417236024, -1078439.337224615, -1183668.890783606, -1262481.8695686876, -1288817.6364574796, -1218781.1369606585, -1006367.3131707902, -598942.3703144949, -66443.17183351671
85, -318221.0425172774, -494165.6785467485, -586504.1324253469, -664325.6812386654, -741613.1669043289, -826216.4867846413, -921813.0188032365, -1081528.1979904054, -1185168.2450761436, -1264672.035362265, -1290102.8270507967, -1220631.2538671189, -1006106.2573508671, -600352.5343931769, -65093.61951353077, -318196.7152422271, -494277.7791604352, -585158.3140561286, -663316.0232300522, -739692.0951098909, -824887.6240247632, -918870.0050525212, -1078438.8670728153, -1183668.3857526013, -1262481.3434983108, -1288817.1125615193, -1218780.6541527659, -1006366.9249537134, -598942.1450225087, -66443.14771855081
