periods   2 
begin filament 
mirror NIL 
  1.364161515316355E+00   2.870001451943273E-01  -2.090256129793815E-02   1.000000000000000E+05
  1.364145220153766E+00   2.871152209435964E-01  -2.126927511139036E-02   1.000000000000000E+05
  1.364120094843210E+00   2.872808173634380E-01  -2.179840525556063E-02   1.000000000000000E+05
  1.364064555154209E+00   2.876095150871165E-01  -2.285303231870438E-02   1.000000000000000E+05
  1.363946766358812E+00   2.882177285131718E-01  -2.481615341540304E-02   1.000000000000000E+05
  1.363719016712381E+00   2.892168495882071E-01  -2.807470286614026E-02   1.000000000000000E+05
  1.363311158017629E+00   2.907017469817851E-01  -3.299996963150513E-02   1.000000000000000E+05
  1.362624040006353E+00   2.927375209856029E-01  -3.992560201543103E-02   1.000000000000000E+05
  1.361523954665457E+00   2.953457767209731E-01  -4.912477327522167E-02   1.000000000000000E+05
  1.359839091321256E+00   2.984919224886586E-01  -6.078833380333461E-02   1.000000000000000E+05
  1.357358881159102E+00   3.020750905246521E-01  -7.500586471987317E-02   1.000000000000000E+05
  1.353836889021016E+00   3.059221936751794E-01  -9.175145757391788E-02   1.000000000000000E+05
  1.348997608576641E+00   3.097873714194181E-01  -1.108757761975492E-01   1.000000000000000E+05
  1.342547160243440E+00   3.133576591783063E-01  -1.321055279359202E-01   1.000000000000000E+05
  1.334187511357707E+00   3.162651708462726E-01  -1.550509169365617E-01   1.000000000000000E+05
  1.323633469906250E+00   3.181054657854833E-01  -1.792210194163013E-01   1.000000000000000E+05
  1.310631381309029E+00   3.184611381741353E-01  -2.040463660084912E-01   1.000000000000000E+05
  1.294978213643808E+00   3.169290829830495E-01  -2.289073990069919E-01   1.000000000000000E+05
  1.276539575411677E+00   3.131494211755770E-01  -2.531669498876458E-01   1.000000000000000E+05
  1.255265187902979E+00   3.068337605433145E-01  -2.762045044552803E-01   1.000000000000000E+05
  1.231200437626494E+00   2.977903670407557E-01  -2.974498263034385E-01   1.000000000000000E+05
  1.204492858344007E+00   2.859439448116989E-01  -3.164135147224871E-01   1.000000000000000E+05
  1.175392721566602E+00   2.713480699846926E-01  -3.327122831358629E-01   1.000000000000000E+05
  1.144247324044961E+00   2.541888702803149E-01  -3.460871422411696E-01   1.000000000000000E+05
  1.111489018609564E+00   2.347792455225082E-01  -3.564132246183459E-01   1.000000000000000E+05
  1.077617503885186E+00   2.135437224763515E-01  -3.637006467198932E-01   1.000000000000000E+05
  1.043177330691451E+00   1.909948589184723E-01  -3.680865121300743E-01   1.000000000000000E+05
  1.008731961991003E+00   1.677028797718726E-01  -3.698188545686977E-01   1.000000000000000E+05
  9.748360076979404E-01   1.442608685609591E-01  -3.692339394625049E-01   1.000000000000000E+05
  9.420074218261846E-01   1.212482864439169E-01  -3.667288351671274E-01   1.000000000000000E+05
  9.107014833289393E-01   9.919580119645892E-02  -3.627314872527587E-01   1.000000000000000E+05
  8.812882803640697E-01   7.855435372426664E-02  -3.576706556662778E-01   1.000000000000000E+05
  8.540351884409111E-01   5.967106837005352E-02  -3.519479972097293E-01   1.000000000000000E+05
  8.290954940481297E-01   4.277404897273719E-02  -3.459143055267044E-01   1.000000000000000E+05
  8.065038936484779E-01   2.796734224588093E-02  -3.398514860931586E-01   1.000000000000000E+05
  7.861791263593848E-01   1.523645987847312E-02  -3.339612876606396E-01   1.000000000000000E+05
  7.679335136655070E-01   4.463910587987694E-03  -3.283611877121635E-01   1.000000000000000E+05
  7.514887179393812E-01  -4.546710927826308E-03  -3.230871965000973E-01   1.000000000000000E+05
  7.364966275077751E-01  -1.204031557823542E-02  -3.181027604526460E-01   1.000000000000000E+05
  7.225639582068953E-01  -1.827641976860415E-02  -3.133124635041699E-01   1.000000000000000E+05
  7.092789509196320E-01  -2.349492044153653E-02  -3.085788856975049E-01   1.000000000000000E+05
  6.962384534912752E-01  -2.788476538595697E-02  -3.037408090357777E-01   1.000000000000000E+05
  6.830737059411357E-01  -3.155849791811646E-02  -2.986309708588565E-01   1.000000000000000E+05
  6.694732927494738E-01  -3.453513852321582E-02  -2.930917472025510E-01   1.000000000000000E+05
  6.552019693957909E-01  -3.673311856814613E-02  -2.869874783638129E-01   1.000000000000000E+05
  6.401143896180708E-01  -3.797406915091045E-02  -2.802125881197226E-01   1.000000000000000E+05
  6.241631277902574E-01  -3.799727378597002E-02  -2.726951488133722E-01   1.000000000000000E+05
  6.074007779837377E-01  -3.648360748450458E-02  -2.643960540480188E-01   1.000000000000000E+05
  5.899762887090573E-01  -3.308689734202971E-02  -2.553044267368149E-01   1.000000000000000E+05
  5.721260338254734E-01  -2.746993295382319E-02  -2.454302661772586E-01   1.000000000000000E+05
  5.541604042106801E-01  -1.934189462113521E-02  -2.347955874103199E-01   1.000000000000000E+05
  5.364469162354411E-01  -8.493796795826155E-03  -2.234254069505516E-01   1.000000000000000E+05
  5.193909635846202E-01   5.171319544510021E-03  -2.113398744816190E-01   1.000000000000000E+05
  5.034153872652863E-01   2.161628011557047E-02  -1.985486500660020E-01   1.000000000000000E+05
  4.889400100147099E-01   4.065790171901457E-02  -1.850483056806081E-01   1.000000000000000E+05
  4.763621864477465E-01   6.196660929016664E-02  -1.708231256788432E-01   1.000000000000000E+05
  4.660392737469786E-01   8.507780773543512E-02  -1.558492386870717E-01   1.000000000000000E+05
  4.582737462432366E-01   1.094142464913368E-01  -1.401015826329488E-01   1.000000000000000E+05
  4.533014779810895E-01   1.343176581795906E-01  -1.235628326701848E-01   1.000000000000000E+05
  4.512835161779550E-01   1.590871498711636E-01  -1.062331497855649E-01   1.000000000000000E+05
  4.523014786378692E-01   1.830212479724358E-01  -8.813946614729158E-02   1.000000000000000E+05
  4.563565394351009E-01   2.054601963288933E-01  -6.934302815895599E-02   1.000000000000000E+05
  4.633718253657217E-01   2.258251070043777E-01  -4.994407048101560E-02   1.000000000000000E+05
  4.731979327346641E-01   2.436508618459639E-01  -3.008277901821896E-02   1.000000000000000E+05
  4.856211886070035E-01   2.586102306385489E-01  -9.936088900990923E-03   1.000000000000000E+05
  5.003742188295977E-01   2.705274543625036E-01   1.028968554639290E-02   1.000000000000000E+05
  5.171483416625370E-01   2.793804667107050E-01   3.036992539005554E-02   1.000000000000000E+05
  5.356072752725853E-01   2.852919084236647E-01   5.007559042328107E-02   1.000000000000000E+05
  5.554016250274040E-01   2.885100379246944E-01   6.918866396018671E-02   1.000000000000000E+05
  5.761835996211389E-01   2.893814732049974E-01   8.751768009450347E-02   1.000000000000000E+05
  5.976213929631848E-01   2.883183410422956E-01   1.049117696591036E-01   1.000000000000000E+05
  6.194126632894804E-01   2.857628062599153E-01   1.212717356737204E-01   1.000000000000000E+05
  6.412965460668324E-01   2.821520751365768E-01   1.365568992091185E-01   1.000000000000000E+05
  6.630636584037194E-01   2.778868085082556E-01   1.507868226672764E-01   1.000000000000000E+05
  6.845635958521900E-01   2.733054627759950E-01   1.640374857212867E-01   1.000000000000000E+05
  7.057094931130677E-01   2.686664456836350E-01   1.764320149756871E-01   1.000000000000000E+05
  7.264793219565931E-01   2.641391919860923E-01   1.881266007242927E-01   1.000000000000000E+05
  7.469137336262250E-01   2.598044081699169E-01   1.992927204975053E-01   1.000000000000000E+05
  7.671104166010539E-01   2.556628865125861E-01   2.100971806979731E-01   1.000000000000000E+05
  7.872151274885223E-01   2.516515256129163E-01   2.206817444851059E-01   1.000000000000000E+05
  8.074097528622269E-01   2.476645856808423E-01   2.311442088583524E-01   1.000000000000000E+05
  8.278979596898847E-01   2.435778045936814E-01   2.415227147905066E-01   1.000000000000000E+05
  8.488891760447594E-01   2.392728363251655E-01   2.517848262493624E-01   1.000000000000000E+05
  8.705817956512809E-01   2.346595547171229E-01   2.618225184058840E-01   1.000000000000000E+05
  8.931466038381654E-01   2.296940769524223E-01   2.714537080627613E-01   1.000000000000000E+05
  9.167114654550736E-01   2.243908652330249E-01   2.804303871432406E-01   1.000000000000000E+05
  9.413482880515599E-01   2.188279074041274E-01   2.884528362269957E-01   1.000000000000000E+05
  9.670631722065952E-01   2.131446912651241E-01   2.951888541934981E-01   1.000000000000000E+05
  9.937904875502935E-01   2.075334018158444E-01   3.002964926385110E-01   1.000000000000000E+05
  1.021391376373043E+00   2.022244165894836E-01   3.034484715801491E-01   1.000000000000000E+05
  1.049656901500142E+00   1.974676912453681E-01   3.043563048543796E-01   1.000000000000000E+05
  1.078315741198587E+00   1.935119699640241E-01   3.027921926096170E-01   1.000000000000000E+05
  1.107046014799898E+00   1.905838957418659E-01   2.986069406237158E-01   1.000000000000000E+05
  1.135490523702951E+00   1.888690280328803E-01   2.917425214840518E-01   1.000000000000000E+05
  1.163274438209956E+00   1.884965137573980E-01   2.822383662687561E-01   1.000000000000000E+05
  1.190024273245975E+00   1.895287357055531E-01   2.702310215598702E-01   1.000000000000000E+05
  1.215386892567634E+00   1.919567279362484E-01   2.559473732867518E-01   1.000000000000000E+05
  1.239047272146277E+00   1.957015586874802E-01   2.396921726201800E-01   1.000000000000000E+05
  1.260743841811280E+00   2.006212988711609E-01   2.218310504298706E-01   1.000000000000000E+05
  1.280280404482307E+00   2.065226769184378E-01   2.027705349468158E-01   1.000000000000000E+05
  1.297533890899260E+00   2.131761183615849E-01   1.829367641709749E-01   1.000000000000000E+05
  1.312457524141162E+00   2.203326173115078E-01   1.627545974682738E-01   1.000000000000000E+05
  1.325079316524757E+00   2.277408062197397E-01   1.426286833325524E-01   1.000000000000000E+05
  1.335496172669171E+00   2.351626808536092E-01   1.229277519071355E-01   1.000000000000000E+05
  1.343864197004556E+00   2.423866820871603E-01   1.039730047237443E-01   1.000000000000000E+05
  1.350386074276750E+00   2.492372020100703E-01   8.603101357795664E-02   1.000000000000000E+05
  1.355296584753100E+00   2.555800242420280E-01   6.931106456745142E-02   1.000000000000000E+05
  1.358847415714598E+00   2.613236757115362E-01   5.396644175892829E-02   1.000000000000000E+05
  1.361292429575082E+00   2.664171069529712E-01   4.009878295956412E-02   1.000000000000000E+05
  1.362874447850069E+00   2.708444822776450E-01   2.776439382767601E-02   1.000000000000000E+05
  1.363814419522039E+00   2.746181118355461E-01   1.698129951853117E-02   1.000000000000000E+05
  1.364303580615086E+00   2.777706702212246E-01   7.735853604329808E-03   1.000000000000000E+05
  1.364498904023291E+00   2.803478127294792E-01  -1.209535916424278E-05   1.000000000000000E+05
  1.364521814092411E+00   2.824021293661200E-01  -6.326181047357238E-03   1.000000000000000E+05
  1.364459829915066E+00   2.839890927132392E-01  -1.129296119492513E-02   1.000000000000000E+05
  1.364370534187031E+00   2.851652960112387E-01  -1.502372599534902E-02   1.000000000000000E+05
  1.364287066063818E+00   2.859888881702742E-01  -1.765816631557713E-02   1.000000000000000E+05
  1.364224225465604E+00   2.865217420137643E-01  -1.936904407628575E-02   1.000000000000000E+05
  1.364184263031565E+00   2.868325877915587E-01  -2.036675592146123E-02   1.000000000000000E+05
  1.364161515316355E+00   2.870001451943273E-01  -2.090256129793815E-02   1.000000000000000E+05
  1.364161515316355E+00   2.870001451943273E-01  -2.090256129793815E-02   0.000000000000000E+00 1 CurveXYZFourier1 
  1.158773268817348E+00   8.449144163662978E-01  -1.413386922777768E-01   1.032136858446888E+05
  1.158526198016002E+00   8.448963938219549E-01  -1.423302075907873E-01   1.032136858446888E+05
  1.158294362448867E+00   8.448781970746045E-01  -1.432567149329652E-01   1.032136858446888E+05
  1.157993138166393E+00   8.448495635934044E-01  -1.444489993039998E-01   1.032136858446888E+05
  1.157538648321935E+00   8.447949696005390E-01  -1.462162036463141E-01   1.032136858446888E+05
  1.156848992977005E+00   8.446933326938464E-01  -1.488364541211644E-01   1.032136858446888E+05
  1.155844345766212E+00   8.445156419473221E-01  -1.525492519560853E-01   1.032136858446888E+05
  1.154446223486863E+00   8.442207573060091E-01  -1.575497821395440E-01   1.032136858446888E+05
  1.152576307955512E+00   8.437498995793852E-01  -1.639851710121476E-01   1.032136858446888E+05
  1.150155222656713E+00   8.430205831070877E-01  -1.719526195550236E-01   1.032136858446888E+05
  1.147101639636008E+00   8.419208992465467E-01  -1.814992538608281E-01   1.032136858446888E+05
  1.143332020033013E+00   8.403051212748297E-01  -1.926234734062950E-01   1.032136858446888E+05
  1.138761184631707E+00   8.379915601768393E-01  -2.052775431260724E-01   1.032136858446888E+05
  1.133303782419286E+00   8.347634563019142E-01  -2.193711660065429E-01   1.032136858446888E+05
  1.126876591035259E+00   8.303734544678179E-01  -2.347757856404375E-01   1.032136858446888E+05
  1.119401459127230E+00   8.245518996445139E-01  -2.513293976663108E-01   1.032136858446888E+05
  1.110808601567984E+00   8.170188343728141E-01  -2.688416888061698E-01   1.032136858446888E+05
  1.101039895811844E+00   8.074992101986556E-01  -2.870993654328303E-01   1.032136858446888E+05
  1.090051808744667E+00   7.957404783487485E-01  -3.058715737498862E-01   1.032136858446888E+05
  1.077817610585021E+00   7.815314331699723E-01  -3.249153453642817E-01   1.032136858446888E+05
  1.064328602861016E+00   7.647209746674417E-01  -3.439810215727829E-01   1.032136858446888E+05
  1.049594193435512E+00   7.452353558027086E-01  -3.628176154196729E-01   1.032136858446888E+05
  1.033640781123925E+00   7.230924987410406E-01  -3.811780630365873E-01   1.032136858446888E+05
  1.016509550990031E+00   6.984121040546292E-01  -3.988242975064287E-01   1.032136858446888E+05
  9.982534130501272E-01   6.714205291851815E-01  -4.155320537263414E-01   1.032136858446888E+05
  9.789334265066728E-01   6.424497582402848E-01  -4.310952868034983E-01   1.032136858446888E+05
  9.586151255953339E-01   6.119301969022320E-01  -4.453300651306297E-01   1.032136858446888E+05
  9.373651921327910E-01   5.803774702351470E-01  -4.580777878449141E-01   1.032136858446888E+05
  9.152488990920109E-01   5.483738407750257E-01  -4.692075792127312E-01   1.032136858446888E+05
  8.923286795242571E-01   5.165452629734426E-01  -4.786177322949738E-01   1.032136858446888E+05
  8.686640617734126E-01   4.855354148011681E-01  -4.862361116621983E-01   1.032136858446888E+05
  8.443130659086502E-01   4.559782714586132E-01  -4.920194783294867E-01   1.032136858446888E+05
  8.193349921588772E-01   4.284708917612376E-01  -4.959517656784649E-01   1.032136858446888E+05
  7.937943667422701E-01   4.035480671776260E-01  -4.980414072921231E-01   1.032136858446888E+05
  7.677656613582807E-01   3.816603398027856E-01  -4.983178894114261E-01   1.032136858446888E+05
  7.413382860867620E-01   3.631566422343887E-01  -4.968277646121677E-01   1.032136858446888E+05
  7.146212849686672E-01   3.482724718899121E-01  -4.936304120034704E-01   1.032136858446888E+05
  6.877471482373521E-01   3.371241141269589E-01  -4.887938565179972E-01   1.032136858446888E+05
  6.608741987766790E-01   3.297090061002277E-01  -4.823909612352447E-01   1.032136858446888E+05
  6.341871107879550E-01   3.259119211631576E-01  -4.744962800541149E-01   1.032136858446888E+05
  6.078952679663606E-01   3.255162843325136E-01  -4.651838040271192E-01   1.032136858446888E+05
  5.822288537352355E-01   3.282196305613320E-01  -4.545257567029459E-01   1.032136858446888E+05
  5.574327703800247E-01   3.336520098340088E-01  -4.425924979072915E-01   1.032136858446888E+05
  5.337586880866295E-01   3.413960381941356E-01  -4.294534896474422E-01   1.032136858446888E+05
  5.114557093116561E-01   3.510072940685609E-01  -4.151791717757485E-01   1.032136858446888E+05
  4.907602804793311E-01   3.620338577093626E-01  -3.998434987269702E-01   1.032136858446888E+05
  4.718860768957620E-01   3.740339730538166E-01  -3.835268116376012E-01   1.032136858446888E+05
  4.550146179797602E-01   3.865910541637014E-01  -3.663186706349522E-01   1.032136858446888E+05
  4.402873342583714E-01   3.993255368873197E-01  -3.483202559635546E-01   1.032136858446888E+05
  4.277997072155011E-01   4.119033632347612E-01  -3.296459668942345E-01   1.032136858446888E+05
  4.175979463500448E-01   4.240411550885113E-01  -3.104239037273634E-01   1.032136858446888E+05
  4.096784684718543E-01   4.355083628250848E-01  -2.907950069560959E-01   1.032136858446888E+05
  4.039902202700517E-01   4.461268463381002E-01  -2.709107419486195E-01   1.032136858446888E+05
  4.004396569119344E-01   4.557684509104817E-01  -2.509293478920961E-01   1.032136858446888E+05
  3.988979777556109E-01   4.643511759911369E-01  -2.310108049787598E-01   1.032136858446888E+05
  3.992100445569964E-01   4.718345061165891E-01  -2.113108018825889E-01   1.032136858446888E+05
  4.012042838065156E-01   4.782143912748884E-01  -1.919740947575406E-01   1.032136858446888E+05
  4.047028140892658E-01   4.835182450232369E-01  -1.731277289675605E-01   1.032136858446888E+05
  4.095310466590152E-01   4.878001915021860E-01  -1.548746375917546E-01   1.032136858446888E+05
  4.155260812851385E-01   4.911366565386680E-01  -1.372881316399226E-01   1.032136858446888E+05
  4.225433520526484E-01   4.936222810302885E-01  -1.204077547060372E-01   1.032136858446888E+05
  4.304611557651903E-01   4.953660508701885E-01  -1.042368921179459E-01   1.032136858446888E+05
  4.391829012505222E-01   4.964874958186268E-01  -8.874240775208520E-02   1.032136858446888E+05
  4.486371310030265E-01   4.971128129923436E-01  -7.385643989057396E-02   1.032136858446888E+05
  4.587755664862794E-01   4.973708159133143E-01  -5.948033238402443E-02   1.032136858446888E+05
  4.695695958337931E-01   4.973886886012043E-01  -4.549052175819086E-02   1.032136858446888E+05
  4.810057417999021E-01   4.972876228208405E-01  -3.174605766265303E-02   1.032136858446888E+05
  4.930807077545054E-01   4.971785193336419E-01  -1.809731502911439E-02   1.032136858446888E+05
  5.057965954378024E-01   4.971580240724713E-01  -4.395371177581450E-03   1.032136858446888E+05
  5.191568217394225E-01   4.973052320545392E-01   9.498523421063757E-03   1.032136858446888E+05
  5.331631409005783E-01   4.976794132626025E-01   2.370395282657427E-02   1.032136858446888E+05
  5.478140167257185E-01   4.983190881404324E-01   3.831335164938907E-02   1.032136858446888E+05
  5.631044042477854E-01   4.992427040752965E-01   5.338547850994232E-02   1.032136858446888E+05
  5.790268118060328E-01   5.004510428144756E-01   6.894068435513254E-02   1.032136858446888E+05
  5.955733430063184E-01   5.019313326366394E-01   8.495818069795158E-02   1.032136858446888E+05
  6.127382821684310E-01   5.036628636504286E-01   1.013753715889909E-01   1.032136858446888E+05
  6.305207016394824E-01   5.056237285550959E-01   1.180891751629974E-01   1.032136858446888E+05
  6.489265446234236E-01   5.077981546688165E-01   1.349591374236672E-01   1.032136858446888E+05
  6.679696766012760E-01   5.101837752678460E-01   1.518120422720833E-01   1.032136858446888E+05
  6.876714990258083E-01   5.127981255233789E-01   1.684476547569329E-01   1.032136858446888E+05
  7.080588714066872E-01   5.156836518699380E-01   1.846452030019431E-01   1.032136858446888E+05
  7.291602772770621E-01   5.189105983901132E-01   2.001702086024693E-01   1.032136858446888E+05
  7.510003768824965E-01   5.225772774406342E-01   2.147813123745815E-01   1.032136858446888E+05
  7.735932935538904E-01   5.268074346607802E-01   2.282368060196205E-01   1.032136858446888E+05
  7.969351602677481E-01   5.317446644652795E-01   2.403006619967078E-01   1.032136858446888E+05
  8.209965884900430E-01   5.375440996744191E-01   2.507479436796848E-01   1.032136858446888E+05
  8.457157976054733E-01   5.443618633705802E-01   2.593695653067838E-01   1.032136858446888E+05
  8.709931501300341E-01   5.523430068142318E-01   2.659764465666872E-01   1.032136858446888E+05
  8.966877721454098E-01   5.616088403841988E-01   2.704031618151350E-01   1.032136858446888E+05
  9.226168036371162E-01   5.722446752085294E-01   2.725112132659248E-01   1.032136858446888E+05
  9.485576300776882E-01   5.842890178056024E-01   2.721920584635347E-01   1.032136858446888E+05
  9.742532109326133E-01   5.977251927804396E-01   2.693699956127145E-01   1.032136858446888E+05
  9.994203634087440E-01   6.124762120854728E-01   2.640049597905885E-01   1.032136858446888E+05
  1.023760603795993E+00   6.284034747565508E-01   2.560952153469219E-01   1.032136858446888E+05
  1.046972917547833E+00   6.453095872478648E-01   2.456798536267185E-01   1.032136858446888E+05
  1.068767644265178E+00   6.629452664372908E-01   2.328409304020913E-01   1.032136858446888E+05
  1.088880542501858E+00   6.810199537791544E-01   2.177050140751135E-01   1.032136858446888E+05
  1.107086053687729E+00   6.992154598028443E-01   2.004438728751932E-01   1.032136858446888E+05
  1.123208819591990E+00   7.172017013656496E-01   1.812740140877961E-01   1.032136858446888E+05
  1.137132621476548E+00   7.346534135485359E-01   1.604548052947011E-01   1.032136858446888E+05
  1.148806092174127E+00   7.512666309040151E-01   1.382849579489337E-01   1.032136858446888E+05
  1.158244789275455E+00   7.667737475764168E-01   1.150972352022016E-01   1.032136858446888E+05
  1.165529488113171E+00   7.809560819313516E-01   9.125135331214856E-02   1.032136858446888E+05
  1.170800834037964E+00   7.936530787027528E-01   6.712517090973630E-02   1.032136858446888E+05
  1.174250760555242E+00   8.047675617492602E-01   4.310439253567484E-02   1.032136858446888E+05
  1.176111310608842E+00   8.142667779674925E-01   1.957114064513849E-02   1.032136858446888E+05
  1.176641673524321E+00   8.221793179671750E-01  -3.108137855923635E-03   1.032136858446888E+05
  1.176114355921221E+00   8.285883303780542E-01  -2.459487911313710E-02   1.032136858446888E+05
  1.174801433749541E+00   8.336217340962846E-01  -4.459012211734941E-02   1.032136858446888E+05
  1.172961783991928E+00   8.374403505804554E-01  -6.284512948287045E-02   1.032136858446888E+05
  1.170830074937521E+00   8.402250073670720E-01  -7.917033141093645E-02   1.032136858446888E+05
  1.168608115937761E+00   8.421636937206399E-01  -9.344209027513016E-02   1.032136858446888E+05
  1.166458948788244E+00   8.434397787454850E-01  -1.056068953386152E-01   1.032136858446888E+05
  1.164503824117800E+00   8.442221399906874E-01  -1.156827379978422E-01   1.032136858446888E+05
  1.162821969351175E+00   8.446578140018413E-01  -1.237575771917923E-01   1.032136858446888E+05
  1.161452840972554E+00   8.448674939352041E-01  -1.299849702664246E-01   1.032136858446888E+05
  1.160400381105225E+00   8.449438924669403E-01  -1.345771042414901E-01   1.032136858446888E+05
  1.159638680470815E+00   8.449526918449165E-01  -1.377956043307682E-01   1.032136858446888E+05
  1.159118394542336E+00   8.449355468567757E-01  -1.399406106080160E-01   1.032136858446888E+05
  1.158773268817348E+00   8.449144163662978E-01  -1.413386922777768E-01   1.032136858446888E+05
  1.158773268817348E+00   8.449144163662978E-01  -1.413386922777768E-01   0.000000000000000E+00 2 CurveXYZFourier2 
  1.364161515316355E+00  -2.870001451943273E-01   2.090256129793815E-02  -1.000000000000000E+05
  1.364145220153766E+00  -2.871152209435964E-01   2.126927511139036E-02  -1.000000000000000E+05
  1.364120094843210E+00  -2.872808173634380E-01   2.179840525556063E-02  -1.000000000000000E+05
  1.364064555154209E+00  -2.876095150871165E-01   2.285303231870438E-02  -1.000000000000000E+05
  1.363946766358812E+00  -2.882177285131718E-01   2.481615341540304E-02  -1.000000000000000E+05
  1.363719016712381E+00  -2.892168495882071E-01   2.807470286614026E-02  -1.000000000000000E+05
  1.363311158017629E+00  -2.907017469817851E-01   3.299996963150513E-02  -1.000000000000000E+05
  1.362624040006353E+00  -2.927375209856029E-01   3.992560201543103E-02  -1.000000000000000E+05
  1.361523954665457E+00  -2.953457767209731E-01   4.912477327522167E-02  -1.000000000000000E+05
  1.359839091321256E+00  -2.984919224886586E-01   6.078833380333461E-02  -1.000000000000000E+05
  1.357358881159102E+00  -3.020750905246521E-01   7.500586471987317E-02  -1.000000000000000E+05
  1.353836889021016E+00  -3.059221936751794E-01   9.175145757391788E-02  -1.000000000000000E+05
  1.348997608576641E+00  -3.097873714194181E-01   1.108757761975492E-01  -1.000000000000000E+05
  1.342547160243440E+00  -3.133576591783063E-01   1.321055279359202E-01  -1.000000000000000E+05
  1.334187511357707E+00  -3.162651708462726E-01   1.550509169365617E-01  -1.000000000000000E+05
  1.323633469906250E+00  -3.181054657854833E-01   1.792210194163013E-01  -1.000000000000000E+05
  1.310631381309029E+00  -3.184611381741353E-01   2.040463660084912E-01  -1.000000000000000E+05
  1.294978213643808E+00  -3.169290829830495E-01   2.289073990069919E-01  -1.000000000000000E+05
  1.276539575411677E+00  -3.131494211755770E-01   2.531669498876458E-01  -1.000000000000000E+05
  1.255265187902979E+00  -3.068337605433145E-01   2.762045044552803E-01  -1.000000000000000E+05
  1.231200437626494E+00  -2.977903670407557E-01   2.974498263034385E-01  -1.000000000000000E+05
  1.204492858344007E+00  -2.859439448116989E-01   3.164135147224871E-01  -1.000000000000000E+05
  1.175392721566602E+00  -2.713480699846926E-01   3.327122831358629E-01  -1.000000000000000E+05
  1.144247324044961E+00  -2.541888702803149E-01   3.460871422411696E-01  -1.000000000000000E+05
  1.111489018609564E+00  -2.347792455225082E-01   3.564132246183459E-01  -1.000000000000000E+05
  1.077617503885186E+00  -2.135437224763515E-01   3.637006467198932E-01  -1.000000000000000E+05
  1.043177330691451E+00  -1.909948589184723E-01   3.680865121300743E-01  -1.000000000000000E+05
  1.008731961991003E+00  -1.677028797718726E-01   3.698188545686977E-01  -1.000000000000000E+05
  9.748360076979404E-01  -1.442608685609591E-01   3.692339394625049E-01  -1.000000000000000E+05
  9.420074218261846E-01  -1.212482864439169E-01   3.667288351671274E-01  -1.000000000000000E+05
  9.107014833289393E-01  -9.919580119645892E-02   3.627314872527587E-01  -1.000000000000000E+05
  8.812882803640697E-01  -7.855435372426664E-02   3.576706556662778E-01  -1.000000000000000E+05
  8.540351884409111E-01  -5.967106837005352E-02   3.519479972097293E-01  -1.000000000000000E+05
  8.290954940481297E-01  -4.277404897273719E-02   3.459143055267044E-01  -1.000000000000000E+05
  8.065038936484779E-01  -2.796734224588093E-02   3.398514860931586E-01  -1.000000000000000E+05
  7.861791263593848E-01  -1.523645987847312E-02   3.339612876606396E-01  -1.000000000000000E+05
  7.679335136655070E-01  -4.463910587987694E-03   3.283611877121635E-01  -1.000000000000000E+05
  7.514887179393812E-01   4.546710927826308E-03   3.230871965000973E-01  -1.000000000000000E+05
  7.364966275077751E-01   1.204031557823542E-02   3.181027604526460E-01  -1.000000000000000E+05
  7.225639582068953E-01   1.827641976860415E-02   3.133124635041699E-01  -1.000000000000000E+05
  7.092789509196320E-01   2.349492044153653E-02   3.085788856975049E-01  -1.000000000000000E+05
  6.962384534912752E-01   2.788476538595697E-02   3.037408090357777E-01  -1.000000000000000E+05
  6.830737059411357E-01   3.155849791811646E-02   2.986309708588565E-01  -1.000000000000000E+05
  6.694732927494738E-01   3.453513852321582E-02   2.930917472025510E-01  -1.000000000000000E+05
  6.552019693957909E-01   3.673311856814613E-02   2.869874783638129E-01  -1.000000000000000E+05
  6.401143896180708E-01   3.797406915091045E-02   2.802125881197226E-01  -1.000000000000000E+05
  6.241631277902574E-01   3.799727378597002E-02   2.726951488133722E-01  -1.000000000000000E+05
  6.074007779837377E-01   3.648360748450458E-02   2.643960540480188E-01  -1.000000000000000E+05
  5.899762887090573E-01   3.308689734202971E-02   2.553044267368149E-01  -1.000000000000000E+05
  5.721260338254734E-01   2.746993295382319E-02   2.454302661772586E-01  -1.000000000000000E+05
  5.541604042106801E-01   1.934189462113521E-02   2.347955874103199E-01  -1.000000000000000E+05
  5.364469162354411E-01   8.493796795826155E-03   2.234254069505516E-01  -1.000000000000000E+05
  5.193909635846202E-01  -5.171319544510021E-03   2.113398744816190E-01  -1.000000000000000E+05
  5.034153872652863E-01  -2.161628011557047E-02   1.985486500660020E-01  -1.000000000000000E+05
  4.889400100147099E-01  -4.065790171901457E-02   1.850483056806081E-01  -1.000000000000000E+05
  4.763621864477465E-01  -6.196660929016664E-02   1.708231256788432E-01  -1.000000000000000E+05
  4.660392737469786E-01  -8.507780773543512E-02   1.558492386870717E-01  -1.000000000000000E+05
  4.582737462432366E-01  -1.094142464913368E-01   1.401015826329488E-01  -1.000000000000000E+05
  4.533014779810895E-01  -1.343176581795906E-01   1.235628326701848E-01  -1.000000000000000E+05
  4.512835161779550E-01  -1.590871498711636E-01   1.062331497855649E-01  -1.000000000000000E+05
  4.523014786378692E-01  -1.830212479724358E-01   8.813946614729158E-02  -1.000000000000000E+05
  4.563565394351009E-01  -2.054601963288933E-01   6.934302815895599E-02  -1.000000000000000E+05
  4.633718253657217E-01  -2.258251070043777E-01   4.994407048101560E-02  -1.000000000000000E+05
  4.731979327346641E-01  -2.436508618459639E-01   3.008277901821896E-02  -1.000000000000000E+05
  4.856211886070035E-01  -2.586102306385489E-01   9.936088900990923E-03  -1.000000000000000E+05
  5.003742188295977E-01  -2.705274543625036E-01  -1.028968554639290E-02  -1.000000000000000E+05
  5.171483416625370E-01  -2.793804667107050E-01  -3.036992539005554E-02  -1.000000000000000E+05
  5.356072752725853E-01  -2.852919084236647E-01  -5.007559042328107E-02  -1.000000000000000E+05
  5.554016250274040E-01  -2.885100379246944E-01  -6.918866396018671E-02  -1.000000000000000E+05
  5.761835996211389E-01  -2.893814732049974E-01  -8.751768009450347E-02  -1.000000000000000E+05
  5.976213929631848E-01  -2.883183410422956E-01  -1.049117696591036E-01  -1.000000000000000E+05
  6.194126632894804E-01  -2.857628062599153E-01  -1.212717356737204E-01  -1.000000000000000E+05
  6.412965460668324E-01  -2.821520751365768E-01  -1.365568992091185E-01  -1.000000000000000E+05
  6.630636584037194E-01  -2.778868085082556E-01  -1.507868226672764E-01  -1.000000000000000E+05
  6.845635958521900E-01  -2.733054627759950E-01  -1.640374857212867E-01  -1.000000000000000E+05
  7.057094931130677E-01  -2.686664456836350E-01  -1.764320149756871E-01  -1.000000000000000E+05
  7.264793219565931E-01  -2.641391919860923E-01  -1.881266007242927E-01  -1.000000000000000E+05
  7.469137336262250E-01  -2.598044081699169E-01  -1.992927204975053E-01  -1.000000000000000E+05
  7.671104166010539E-01  -2.556628865125861E-01  -2.100971806979731E-01  -1.000000000000000E+05
  7.872151274885223E-01  -2.516515256129163E-01  -2.206817444851059E-01  -1.000000000000000E+05
  8.074097528622269E-01  -2.476645856808423E-01  -2.311442088583524E-01  -1.000000000000000E+05
  8.278979596898847E-01  -2.435778045936814E-01  -2.415227147905066E-01  -1.000000000000000E+05
  8.488891760447594E-01  -2.392728363251655E-01  -2.517848262493624E-01  -1.000000000000000E+05
  8.705817956512809E-01  -2.346595547171229E-01  -2.618225184058840E-01  -1.000000000000000E+05
  8.931466038381654E-01  -2.296940769524223E-01  -2.714537080627613E-01  -1.000000000000000E+05
  9.167114654550736E-01  -2.243908652330249E-01  -2.804303871432406E-01  -1.000000000000000E+05
  9.413482880515599E-01  -2.188279074041274E-01  -2.884528362269957E-01  -1.000000000000000E+05
  9.670631722065952E-01  -2.131446912651241E-01  -2.951888541934981E-01  -1.000000000000000E+05
  9.937904875502935E-01  -2.075334018158444E-01  -3.002964926385110E-01  -1.000000000000000E+05
  1.021391376373043E+00  -2.022244165894836E-01  -3.034484715801491E-01  -1.000000000000000E+05
  1.049656901500142E+00  -1.974676912453681E-01  -3.043563048543796E-01  -1.000000000000000E+05
  1.078315741198587E+00  -1.935119699640241E-01  -3.027921926096170E-01  -1.000000000000000E+05
  1.107046014799898E+00  -1.905838957418659E-01  -2.986069406237158E-01  -1.000000000000000E+05
  1.135490523702951E+00  -1.888690280328803E-01  -2.917425214840518E-01  -1.000000000000000E+05
  1.163274438209956E+00  -1.884965137573980E-01  -2.822383662687561E-01  -1.000000000000000E+05
  1.190024273245975E+00  -1.895287357055531E-01  -2.702310215598702E-01  -1.000000000000000E+05
  1.215386892567634E+00  -1.919567279362484E-01  -2.559473732867518E-01  -1.000000000000000E+05
  1.239047272146277E+00  -1.957015586874802E-01  -2.396921726201800E-01  -1.000000000000000E+05
  1.260743841811280E+00  -2.006212988711609E-01  -2.218310504298706E-01  -1.000000000000000E+05
  1.280280404482307E+00  -2.065226769184378E-01  -2.027705349468158E-01  -1.000000000000000E+05
  1.297533890899260E+00  -2.131761183615849E-01  -1.829367641709749E-01  -1.000000000000000E+05
  1.312457524141162E+00  -2.203326173115078E-01  -1.627545974682738E-01  -1.000000000000000E+05
  1.325079316524757E+00  -2.277408062197397E-01  -1.426286833325524E-01  -1.000000000000000E+05
  1.335496172669171E+00  -2.351626808536092E-01  -1.229277519071355E-01  -1.000000000000000E+05
  1.343864197004556E+00  -2.423866820871603E-01  -1.039730047237443E-01  -1.000000000000000E+05
  1.350386074276750E+00  -2.492372020100703E-01  -8.603101357795664E-02  -1.000000000000000E+05
  1.355296584753100E+00  -2.555800242420280E-01  -6.931106456745142E-02  -1.000000000000000E+05
  1.358847415714598E+00  -2.613236757115362E-01  -5.396644175892829E-02  -1.000000000000000E+05
  1.361292429575082E+00  -2.664171069529712E-01  -4.009878295956412E-02  -1.000000000000000E+05
  1.362874447850069E+00  -2.708444822776450E-01  -2.776439382767601E-02  -1.000000000000000E+05
  1.363814419522039E+00  -2.746181118355461E-01  -1.698129951853117E-02  -1.000000000000000E+05
  1.364303580615086E+00  -2.777706702212246E-01  -7.735853604329808E-03  -1.000000000000000E+05
  1.364498904023291E+00  -2.803478127294792E-01   1.209535916424278E-05  -1.000000000000000E+05
  1.364521814092411E+00  -2.824021293661200E-01   6.326181047357238E-03  -1.000000000000000E+05
  1.364459829915066E+00  -2.839890927132392E-01   1.129296119492513E-02  -1.000000000000000E+05
  1.364370534187031E+00  -2.851652960112387E-01   1.502372599534902E-02  -1.000000000000000E+05
  1.364287066063818E+00  -2.859888881702742E-01   1.765816631557713E-02  -1.000000000000000E+05
  1.364224225465604E+00  -2.865217420137643E-01   1.936904407628575E-02  -1.000000000000000E+05
  1.364184263031565E+00  -2.868325877915587E-01   2.036675592146123E-02  -1.000000000000000E+05
  1.364161515316355E+00  -2.870001451943273E-01   2.090256129793815E-02  -1.000000000000000E+05
  1.364161515316355E+00  -2.870001451943273E-01   2.090256129793815E-02   0.000000000000000E+00 3 RotatedCurve13 
  1.158773268817348E+00  -8.449144163662978E-01   1.413386922777768E-01  -1.032136858446888E+05
  1.158526198016002E+00  -8.448963938219549E-01   1.423302075907873E-01  -1.032136858446888E+05
  1.158294362448867E+00  -8.448781970746045E-01   1.432567149329652E-01  -1.032136858446888E+05
  1.157993138166393E+00  -8.448495635934044E-01   1.444489993039998E-01  -1.032136858446888E+05
  1.157538648321935E+00  -8.447949696005390E-01   1.462162036463141E-01  -1.032136858446888E+05
  1.156848992977005E+00  -8.446933326938464E-01   1.488364541211644E-01  -1.032136858446888E+05
  1.155844345766212E+00  -8.445156419473221E-01   1.525492519560853E-01  -1.032136858446888E+05
  1.154446223486863E+00  -8.442207573060091E-01   1.575497821395440E-01  -1.032136858446888E+05
  1.152576307955512E+00  -8.437498995793852E-01   1.639851710121476E-01  -1.032136858446888E+05
  1.150155222656713E+00  -8.430205831070877E-01   1.719526195550236E-01  -1.032136858446888E+05
  1.147101639636008E+00  -8.419208992465467E-01   1.814992538608281E-01  -1.032136858446888E+05
  1.143332020033013E+00  -8.403051212748297E-01   1.926234734062950E-01  -1.032136858446888E+05
  1.138761184631707E+00  -8.379915601768393E-01   2.052775431260724E-01  -1.032136858446888E+05
  1.133303782419286E+00  -8.347634563019142E-01   2.193711660065429E-01  -1.032136858446888E+05
  1.126876591035259E+00  -8.303734544678179E-01   2.347757856404375E-01  -1.032136858446888E+05
  1.119401459127230E+00  -8.245518996445139E-01   2.513293976663108E-01  -1.032136858446888E+05
  1.110808601567984E+00  -8.170188343728141E-01   2.688416888061698E-01  -1.032136858446888E+05
  1.101039895811844E+00  -8.074992101986556E-01   2.870993654328303E-01  -1.032136858446888E+05
  1.090051808744667E+00  -7.957404783487485E-01   3.058715737498862E-01  -1.032136858446888E+05
  1.077817610585021E+00  -7.815314331699723E-01   3.249153453642817E-01  -1.032136858446888E+05
  1.064328602861016E+00  -7.647209746674417E-01   3.439810215727829E-01  -1.032136858446888E+05
  1.049594193435512E+00  -7.452353558027086E-01   3.628176154196729E-01  -1.032136858446888E+05
  1.033640781123925E+00  -7.230924987410406E-01   3.811780630365873E-01  -1.032136858446888E+05
  1.016509550990031E+00  -6.984121040546292E-01   3.988242975064287E-01  -1.032136858446888E+05
  9.982534130501272E-01  -6.714205291851815E-01   4.155320537263414E-01  -1.032136858446888E+05
  9.789334265066728E-01  -6.424497582402848E-01   4.310952868034983E-01  -1.032136858446888E+05
  9.586151255953339E-01  -6.119301969022320E-01   4.453300651306297E-01  -1.032136858446888E+05
  9.373651921327910E-01  -5.803774702351470E-01   4.580777878449141E-01  -1.032136858446888E+05
  9.152488990920109E-01  -5.483738407750257E-01   4.692075792127312E-01  -1.032136858446888E+05
  8.923286795242571E-01  -5.165452629734426E-01   4.786177322949738E-01  -1.032136858446888E+05
  8.686640617734126E-01  -4.855354148011681E-01   4.862361116621983E-01  -1.032136858446888E+05
  8.443130659086502E-01  -4.559782714586132E-01   4.920194783294867E-01  -1.032136858446888E+05
  8.193349921588772E-01  -4.284708917612376E-01   4.959517656784649E-01  -1.032136858446888E+05
  7.937943667422701E-01  -4.035480671776260E-01   4.980414072921231E-01  -1.032136858446888E+05
  7.677656613582807E-01  -3.816603398027856E-01   4.983178894114261E-01  -1.032136858446888E+05
  7.413382860867620E-01  -3.631566422343887E-01   4.968277646121677E-01  -1.032136858446888E+05
  7.146212849686672E-01  -3.482724718899121E-01   4.936304120034704E-01  -1.032136858446888E+05
  6.877471482373521E-01  -3.371241141269589E-01   4.887938565179972E-01  -1.032136858446888E+05
  6.608741987766790E-01  -3.297090061002277E-01   4.823909612352447E-01  -1.032136858446888E+05
  6.341871107879550E-01  -3.259119211631576E-01   4.744962800541149E-01  -1.032136858446888E+05
  6.078952679663606E-01  -3.255162843325136E-01   4.651838040271192E-01  -1.032136858446888E+05
  5.822288537352355E-01  -3.282196305613320E-01   4.545257567029459E-01  -1.032136858446888E+05
  5.574327703800247E-01  -3.336520098340088E-01   4.425924979072915E-01  -1.032136858446888E+05
  5.337586880866295E-01  -3.413960381941356E-01   4.294534896474422E-01  -1.032136858446888E+05
  5.114557093116561E-01  -3.510072940685609E-01   4.151791717757485E-01  -1.032136858446888E+05
  4.907602804793311E-01  -3.620338577093626E-01   3.998434987269702E-01  -1.032136858446888E+05
  4.718860768957620E-01  -3.740339730538166E-01   3.835268116376012E-01  -1.032136858446888E+05
  4.550146179797602E-01  -3.865910541637014E-01   3.663186706349522E-01  -1.032136858446888E+05
  4.402873342583714E-01  -3.993255368873197E-01   3.483202559635546E-01  -1.032136858446888E+05
  4.277997072155011E-01  -4.119033632347612E-01   3.296459668942345E-01  -1.032136858446888E+05
  4.175979463500448E-01  -4.240411550885113E-01   3.104239037273634E-01  -1.032136858446888E+05
  4.096784684718543E-01  -4.355083628250848E-01   2.907950069560959E-01  -1.032136858446888E+05
  4.039902202700517E-01  -4.461268463381002E-01   2.709107419486195E-01  -1.032136858446888E+05
  4.004396569119344E-01  -4.557684509104817E-01   2.509293478920961E-01  -1.032136858446888E+05
  3.988979777556109E-01  -4.643511759911369E-01   2.310108049787598E-01  -1.032136858446888E+05
  3.992100445569964E-01  -4.718345061165891E-01   2.113108018825889E-01  -1.032136858446888E+05
  4.012042838065156E-01  -4.782143912748884E-01   1.919740947575406E-01  -1.032136858446888E+05
  4.047028140892658E-01  -4.835182450232369E-01   1.731277289675605E-01  -1.032136858446888E+05
  4.095310466590152E-01  -4.878001915021860E-01   1.548746375917546E-01  -1.032136858446888E+05
  4.155260812851385E-01  -4.911366565386680E-01   1.372881316399226E-01  -1.032136858446888E+05
  4.225433520526484E-01  -4.936222810302885E-01   1.204077547060372E-01  -1.032136858446888E+05
  4.304611557651903E-01  -4.953660508701885E-01   1.042368921179459E-01  -1.032136858446888E+05
  4.391829012505222E-01  -4.964874958186268E-01   8.874240775208520E-02  -1.032136858446888E+05
  4.486371310030265E-01  -4.971128129923436E-01   7.385643989057396E-02  -1.032136858446888E+05
  4.587755664862794E-01  -4.973708159133143E-01   5.948033238402443E-02  -1.032136858446888E+05
  4.695695958337931E-01  -4.973886886012043E-01   4.549052175819086E-02  -1.032136858446888E+05
  4.810057417999021E-01  -4.972876228208405E-01   3.174605766265303E-02  -1.032136858446888E+05
  4.930807077545054E-01  -4.971785193336419E-01   1.809731502911439E-02  -1.032136858446888E+05
  5.057965954378024E-01  -4.971580240724713E-01   4.395371177581450E-03  -1.032136858446888E+05
  5.191568217394225E-01  -4.973052320545392E-01  -9.498523421063757E-03  -1.032136858446888E+05
  5.331631409005783E-01  -4.976794132626025E-01  -2.370395282657427E-02  -1.032136858446888E+05
  5.478140167257185E-01  -4.983190881404324E-01  -3.831335164938907E-02  -1.032136858446888E+05
  5.631044042477854E-01  -4.992427040752965E-01  -5.338547850994232E-02  -1.032136858446888E+05
  5.790268118060328E-01  -5.004510428144756E-01  -6.894068435513254E-02  -1.032136858446888E+05
  5.955733430063184E-01  -5.019313326366394E-01  -8.495818069795158E-02  -1.032136858446888E+05
  6.127382821684310E-01  -5.036628636504286E-01  -1.013753715889909E-01  -1.032136858446888E+05
  6.305207016394824E-01  -5.056237285550959E-01  -1.180891751629974E-01  -1.032136858446888E+05
  6.489265446234236E-01  -5.077981546688165E-01  -1.349591374236672E-01  -1.032136858446888E+05
  6.679696766012760E-01  -5.101837752678460E-01  -1.518120422720833E-01  -1.032136858446888E+05
  6.876714990258083E-01  -5.127981255233789E-01  -1.684476547569329E-01  -1.032136858446888E+05
  7.080588714066872E-01  -5.156836518699380E-01  -1.846452030019431E-01  -1.032136858446888E+05
  7.291602772770621E-01  -5.189105983901132E-01  -2.001702086024693E-01  -1.032136858446888E+05
  7.510003768824965E-01  -5.225772774406342E-01  -2.147813123745815E-01  -1.032136858446888E+05
  7.735932935538904E-01  -5.268074346607802E-01  -2.282368060196205E-01  -1.032136858446888E+05
  7.969351602677481E-01  -5.317446644652795E-01  -2.403006619967078E-01  -1.032136858446888E+05
  8.209965884900430E-01  -5.375440996744191E-01  -2.507479436796848E-01  -1.032136858446888E+05
  8.457157976054733E-01  -5.443618633705802E-01  -2.593695653067838E-01  -1.032136858446888E+05
  8.709931501300341E-01  -5.523430068142318E-01  -2.659764465666872E-01  -1.032136858446888E+05
  8.966877721454098E-01  -5.616088403841988E-01  -2.704031618151350E-01  -1.032136858446888E+05
  9.226168036371162E-01  -5.722446752085294E-01  -2.725112132659248E-01  -1.032136858446888E+05
  9.485576300776882E-01  -5.842890178056024E-01  -2.721920584635347E-01  -1.032136858446888E+05
  9.742532109326133E-01  -5.977251927804396E-01  -2.693699956127145E-01  -1.032136858446888E+05
  9.994203634087440E-01  -6.124762120854728E-01  -2.640049597905885E-01  -1.032136858446888E+05
  1.023760603795993E+00  -6.284034747565508E-01  -2.560952153469219E-01  -1.032136858446888E+05
  1.046972917547833E+00  -6.453095872478648E-01  -2.456798536267185E-01  -1.032136858446888E+05
  1.068767644265178E+00  -6.629452664372908E-01  -2.328409304020913E-01  -1.032136858446888E+05
  1.088880542501858E+00  -6.810199537791544E-01  -2.177050140751135E-01  -1.032136858446888E+05
  1.107086053687729E+00  -6.992154598028443E-01  -2.004438728751932E-01  -1.032136858446888E+05
  1.123208819591990E+00  -7.172017013656496E-01  -1.812740140877961E-01  -1.032136858446888E+05
  1.137132621476548E+00  -7.346534135485359E-01  -1.604548052947011E-01  -1.032136858446888E+05
  1.148806092174127E+00  -7.512666309040151E-01  -1.382849579489337E-01  -1.032136858446888E+05
  1.158244789275455E+00  -7.667737475764168E-01  -1.150972352022016E-01  -1.032136858446888E+05
  1.165529488113171E+00  -7.809560819313516E-01  -9.125135331214856E-02  -1.032136858446888E+05
  1.170800834037964E+00  -7.936530787027528E-01  -6.712517090973630E-02  -1.032136858446888E+05
  1.174250760555242E+00  -8.047675617492602E-01  -4.310439253567484E-02  -1.032136858446888E+05
  1.176111310608842E+00  -8.142667779674925E-01  -1.957114064513849E-02  -1.032136858446888E+05
  1.176641673524321E+00  -8.221793179671750E-01   3.108137855923635E-03  -1.032136858446888E+05
  1.176114355921221E+00  -8.285883303780542E-01   2.459487911313710E-02  -1.032136858446888E+05
  1.174801433749541E+00  -8.336217340962846E-01   4.459012211734941E-02  -1.032136858446888E+05
  1.172961783991928E+00  -8.374403505804554E-01   6.284512948287045E-02  -1.032136858446888E+05
  1.170830074937521E+00  -8.402250073670720E-01   7.917033141093645E-02  -1.032136858446888E+05
  1.168608115937761E+00  -8.421636937206399E-01   9.344209027513016E-02  -1.032136858446888E+05
  1.166458948788244E+00  -8.434397787454850E-01   1.056068953386152E-01  -1.032136858446888E+05
  1.164503824117800E+00  -8.442221399906874E-01   1.156827379978422E-01  -1.032136858446888E+05
  1.162821969351175E+00  -8.446578140018413E-01   1.237575771917923E-01  -1.032136858446888E+05
  1.161452840972554E+00  -8.448674939352041E-01   1.299849702664246E-01  -1.032136858446888E+05
  1.160400381105225E+00  -8.449438924669403E-01   1.345771042414901E-01  -1.032136858446888E+05
  1.159638680470815E+00  -8.449526918449165E-01   1.377956043307682E-01  -1.032136858446888E+05
  1.159118394542336E+00  -8.449355468567757E-01   1.399406106080160E-01  -1.032136858446888E+05
  1.158773268817348E+00  -8.449144163662978E-01   1.413386922777768E-01  -1.032136858446888E+05
  1.158773268817348E+00  -8.449144163662978E-01   1.413386922777768E-01   0.000000000000000E+00 4 RotatedCurve14 
 -1.364161515316355E+00  -2.870001451943271E-01  -2.090256129793815E-02   1.000000000000000E+05
 -1.364145220153766E+00  -2.871152209435963E-01  -2.126927511139036E-02   1.000000000000000E+05
 -1.364120094843210E+00  -2.872808173634379E-01  -2.179840525556063E-02   1.000000000000000E+05
 -1.364064555154209E+00  -2.876095150871164E-01  -2.285303231870438E-02   1.000000000000000E+05
 -1.363946766358812E+00  -2.882177285131716E-01  -2.481615341540304E-02   1.000000000000000E+05
 -1.363719016712381E+00  -2.892168495882070E-01  -2.807470286614026E-02   1.000000000000000E+05
 -1.363311158017629E+00  -2.907017469817849E-01  -3.299996963150513E-02   1.000000000000000E+05
 -1.362624040006353E+00  -2.927375209856027E-01  -3.992560201543103E-02   1.000000000000000E+05
 -1.361523954665457E+00  -2.953457767209730E-01  -4.912477327522167E-02   1.000000000000000E+05
 -1.359839091321256E+00  -2.984919224886585E-01  -6.078833380333461E-02   1.000000000000000E+05
 -1.357358881159102E+00  -3.020750905246519E-01  -7.500586471987317E-02   1.000000000000000E+05
 -1.353836889021016E+00  -3.059221936751793E-01  -9.175145757391788E-02   1.000000000000000E+05
 -1.348997608576641E+00  -3.097873714194180E-01  -1.108757761975492E-01   1.000000000000000E+05
 -1.342547160243440E+00  -3.133576591783061E-01  -1.321055279359202E-01   1.000000000000000E+05
 -1.334187511357707E+00  -3.162651708462724E-01  -1.550509169365617E-01   1.000000000000000E+05
 -1.323633469906250E+00  -3.181054657854831E-01  -1.792210194163013E-01   1.000000000000000E+05
 -1.310631381309029E+00  -3.184611381741351E-01  -2.040463660084912E-01   1.000000000000000E+05
 -1.294978213643808E+00  -3.169290829830493E-01  -2.289073990069919E-01   1.000000000000000E+05
 -1.276539575411677E+00  -3.131494211755769E-01  -2.531669498876458E-01   1.000000000000000E+05
 -1.255265187902979E+00  -3.068337605433143E-01  -2.762045044552803E-01   1.000000000000000E+05
 -1.231200437626494E+00  -2.977903670407556E-01  -2.974498263034385E-01   1.000000000000000E+05
 -1.204492858344007E+00  -2.859439448116988E-01  -3.164135147224871E-01   1.000000000000000E+05
 -1.175392721566602E+00  -2.713480699846925E-01  -3.327122831358629E-01   1.000000000000000E+05
 -1.144247324044961E+00  -2.541888702803148E-01  -3.460871422411696E-01   1.000000000000000E+05
 -1.111489018609564E+00  -2.347792455225081E-01  -3.564132246183459E-01   1.000000000000000E+05
 -1.077617503885186E+00  -2.135437224763514E-01  -3.637006467198932E-01   1.000000000000000E+05
 -1.043177330691451E+00  -1.909948589184722E-01  -3.680865121300743E-01   1.000000000000000E+05
 -1.008731961991003E+00  -1.677028797718725E-01  -3.698188545686977E-01   1.000000000000000E+05
 -9.748360076979404E-01  -1.442608685609590E-01  -3.692339394625049E-01   1.000000000000000E+05
 -9.420074218261846E-01  -1.212482864439167E-01  -3.667288351671274E-01   1.000000000000000E+05
 -9.107014833289393E-01  -9.919580119645881E-02  -3.627314872527587E-01   1.000000000000000E+05
 -8.812882803640697E-01  -7.855435372426653E-02  -3.576706556662778E-01   1.000000000000000E+05
 -8.540351884409111E-01  -5.967106837005342E-02  -3.519479972097293E-01   1.000000000000000E+05
 -8.290954940481297E-01  -4.277404897273709E-02  -3.459143055267044E-01   1.000000000000000E+05
 -8.065038936484779E-01  -2.796734224588083E-02  -3.398514860931586E-01   1.000000000000000E+05
 -7.861791263593848E-01  -1.523645987847302E-02  -3.339612876606396E-01   1.000000000000000E+05
 -7.679335136655070E-01  -4.463910587987600E-03  -3.283611877121635E-01   1.000000000000000E+05
 -7.514887179393812E-01   4.546710927826400E-03  -3.230871965000973E-01   1.000000000000000E+05
 -7.364966275077751E-01   1.204031557823551E-02  -3.181027604526460E-01   1.000000000000000E+05
 -7.225639582068953E-01   1.827641976860424E-02  -3.133124635041699E-01   1.000000000000000E+05
 -7.092789509196320E-01   2.349492044153662E-02  -3.085788856975049E-01   1.000000000000000E+05
 -6.962384534912752E-01   2.788476538595705E-02  -3.037408090357777E-01   1.000000000000000E+05
 -6.830737059411357E-01   3.155849791811654E-02  -2.986309708588565E-01   1.000000000000000E+05
 -6.694732927494738E-01   3.453513852321591E-02  -2.930917472025510E-01   1.000000000000000E+05
 -6.552019693957909E-01   3.673311856814621E-02  -2.869874783638129E-01   1.000000000000000E+05
 -6.401143896180708E-01   3.797406915091053E-02  -2.802125881197226E-01   1.000000000000000E+05
 -6.241631277902574E-01   3.799727378597009E-02  -2.726951488133722E-01   1.000000000000000E+05
 -6.074007779837377E-01   3.648360748450465E-02  -2.643960540480188E-01   1.000000000000000E+05
 -5.899762887090573E-01   3.308689734202978E-02  -2.553044267368149E-01   1.000000000000000E+05
 -5.721260338254734E-01   2.746993295382326E-02  -2.454302661772586E-01   1.000000000000000E+05
 -5.541604042106801E-01   1.934189462113528E-02  -2.347955874103199E-01   1.000000000000000E+05
 -5.364469162354411E-01   8.493796795826221E-03  -2.234254069505516E-01   1.000000000000000E+05
 -5.193909635846202E-01  -5.171319544509958E-03  -2.113398744816190E-01   1.000000000000000E+05
 -5.034153872652863E-01  -2.161628011557041E-02  -1.985486500660020E-01   1.000000000000000E+05
 -4.889400100147099E-01  -4.065790171901450E-02  -1.850483056806081E-01   1.000000000000000E+05
 -4.763621864477465E-01  -6.196660929016658E-02  -1.708231256788432E-01   1.000000000000000E+05
 -4.660392737469786E-01  -8.507780773543507E-02  -1.558492386870717E-01   1.000000000000000E+05
 -4.582737462432366E-01  -1.094142464913367E-01  -1.401015826329488E-01   1.000000000000000E+05
 -4.533014779810895E-01  -1.343176581795906E-01  -1.235628326701848E-01   1.000000000000000E+05
 -4.512835161779550E-01  -1.590871498711635E-01  -1.062331497855649E-01   1.000000000000000E+05
 -4.523014786378692E-01  -1.830212479724358E-01  -8.813946614729158E-02   1.000000000000000E+05
 -4.563565394351009E-01  -2.054601963288933E-01  -6.934302815895599E-02   1.000000000000000E+05
 -4.633718253657217E-01  -2.258251070043776E-01  -4.994407048101560E-02   1.000000000000000E+05
 -4.731979327346642E-01  -2.436508618459639E-01  -3.008277901821896E-02   1.000000000000000E+05
 -4.856211886070036E-01  -2.586102306385489E-01  -9.936088900990923E-03   1.000000000000000E+05
 -5.003742188295977E-01  -2.705274543625035E-01   1.028968554639290E-02   1.000000000000000E+05
 -5.171483416625370E-01  -2.793804667107049E-01   3.036992539005554E-02   1.000000000000000E+05
 -5.356072752725853E-01  -2.852919084236646E-01   5.007559042328107E-02   1.000000000000000E+05
 -5.554016250274040E-01  -2.885100379246944E-01   6.918866396018671E-02   1.000000000000000E+05
 -5.761835996211389E-01  -2.893814732049973E-01   8.751768009450347E-02   1.000000000000000E+05
 -5.976213929631848E-01  -2.883183410422955E-01   1.049117696591036E-01   1.000000000000000E+05
 -6.194126632894804E-01  -2.857628062599152E-01   1.212717356737204E-01   1.000000000000000E+05
 -6.412965460668324E-01  -2.821520751365768E-01   1.365568992091185E-01   1.000000000000000E+05
 -6.630636584037194E-01  -2.778868085082555E-01   1.507868226672764E-01   1.000000000000000E+05
 -6.845635958521900E-01  -2.733054627759949E-01   1.640374857212867E-01   1.000000000000000E+05
 -7.057094931130677E-01  -2.686664456836348E-01   1.764320149756871E-01   1.000000000000000E+05
 -7.264793219565931E-01  -2.641391919860922E-01   1.881266007242927E-01   1.000000000000000E+05
 -7.469137336262250E-01  -2.598044081699168E-01   1.992927204975053E-01   1.000000000000000E+05
 -7.671104166010539E-01  -2.556628865125860E-01   2.100971806979731E-01   1.000000000000000E+05
 -7.872151274885223E-01  -2.516515256129161E-01   2.206817444851059E-01   1.000000000000000E+05
 -8.074097528622269E-01  -2.476645856808422E-01   2.311442088583524E-01   1.000000000000000E+05
 -8.278979596898847E-01  -2.435778045936813E-01   2.415227147905066E-01   1.000000000000000E+05
 -8.488891760447594E-01  -2.392728363251654E-01   2.517848262493624E-01   1.000000000000000E+05
 -8.705817956512809E-01  -2.346595547171228E-01   2.618225184058840E-01   1.000000000000000E+05
 -8.931466038381654E-01  -2.296940769524222E-01   2.714537080627613E-01   1.000000000000000E+05
 -9.167114654550736E-01  -2.243908652330248E-01   2.804303871432406E-01   1.000000000000000E+05
 -9.413482880515599E-01  -2.188279074041272E-01   2.884528362269957E-01   1.000000000000000E+05
 -9.670631722065952E-01  -2.131446912651240E-01   2.951888541934981E-01   1.000000000000000E+05
 -9.937904875502935E-01  -2.075334018158443E-01   3.002964926385110E-01   1.000000000000000E+05
 -1.021391376373043E+00  -2.022244165894835E-01   3.034484715801491E-01   1.000000000000000E+05
 -1.049656901500142E+00  -1.974676912453680E-01   3.043563048543796E-01   1.000000000000000E+05
 -1.078315741198587E+00  -1.935119699640240E-01   3.027921926096170E-01   1.000000000000000E+05
 -1.107046014799898E+00  -1.905838957418658E-01   2.986069406237158E-01   1.000000000000000E+05
 -1.135490523702951E+00  -1.888690280328802E-01   2.917425214840518E-01   1.000000000000000E+05
 -1.163274438209956E+00  -1.884965137573979E-01   2.822383662687561E-01   1.000000000000000E+05
 -1.190024273245975E+00  -1.895287357055530E-01   2.702310215598702E-01   1.000000000000000E+05
 -1.215386892567634E+00  -1.919567279362482E-01   2.559473732867518E-01   1.000000000000000E+05
 -1.239047272146277E+00  -1.957015586874801E-01   2.396921726201800E-01   1.000000000000000E+05
 -1.260743841811280E+00  -2.006212988711607E-01   2.218310504298706E-01   1.000000000000000E+05
 -1.280280404482307E+00  -2.065226769184377E-01   2.027705349468158E-01   1.000000000000000E+05
 -1.297533890899260E+00  -2.131761183615848E-01   1.829367641709749E-01   1.000000000000000E+05
 -1.312457524141162E+00  -2.203326173115076E-01   1.627545974682738E-01   1.000000000000000E+05
 -1.325079316524757E+00  -2.277408062197396E-01   1.426286833325524E-01   1.000000000000000E+05
 -1.335496172669171E+00  -2.351626808536091E-01   1.229277519071355E-01   1.000000000000000E+05
 -1.343864197004556E+00  -2.423866820871601E-01   1.039730047237443E-01   1.000000000000000E+05
 -1.350386074276750E+00  -2.492372020100701E-01   8.603101357795664E-02   1.000000000000000E+05
 -1.355296584753100E+00  -2.555800242420278E-01   6.931106456745142E-02   1.000000000000000E+05
 -1.358847415714598E+00  -2.613236757115360E-01   5.396644175892829E-02   1.000000000000000E+05
 -1.361292429575082E+00  -2.664171069529711E-01   4.009878295956412E-02   1.000000000000000E+05
 -1.362874447850069E+00  -2.708444822776448E-01   2.776439382767601E-02   1.000000000000000E+05
 -1.363814419522039E+00  -2.746181118355460E-01   1.698129951853117E-02   1.000000000000000E+05
 -1.364303580615086E+00  -2.777706702212244E-01   7.735853604329808E-03   1.000000000000000E+05
 -1.364498904023291E+00  -2.803478127294791E-01  -1.209535916424278E-05   1.000000000000000E+05
 -1.364521814092411E+00  -2.824021293661198E-01  -6.326181047357238E-03   1.000000000000000E+05
 -1.364459829915066E+00  -2.839890927132391E-01  -1.129296119492513E-02   1.000000000000000E+05
 -1.364370534187031E+00  -2.851652960112385E-01  -1.502372599534902E-02   1.000000000000000E+05
 -1.364287066063818E+00  -2.859888881702740E-01  -1.765816631557713E-02   1.000000000000000E+05
 -1.364224225465604E+00  -2.865217420137641E-01  -1.936904407628575E-02   1.000000000000000E+05
 -1.364184263031565E+00  -2.868325877915585E-01  -2.036675592146123E-02   1.000000000000000E+05
 -1.364161515316355E+00  -2.870001451943271E-01  -2.090256129793815E-02   1.000000000000000E+05
 -1.364161515316355E+00  -2.870001451943271E-01  -2.090256129793815E-02   0.000000000000000E+00 5 RotatedCurve15 
 -1.158773268817348E+00  -8.449144163662977E-01  -1.413386922777768E-01   1.032136858446888E+05
 -1.158526198016002E+00  -8.448963938219548E-01  -1.423302075907873E-01   1.032136858446888E+05
 -1.158294362448867E+00  -8.448781970746044E-01  -1.432567149329652E-01   1.032136858446888E+05
 -1.157993138166393E+00  -8.448495635934042E-01  -1.444489993039998E-01   1.032136858446888E+05
 -1.157538648321935E+00  -8.447949696005389E-01  -1.462162036463141E-01   1.032136858446888E+05
 -1.156848992977005E+00  -8.446933326938463E-01  -1.488364541211644E-01   1.032136858446888E+05
 -1.155844345766212E+00  -8.445156419473220E-01  -1.525492519560853E-01   1.032136858446888E+05
 -1.154446223486863E+00  -8.442207573060090E-01  -1.575497821395440E-01   1.032136858446888E+05
 -1.152576307955512E+00  -8.437498995793851E-01  -1.639851710121476E-01   1.032136858446888E+05
 -1.150155222656713E+00  -8.430205831070876E-01  -1.719526195550236E-01   1.032136858446888E+05
 -1.147101639636008E+00  -8.419208992465466E-01  -1.814992538608281E-01   1.032136858446888E+05
 -1.143332020033013E+00  -8.403051212748296E-01  -1.926234734062950E-01   1.032136858446888E+05
 -1.138761184631707E+00  -8.379915601768392E-01  -2.052775431260724E-01   1.032136858446888E+05
 -1.133303782419286E+00  -8.347634563019141E-01  -2.193711660065429E-01   1.032136858446888E+05
 -1.126876591035259E+00  -8.303734544678177E-01  -2.347757856404375E-01   1.032136858446888E+05
 -1.119401459127230E+00  -8.245518996445138E-01  -2.513293976663108E-01   1.032136858446888E+05
 -1.110808601567984E+00  -8.170188343728140E-01  -2.688416888061698E-01   1.032136858446888E+05
 -1.101039895811844E+00  -8.074992101986554E-01  -2.870993654328303E-01   1.032136858446888E+05
 -1.090051808744667E+00  -7.957404783487484E-01  -3.058715737498862E-01   1.032136858446888E+05
 -1.077817610585021E+00  -7.815314331699722E-01  -3.249153453642817E-01   1.032136858446888E+05
 -1.064328602861016E+00  -7.647209746674416E-01  -3.439810215727829E-01   1.032136858446888E+05
 -1.049594193435512E+00  -7.452353558027085E-01  -3.628176154196729E-01   1.032136858446888E+05
 -1.033640781123925E+00  -7.230924987410405E-01  -3.811780630365873E-01   1.032136858446888E+05
 -1.016509550990031E+00  -6.984121040546291E-01  -3.988242975064287E-01   1.032136858446888E+05
 -9.982534130501273E-01  -6.714205291851814E-01  -4.155320537263414E-01   1.032136858446888E+05
 -9.789334265066729E-01  -6.424497582402847E-01  -4.310952868034983E-01   1.032136858446888E+05
 -9.586151255953340E-01  -6.119301969022319E-01  -4.453300651306297E-01   1.032136858446888E+05
 -9.373651921327911E-01  -5.803774702351469E-01  -4.580777878449141E-01   1.032136858446888E+05
 -9.152488990920110E-01  -5.483738407750256E-01  -4.692075792127312E-01   1.032136858446888E+05
 -8.923286795242572E-01  -5.165452629734425E-01  -4.786177322949738E-01   1.032136858446888E+05
 -8.686640617734127E-01  -4.855354148011680E-01  -4.862361116621983E-01   1.032136858446888E+05
 -8.443130659086503E-01  -4.559782714586131E-01  -4.920194783294867E-01   1.032136858446888E+05
 -8.193349921588772E-01  -4.284708917612375E-01  -4.959517656784649E-01   1.032136858446888E+05
 -7.937943667422701E-01  -4.035480671776259E-01  -4.980414072921231E-01   1.032136858446888E+05
 -7.677656613582807E-01  -3.816603398027855E-01  -4.983178894114261E-01   1.032136858446888E+05
 -7.413382860867620E-01  -3.631566422343886E-01  -4.968277646121677E-01   1.032136858446888E+05
 -7.146212849686672E-01  -3.482724718899120E-01  -4.936304120034704E-01   1.032136858446888E+05
 -6.877471482373521E-01  -3.371241141269588E-01  -4.887938565179972E-01   1.032136858446888E+05
 -6.608741987766790E-01  -3.297090061002277E-01  -4.823909612352447E-01   1.032136858446888E+05
 -6.341871107879550E-01  -3.259119211631576E-01  -4.744962800541149E-01   1.032136858446888E+05
 -6.078952679663606E-01  -3.255162843325136E-01  -4.651838040271192E-01   1.032136858446888E+05
 -5.822288537352355E-01  -3.282196305613319E-01  -4.545257567029459E-01   1.032136858446888E+05
 -5.574327703800247E-01  -3.336520098340087E-01  -4.425924979072915E-01   1.032136858446888E+05
 -5.337586880866295E-01  -3.413960381941356E-01  -4.294534896474422E-01   1.032136858446888E+05
 -5.114557093116561E-01  -3.510072940685608E-01  -4.151791717757485E-01   1.032136858446888E+05
 -4.907602804793311E-01  -3.620338577093626E-01  -3.998434987269702E-01   1.032136858446888E+05
 -4.718860768957620E-01  -3.740339730538165E-01  -3.835268116376012E-01   1.032136858446888E+05
 -4.550146179797603E-01  -3.865910541637013E-01  -3.663186706349522E-01   1.032136858446888E+05
 -4.402873342583714E-01  -3.993255368873196E-01  -3.483202559635546E-01   1.032136858446888E+05
 -4.277997072155012E-01  -4.119033632347612E-01  -3.296459668942345E-01   1.032136858446888E+05
 -4.175979463500448E-01  -4.240411550885113E-01  -3.104239037273634E-01   1.032136858446888E+05
 -4.096784684718544E-01  -4.355083628250847E-01  -2.907950069560959E-01   1.032136858446888E+05
 -4.039902202700517E-01  -4.461268463381002E-01  -2.709107419486195E-01   1.032136858446888E+05
 -4.004396569119344E-01  -4.557684509104817E-01  -2.509293478920961E-01   1.032136858446888E+05
 -3.988979777556109E-01  -4.643511759911368E-01  -2.310108049787598E-01   1.032136858446888E+05
 -3.992100445569965E-01  -4.718345061165890E-01  -2.113108018825889E-01   1.032136858446888E+05
 -4.012042838065156E-01  -4.782143912748883E-01  -1.919740947575406E-01   1.032136858446888E+05
 -4.047028140892658E-01  -4.835182450232369E-01  -1.731277289675605E-01   1.032136858446888E+05
 -4.095310466590153E-01  -4.878001915021860E-01  -1.548746375917546E-01   1.032136858446888E+05
 -4.155260812851385E-01  -4.911366565386679E-01  -1.372881316399226E-01   1.032136858446888E+05
 -4.225433520526485E-01  -4.936222810302884E-01  -1.204077547060372E-01   1.032136858446888E+05
 -4.304611557651903E-01  -4.953660508701884E-01  -1.042368921179459E-01   1.032136858446888E+05
 -4.391829012505222E-01  -4.964874958186268E-01  -8.874240775208520E-02   1.032136858446888E+05
 -4.486371310030265E-01  -4.971128129923436E-01  -7.385643989057396E-02   1.032136858446888E+05
 -4.587755664862795E-01  -4.973708159133142E-01  -5.948033238402443E-02   1.032136858446888E+05
 -4.695695958337932E-01  -4.973886886012043E-01  -4.549052175819086E-02   1.032136858446888E+05
 -4.810057417999021E-01  -4.972876228208405E-01  -3.174605766265303E-02   1.032136858446888E+05
 -4.930807077545054E-01  -4.971785193336419E-01  -1.809731502911439E-02   1.032136858446888E+05
 -5.057965954378025E-01  -4.971580240724712E-01  -4.395371177581450E-03   1.032136858446888E+05
 -5.191568217394226E-01  -4.973052320545392E-01   9.498523421063757E-03   1.032136858446888E+05
 -5.331631409005784E-01  -4.976794132626025E-01   2.370395282657427E-02   1.032136858446888E+05
 -5.478140167257186E-01  -4.983190881404324E-01   3.831335164938907E-02   1.032136858446888E+05
 -5.631044042477855E-01  -4.992427040752964E-01   5.338547850994232E-02   1.032136858446888E+05
 -5.790268118060329E-01  -5.004510428144755E-01   6.894068435513254E-02   1.032136858446888E+05
 -5.955733430063185E-01  -5.019313326366392E-01   8.495818069795158E-02   1.032136858446888E+05
 -6.127382821684311E-01  -5.036628636504284E-01   1.013753715889909E-01   1.032136858446888E+05
 -6.305207016394825E-01  -5.056237285550957E-01   1.180891751629974E-01   1.032136858446888E+05
 -6.489265446234237E-01  -5.077981546688164E-01   1.349591374236672E-01   1.032136858446888E+05
 -6.679696766012762E-01  -5.101837752678459E-01   1.518120422720833E-01   1.032136858446888E+05
 -6.876714990258084E-01  -5.127981255233788E-01   1.684476547569329E-01   1.032136858446888E+05
 -7.080588714066873E-01  -5.156836518699379E-01   1.846452030019431E-01   1.032136858446888E+05
 -7.291602772770622E-01  -5.189105983901131E-01   2.001702086024693E-01   1.032136858446888E+05
 -7.510003768824967E-01  -5.225772774406341E-01   2.147813123745815E-01   1.032136858446888E+05
 -7.735932935538905E-01  -5.268074346607801E-01   2.282368060196205E-01   1.032136858446888E+05
 -7.969351602677482E-01  -5.317446644652793E-01   2.403006619967078E-01   1.032136858446888E+05
 -8.209965884900431E-01  -5.375440996744190E-01   2.507479436796848E-01   1.032136858446888E+05
 -8.457157976054734E-01  -5.443618633705801E-01   2.593695653067838E-01   1.032136858446888E+05
 -8.709931501300342E-01  -5.523430068142317E-01   2.659764465666872E-01   1.032136858446888E+05
 -8.966877721454100E-01  -5.616088403841987E-01   2.704031618151350E-01   1.032136858446888E+05
 -9.226168036371163E-01  -5.722446752085293E-01   2.725112132659248E-01   1.032136858446888E+05
 -9.485576300776883E-01  -5.842890178056023E-01   2.721920584635347E-01   1.032136858446888E+05
 -9.742532109326134E-01  -5.977251927804395E-01   2.693699956127145E-01   1.032136858446888E+05
 -9.994203634087441E-01  -6.124762120854726E-01   2.640049597905885E-01   1.032136858446888E+05
 -1.023760603795993E+00  -6.284034747565507E-01   2.560952153469219E-01   1.032136858446888E+05
 -1.046972917547833E+00  -6.453095872478647E-01   2.456798536267185E-01   1.032136858446888E+05
 -1.068767644265178E+00  -6.629452664372907E-01   2.328409304020913E-01   1.032136858446888E+05
 -1.088880542501858E+00  -6.810199537791543E-01   2.177050140751135E-01   1.032136858446888E+05
 -1.107086053687729E+00  -6.992154598028442E-01   2.004438728751932E-01   1.032136858446888E+05
 -1.123208819591990E+00  -7.172017013656495E-01   1.812740140877961E-01   1.032136858446888E+05
 -1.137132621476548E+00  -7.346534135485357E-01   1.604548052947011E-01   1.032136858446888E+05
 -1.148806092174127E+00  -7.512666309040150E-01   1.382849579489337E-01   1.032136858446888E+05
 -1.158244789275455E+00  -7.667737475764167E-01   1.150972352022016E-01   1.032136858446888E+05
 -1.165529488113171E+00  -7.809560819313515E-01   9.125135331214856E-02   1.032136858446888E+05
 -1.170800834037964E+00  -7.936530787027527E-01   6.712517090973630E-02   1.032136858446888E+05
 -1.174250760555242E+00  -8.047675617492601E-01   4.310439253567484E-02   1.032136858446888E+05
 -1.176111310608842E+00  -8.142667779674924E-01   1.957114064513849E-02   1.032136858446888E+05
 -1.176641673524321E+00  -8.221793179671749E-01  -3.108137855923635E-03   1.032136858446888E+05
 -1.176114355921221E+00  -8.285883303780541E-01  -2.459487911313710E-02   1.032136858446888E+05
 -1.174801433749541E+00  -8.336217340962845E-01  -4.459012211734941E-02   1.032136858446888E+05
 -1.172961783991928E+00  -8.374403505804553E-01  -6.284512948287045E-02   1.032136858446888E+05
 -1.170830074937521E+00  -8.402250073670718E-01  -7.917033141093645E-02   1.032136858446888E+05
 -1.168608115937761E+00  -8.421636937206398E-01  -9.344209027513016E-02   1.032136858446888E+05
 -1.166458948788244E+00  -8.434397787454849E-01  -1.056068953386152E-01   1.032136858446888E+05
 -1.164503824117800E+00  -8.442221399906873E-01  -1.156827379978422E-01   1.032136858446888E+05
 -1.162821969351175E+00  -8.446578140018411E-01  -1.237575771917923E-01   1.032136858446888E+05
 -1.161452840972554E+00  -8.448674939352040E-01  -1.299849702664246E-01   1.032136858446888E+05
 -1.160400381105225E+00  -8.449438924669402E-01  -1.345771042414901E-01   1.032136858446888E+05
 -1.159638680470815E+00  -8.449526918449164E-01  -1.377956043307682E-01   1.032136858446888E+05
 -1.159118394542336E+00  -8.449355468567756E-01  -1.399406106080160E-01   1.032136858446888E+05
 -1.158773268817348E+00  -8.449144163662977E-01  -1.413386922777768E-01   1.032136858446888E+05
 -1.158773268817348E+00  -8.449144163662977E-01  -1.413386922777768E-01   0.000000000000000E+00 6 RotatedCurve16 
 -1.364161515316355E+00   2.870001451943271E-01   2.090256129793815E-02  -1.000000000000000E+05
 -1.364145220153766E+00   2.871152209435963E-01   2.126927511139036E-02  -1.000000000000000E+05
 -1.364120094843210E+00   2.872808173634379E-01   2.179840525556063E-02  -1.000000000000000E+05
 -1.364064555154209E+00   2.876095150871164E-01   2.285303231870438E-02  -1.000000000000000E+05
 -1.363946766358812E+00   2.882177285131716E-01   2.481615341540304E-02  -1.000000000000000E+05
 -1.363719016712381E+00   2.892168495882070E-01   2.807470286614026E-02  -1.000000000000000E+05
 -1.363311158017629E+00   2.907017469817849E-01   3.299996963150513E-02  -1.000000000000000E+05
 -1.362624040006353E+00   2.927375209856027E-01   3.992560201543103E-02  -1.000000000000000E+05
 -1.361523954665457E+00   2.953457767209730E-01   4.912477327522167E-02  -1.000000000000000E+05
 -1.359839091321256E+00   2.984919224886585E-01   6.078833380333461E-02  -1.000000000000000E+05
 -1.357358881159102E+00   3.020750905246519E-01   7.500586471987317E-02  -1.000000000000000E+05
 -1.353836889021016E+00   3.059221936751793E-01   9.175145757391788E-02  -1.000000000000000E+05
 -1.348997608576641E+00   3.097873714194180E-01   1.108757761975492E-01  -1.000000000000000E+05
 -1.342547160243440E+00   3.133576591783061E-01   1.321055279359202E-01  -1.000000000000000E+05
 -1.334187511357707E+00   3.162651708462724E-01   1.550509169365617E-01  -1.000000000000000E+05
 -1.323633469906250E+00   3.181054657854831E-01   1.792210194163013E-01  -1.000000000000000E+05
 -1.310631381309029E+00   3.184611381741351E-01   2.040463660084912E-01  -1.000000000000000E+05
 -1.294978213643808E+00   3.169290829830493E-01   2.289073990069919E-01  -1.000000000000000E+05
 -1.276539575411677E+00   3.131494211755769E-01   2.531669498876458E-01  -1.000000000000000E+05
 -1.255265187902979E+00   3.068337605433143E-01   2.762045044552803E-01  -1.000000000000000E+05
 -1.231200437626494E+00   2.977903670407556E-01   2.974498263034385E-01  -1.000000000000000E+05
 -1.204492858344007E+00   2.859439448116988E-01   3.164135147224871E-01  -1.000000000000000E+05
 -1.175392721566602E+00   2.713480699846925E-01   3.327122831358629E-01  -1.000000000000000E+05
 -1.144247324044961E+00   2.541888702803148E-01   3.460871422411696E-01  -1.000000000000000E+05
 -1.111489018609564E+00   2.347792455225081E-01   3.564132246183459E-01  -1.000000000000000E+05
 -1.077617503885186E+00   2.135437224763514E-01   3.637006467198932E-01  -1.000000000000000E+05
 -1.043177330691451E+00   1.909948589184722E-01   3.680865121300743E-01  -1.000000000000000E+05
 -1.008731961991003E+00   1.677028797718725E-01   3.698188545686977E-01  -1.000000000000000E+05
 -9.748360076979404E-01   1.442608685609590E-01   3.692339394625049E-01  -1.000000000000000E+05
 -9.420074218261846E-01   1.212482864439167E-01   3.667288351671274E-01  -1.000000000000000E+05
 -9.107014833289393E-01   9.919580119645881E-02   3.627314872527587E-01  -1.000000000000000E+05
 -8.812882803640697E-01   7.855435372426653E-02   3.576706556662778E-01  -1.000000000000000E+05
 -8.540351884409111E-01   5.967106837005342E-02   3.519479972097293E-01  -1.000000000000000E+05
 -8.290954940481297E-01   4.277404897273709E-02   3.459143055267044E-01  -1.000000000000000E+05
 -8.065038936484779E-01   2.796734224588083E-02   3.398514860931586E-01  -1.000000000000000E+05
 -7.861791263593848E-01   1.523645987847302E-02   3.339612876606396E-01  -1.000000000000000E+05
 -7.679335136655070E-01   4.463910587987600E-03   3.283611877121635E-01  -1.000000000000000E+05
 -7.514887179393812E-01  -4.546710927826400E-03   3.230871965000973E-01  -1.000000000000000E+05
 -7.364966275077751E-01  -1.204031557823551E-02   3.181027604526460E-01  -1.000000000000000E+05
 -7.225639582068953E-01  -1.827641976860424E-02   3.133124635041699E-01  -1.000000000000000E+05
 -7.092789509196320E-01  -2.349492044153662E-02   3.085788856975049E-01  -1.000000000000000E+05
 -6.962384534912752E-01  -2.788476538595705E-02   3.037408090357777E-01  -1.000000000000000E+05
 -6.830737059411357E-01  -3.155849791811654E-02   2.986309708588565E-01  -1.000000000000000E+05
 -6.694732927494738E-01  -3.453513852321591E-02   2.930917472025510E-01  -1.000000000000000E+05
 -6.552019693957909E-01  -3.673311856814621E-02   2.869874783638129E-01  -1.000000000000000E+05
 -6.401143896180708E-01  -3.797406915091053E-02   2.802125881197226E-01  -1.000000000000000E+05
 -6.241631277902574E-01  -3.799727378597009E-02   2.726951488133722E-01  -1.000000000000000E+05
 -6.074007779837377E-01  -3.648360748450465E-02   2.643960540480188E-01  -1.000000000000000E+05
 -5.899762887090573E-01  -3.308689734202978E-02   2.553044267368149E-01  -1.000000000000000E+05
 -5.721260338254734E-01  -2.746993295382326E-02   2.454302661772586E-01  -1.000000000000000E+05
 -5.541604042106801E-01  -1.934189462113528E-02   2.347955874103199E-01  -1.000000000000000E+05
 -5.364469162354411E-01  -8.493796795826221E-03   2.234254069505516E-01  -1.000000000000000E+05
 -5.193909635846202E-01   5.171319544509958E-03   2.113398744816190E-01  -1.000000000000000E+05
 -5.034153872652863E-01   2.161628011557041E-02   1.985486500660020E-01  -1.000000000000000E+05
 -4.889400100147099E-01   4.065790171901450E-02   1.850483056806081E-01  -1.000000000000000E+05
 -4.763621864477465E-01   6.196660929016658E-02   1.708231256788432E-01  -1.000000000000000E+05
 -4.660392737469786E-01   8.507780773543507E-02   1.558492386870717E-01  -1.000000000000000E+05
 -4.582737462432366E-01   1.094142464913367E-01   1.401015826329488E-01  -1.000000000000000E+05
 -4.533014779810895E-01   1.343176581795906E-01   1.235628326701848E-01  -1.000000000000000E+05
 -4.512835161779550E-01   1.590871498711635E-01   1.062331497855649E-01  -1.000000000000000E+05
 -4.523014786378692E-01   1.830212479724358E-01   8.813946614729158E-02  -1.000000000000000E+05
 -4.563565394351009E-01   2.054601963288933E-01   6.934302815895599E-02  -1.000000000000000E+05
 -4.633718253657217E-01   2.258251070043776E-01   4.994407048101560E-02  -1.000000000000000E+05
 -4.731979327346642E-01   2.436508618459639E-01   3.008277901821896E-02  -1.000000000000000E+05
 -4.856211886070036E-01   2.586102306385489E-01   9.936088900990923E-03  -1.000000000000000E+05
 -5.003742188295977E-01   2.705274543625035E-01  -1.028968554639290E-02  -1.000000000000000E+05
 -5.171483416625370E-01   2.793804667107049E-01  -3.036992539005554E-02  -1.000000000000000E+05
 -5.356072752725853E-01   2.852919084236646E-01  -5.007559042328107E-02  -1.000000000000000E+05
 -5.554016250274040E-01   2.885100379246944E-01  -6.918866396018671E-02  -1.000000000000000E+05
 -5.761835996211389E-01   2.893814732049973E-01  -8.751768009450347E-02  -1.000000000000000E+05
 -5.976213929631848E-01   2.883183410422955E-01  -1.049117696591036E-01  -1.000000000000000E+05
 -6.194126632894804E-01   2.857628062599152E-01  -1.212717356737204E-01  -1.000000000000000E+05
 -6.412965460668324E-01   2.821520751365768E-01  -1.365568992091185E-01  -1.000000000000000E+05
 -6.630636584037194E-01   2.778868085082555E-01  -1.507868226672764E-01  -1.000000000000000E+05
 -6.845635958521900E-01   2.733054627759949E-01  -1.640374857212867E-01  -1.000000000000000E+05
 -7.057094931130677E-01   2.686664456836348E-01  -1.764320149756871E-01  -1.000000000000000E+05
 -7.264793219565931E-01   2.641391919860922E-01  -1.881266007242927E-01  -1.000000000000000E+05
 -7.469137336262250E-01   2.598044081699168E-01  -1.992927204975053E-01  -1.000000000000000E+05
 -7.671104166010539E-01   2.556628865125860E-01  -2.100971806979731E-01  -1.000000000000000E+05
 -7.872151274885223E-01   2.516515256129161E-01  -2.206817444851059E-01  -1.000000000000000E+05
 -8.074097528622269E-01   2.476645856808422E-01  -2.311442088583524E-01  -1.000000000000000E+05
 -8.278979596898847E-01   2.435778045936813E-01  -2.415227147905066E-01  -1.000000000000000E+05
 -8.488891760447594E-01   2.392728363251654E-01  -2.517848262493624E-01  -1.000000000000000E+05
 -8.705817956512809E-01   2.346595547171228E-01  -2.618225184058840E-01  -1.000000000000000E+05
 -8.931466038381654E-01   2.296940769524222E-01  -2.714537080627613E-01  -1.000000000000000E+05
 -9.167114654550736E-01   2.243908652330248E-01  -2.804303871432406E-01  -1.000000000000000E+05
 -9.413482880515599E-01   2.188279074041272E-01  -2.884528362269957E-01  -1.000000000000000E+05
 -9.670631722065952E-01   2.131446912651240E-01  -2.951888541934981E-01  -1.000000000000000E+05
 -9.937904875502935E-01   2.075334018158443E-01  -3.002964926385110E-01  -1.000000000000000E+05
 -1.021391376373043E+00   2.022244165894835E-01  -3.034484715801491E-01  -1.000000000000000E+05
 -1.049656901500142E+00   1.974676912453680E-01  -3.043563048543796E-01  -1.000000000000000E+05
 -1.078315741198587E+00   1.935119699640240E-01  -3.027921926096170E-01  -1.000000000000000E+05
 -1.107046014799898E+00   1.905838957418658E-01  -2.986069406237158E-01  -1.000000000000000E+05
 -1.135490523702951E+00   1.888690280328802E-01  -2.917425214840518E-01  -1.000000000000000E+05
 -1.163274438209956E+00   1.884965137573979E-01  -2.822383662687561E-01  -1.000000000000000E+05
 -1.190024273245975E+00   1.895287357055530E-01  -2.702310215598702E-01  -1.000000000000000E+05
 -1.215386892567634E+00   1.919567279362482E-01  -2.559473732867518E-01  -1.000000000000000E+05
 -1.239047272146277E+00   1.957015586874801E-01  -2.396921726201800E-01  -1.000000000000000E+05
 -1.260743841811280E+00   2.006212988711607E-01  -2.218310504298706E-01  -1.000000000000000E+05
 -1.280280404482307E+00   2.065226769184377E-01  -2.027705349468158E-01  -1.000000000000000E+05
 -1.297533890899260E+00   2.131761183615848E-01  -1.829367641709749E-01  -1.000000000000000E+05
 -1.312457524141162E+00   2.203326173115076E-01  -1.627545974682738E-01  -1.000000000000000E+05
 -1.325079316524757E+00   2.277408062197396E-01  -1.426286833325524E-01  -1.000000000000000E+05
 -1.335496172669171E+00   2.351626808536091E-01  -1.229277519071355E-01  -1.000000000000000E+05
 -1.343864197004556E+00   2.423866820871601E-01  -1.039730047237443E-01  -1.000000000000000E+05
 -1.350386074276750E+00   2.492372020100701E-01  -8.603101357795664E-02  -1.000000000000000E+05
 -1.355296584753100E+00   2.555800242420278E-01  -6.931106456745142E-02  -1.000000000000000E+05
 -1.358847415714598E+00   2.613236757115360E-01  -5.396644175892829E-02  -1.000000000000000E+05
 -1.361292429575082E+00   2.664171069529711E-01  -4.009878295956412E-02  -1.000000000000000E+05
 -1.362874447850069E+00   2.708444822776448E-01  -2.776439382767601E-02  -1.000000000000000E+05
 -1.363814419522039E+00   2.746181118355460E-01  -1.698129951853117E-02  -1.000000000000000E+05
 -1.364303580615086E+00   2.777706702212244E-01  -7.735853604329808E-03  -1.000000000000000E+05
 -1.364498904023291E+00   2.803478127294791E-01   1.209535916424278E-05  -1.000000000000000E+05
 -1.364521814092411E+00   2.824021293661198E-01   6.326181047357238E-03  -1.000000000000000E+05
 -1.364459829915066E+00   2.839890927132391E-01   1.129296119492513E-02  -1.000000000000000E+05
 -1.364370534187031E+00   2.851652960112385E-01   1.502372599534902E-02  -1.000000000000000E+05
 -1.364287066063818E+00   2.859888881702740E-01   1.765816631557713E-02  -1.000000000000000E+05
 -1.364224225465604E+00   2.865217420137641E-01   1.936904407628575E-02  -1.000000000000000E+05
 -1.364184263031565E+00   2.868325877915585E-01   2.036675592146123E-02  -1.000000000000000E+05
 -1.364161515316355E+00   2.870001451943271E-01   2.090256129793815E-02  -1.000000000000000E+05
 -1.364161515316355E+00   2.870001451943271E-01   2.090256129793815E-02   0.000000000000000E+00 7 RotatedCurve17 
 -1.158773268817348E+00   8.449144163662977E-01   1.413386922777768E-01  -1.032136858446888E+05
 -1.158526198016002E+00   8.448963938219548E-01   1.423302075907873E-01  -1.032136858446888E+05
 -1.158294362448867E+00   8.448781970746044E-01   1.432567149329652E-01  -1.032136858446888E+05
 -1.157993138166393E+00   8.448495635934042E-01   1.444489993039998E-01  -1.032136858446888E+05
 -1.157538648321935E+00   8.447949696005389E-01   1.462162036463141E-01  -1.032136858446888E+05
 -1.156848992977005E+00   8.446933326938463E-01   1.488364541211644E-01  -1.032136858446888E+05
 -1.155844345766212E+00   8.445156419473220E-01   1.525492519560853E-01  -1.032136858446888E+05
 -1.154446223486863E+00   8.442207573060090E-01   1.575497821395440E-01  -1.032136858446888E+05
 -1.152576307955512E+00   8.437498995793851E-01   1.639851710121476E-01  -1.032136858446888E+05
 -1.150155222656713E+00   8.430205831070876E-01   1.719526195550236E-01  -1.032136858446888E+05
 -1.147101639636008E+00   8.419208992465466E-01   1.814992538608281E-01  -1.032136858446888E+05
 -1.143332020033013E+00   8.403051212748296E-01   1.926234734062950E-01  -1.032136858446888E+05
 -1.138761184631707E+00   8.379915601768392E-01   2.052775431260724E-01  -1.032136858446888E+05
 -1.133303782419286E+00   8.347634563019141E-01   2.193711660065429E-01  -1.032136858446888E+05
 -1.126876591035259E+00   8.303734544678177E-01   2.347757856404375E-01  -1.032136858446888E+05
 -1.119401459127230E+00   8.245518996445138E-01   2.513293976663108E-01  -1.032136858446888E+05
 -1.110808601567984E+00   8.170188343728140E-01   2.688416888061698E-01  -1.032136858446888E+05
 -1.101039895811844E+00   8.074992101986554E-01   2.870993654328303E-01  -1.032136858446888E+05
 -1.090051808744667E+00   7.957404783487484E-01   3.058715737498862E-01  -1.032136858446888E+05
 -1.077817610585021E+00   7.815314331699722E-01   3.249153453642817E-01  -1.032136858446888E+05
 -1.064328602861016E+00   7.647209746674416E-01   3.439810215727829E-01  -1.032136858446888E+05
 -1.049594193435512E+00   7.452353558027085E-01   3.628176154196729E-01  -1.032136858446888E+05
 -1.033640781123925E+00   7.230924987410405E-01   3.811780630365873E-01  -1.032136858446888E+05
 -1.016509550990031E+00   6.984121040546291E-01   3.988242975064287E-01  -1.032136858446888E+05
 -9.982534130501273E-01   6.714205291851814E-01   4.155320537263414E-01  -1.032136858446888E+05
 -9.789334265066729E-01   6.424497582402847E-01   4.310952868034983E-01  -1.032136858446888E+05
 -9.586151255953340E-01   6.119301969022319E-01   4.453300651306297E-01  -1.032136858446888E+05
 -9.373651921327911E-01   5.803774702351469E-01   4.580777878449141E-01  -1.032136858446888E+05
 -9.152488990920110E-01   5.483738407750256E-01   4.692075792127312E-01  -1.032136858446888E+05
 -8.923286795242572E-01   5.165452629734425E-01   4.786177322949738E-01  -1.032136858446888E+05
 -8.686640617734127E-01   4.855354148011680E-01   4.862361116621983E-01  -1.032136858446888E+05
 -8.443130659086503E-01   4.559782714586131E-01   4.920194783294867E-01  -1.032136858446888E+05
 -8.193349921588772E-01   4.284708917612375E-01   4.959517656784649E-01  -1.032136858446888E+05
 -7.937943667422701E-01   4.035480671776259E-01   4.980414072921231E-01  -1.032136858446888E+05
 -7.677656613582807E-01   3.816603398027855E-01   4.983178894114261E-01  -1.032136858446888E+05
 -7.413382860867620E-01   3.631566422343886E-01   4.968277646121677E-01  -1.032136858446888E+05
 -7.146212849686672E-01   3.482724718899120E-01   4.936304120034704E-01  -1.032136858446888E+05
 -6.877471482373521E-01   3.371241141269588E-01   4.887938565179972E-01  -1.032136858446888E+05
 -6.608741987766790E-01   3.297090061002277E-01   4.823909612352447E-01  -1.032136858446888E+05
 -6.341871107879550E-01   3.259119211631576E-01   4.744962800541149E-01  -1.032136858446888E+05
 -6.078952679663606E-01   3.255162843325136E-01   4.651838040271192E-01  -1.032136858446888E+05
 -5.822288537352355E-01   3.282196305613319E-01   4.545257567029459E-01  -1.032136858446888E+05
 -5.574327703800247E-01   3.336520098340087E-01   4.425924979072915E-01  -1.032136858446888E+05
 -5.337586880866295E-01   3.413960381941356E-01   4.294534896474422E-01  -1.032136858446888E+05
 -5.114557093116561E-01   3.510072940685608E-01   4.151791717757485E-01  -1.032136858446888E+05
 -4.907602804793311E-01   3.620338577093626E-01   3.998434987269702E-01  -1.032136858446888E+05
 -4.718860768957620E-01   3.740339730538165E-01   3.835268116376012E-01  -1.032136858446888E+05
 -4.550146179797603E-01   3.865910541637013E-01   3.663186706349522E-01  -1.032136858446888E+05
 -4.402873342583714E-01   3.993255368873196E-01   3.483202559635546E-01  -1.032136858446888E+05
 -4.277997072155012E-01   4.119033632347612E-01   3.296459668942345E-01  -1.032136858446888E+05
 -4.175979463500448E-01   4.240411550885113E-01   3.104239037273634E-01  -1.032136858446888E+05
 -4.096784684718544E-01   4.355083628250847E-01   2.907950069560959E-01  -1.032136858446888E+05
 -4.039902202700517E-01   4.461268463381002E-01   2.709107419486195E-01  -1.032136858446888E+05
 -4.004396569119344E-01   4.557684509104817E-01   2.509293478920961E-01  -1.032136858446888E+05
 -3.988979777556109E-01   4.643511759911368E-01   2.310108049787598E-01  -1.032136858446888E+05
 -3.992100445569965E-01   4.718345061165890E-01   2.113108018825889E-01  -1.032136858446888E+05
 -4.012042838065156E-01   4.782143912748883E-01   1.919740947575406E-01  -1.032136858446888E+05
 -4.047028140892658E-01   4.835182450232369E-01   1.731277289675605E-01  -1.032136858446888E+05
 -4.095310466590153E-01   4.878001915021860E-01   1.548746375917546E-01  -1.032136858446888E+05
 -4.155260812851385E-01   4.911366565386679E-01   1.372881316399226E-01  -1.032136858446888E+05
 -4.225433520526485E-01   4.936222810302884E-01   1.204077547060372E-01  -1.032136858446888E+05
 -4.304611557651903E-01   4.953660508701884E-01   1.042368921179459E-01  -1.032136858446888E+05
 -4.391829012505222E-01   4.964874958186268E-01   8.874240775208520E-02  -1.032136858446888E+05
 -4.486371310030265E-01   4.971128129923436E-01   7.385643989057396E-02  -1.032136858446888E+05
 -4.587755664862795E-01   4.973708159133142E-01   5.948033238402443E-02  -1.032136858446888E+05
 -4.695695958337932E-01   4.973886886012043E-01   4.549052175819086E-02  -1.032136858446888E+05
 -4.810057417999021E-01   4.972876228208405E-01   3.174605766265303E-02  -1.032136858446888E+05
 -4.930807077545054E-01   4.971785193336419E-01   1.809731502911439E-02  -1.032136858446888E+05
 -5.057965954378025E-01   4.971580240724712E-01   4.395371177581450E-03  -1.032136858446888E+05
 -5.191568217394226E-01   4.973052320545392E-01  -9.498523421063757E-03  -1.032136858446888E+05
 -5.331631409005784E-01   4.976794132626025E-01  -2.370395282657427E-02  -1.032136858446888E+05
 -5.478140167257186E-01   4.983190881404324E-01  -3.831335164938907E-02  -1.032136858446888E+05
 -5.631044042477855E-01   4.992427040752964E-01  -5.338547850994232E-02  -1.032136858446888E+05
 -5.790268118060329E-01   5.004510428144755E-01  -6.894068435513254E-02  -1.032136858446888E+05
 -5.955733430063185E-01   5.019313326366392E-01  -8.495818069795158E-02  -1.032136858446888E+05
 -6.127382821684311E-01   5.036628636504284E-01  -1.013753715889909E-01  -1.032136858446888E+05
 -6.305207016394825E-01   5.056237285550957E-01  -1.180891751629974E-01  -1.032136858446888E+05
 -6.489265446234237E-01   5.077981546688164E-01  -1.349591374236672E-01  -1.032136858446888E+05
 -6.679696766012762E-01   5.101837752678459E-01  -1.518120422720833E-01  -1.032136858446888E+05
 -6.876714990258084E-01   5.127981255233788E-01  -1.684476547569329E-01  -1.032136858446888E+05
 -7.080588714066873E-01   5.156836518699379E-01  -1.846452030019431E-01  -1.032136858446888E+05
 -7.291602772770622E-01   5.189105983901131E-01  -2.001702086024693E-01  -1.032136858446888E+05
 -7.510003768824967E-01   5.225772774406341E-01  -2.147813123745815E-01  -1.032136858446888E+05
 -7.735932935538905E-01   5.268074346607801E-01  -2.282368060196205E-01  -1.032136858446888E+05
 -7.969351602677482E-01   5.317446644652793E-01  -2.403006619967078E-01  -1.032136858446888E+05
 -8.209965884900431E-01   5.375440996744190E-01  -2.507479436796848E-01  -1.032136858446888E+05
 -8.457157976054734E-01   5.443618633705801E-01  -2.593695653067838E-01  -1.032136858446888E+05
 -8.709931501300342E-01   5.523430068142317E-01  -2.659764465666872E-01  -1.032136858446888E+05
 -8.966877721454100E-01   5.616088403841987E-01  -2.704031618151350E-01  -1.032136858446888E+05
 -9.226168036371163E-01   5.722446752085293E-01  -2.725112132659248E-01  -1.032136858446888E+05
 -9.485576300776883E-01   5.842890178056023E-01  -2.721920584635347E-01  -1.032136858446888E+05
 -9.742532109326134E-01   5.977251927804395E-01  -2.693699956127145E-01  -1.032136858446888E+05
 -9.994203634087441E-01   6.124762120854726E-01  -2.640049597905885E-01  -1.032136858446888E+05
 -1.023760603795993E+00   6.284034747565507E-01  -2.560952153469219E-01  -1.032136858446888E+05
 -1.046972917547833E+00   6.453095872478647E-01  -2.456798536267185E-01  -1.032136858446888E+05
 -1.068767644265178E+00   6.629452664372907E-01  -2.328409304020913E-01  -1.032136858446888E+05
 -1.088880542501858E+00   6.810199537791543E-01  -2.177050140751135E-01  -1.032136858446888E+05
 -1.107086053687729E+00   6.992154598028442E-01  -2.004438728751932E-01  -1.032136858446888E+05
 -1.123208819591990E+00   7.172017013656495E-01  -1.812740140877961E-01  -1.032136858446888E+05
 -1.137132621476548E+00   7.346534135485357E-01  -1.604548052947011E-01  -1.032136858446888E+05
 -1.148806092174127E+00   7.512666309040150E-01  -1.382849579489337E-01  -1.032136858446888E+05
 -1.158244789275455E+00   7.667737475764167E-01  -1.150972352022016E-01  -1.032136858446888E+05
 -1.165529488113171E+00   7.809560819313515E-01  -9.125135331214856E-02  -1.032136858446888E+05
 -1.170800834037964E+00   7.936530787027527E-01  -6.712517090973630E-02  -1.032136858446888E+05
 -1.174250760555242E+00   8.047675617492601E-01  -4.310439253567484E-02  -1.032136858446888E+05
 -1.176111310608842E+00   8.142667779674924E-01  -1.957114064513849E-02  -1.032136858446888E+05
 -1.176641673524321E+00   8.221793179671749E-01   3.108137855923635E-03  -1.032136858446888E+05
 -1.176114355921221E+00   8.285883303780541E-01   2.459487911313710E-02  -1.032136858446888E+05
 -1.174801433749541E+00   8.336217340962845E-01   4.459012211734941E-02  -1.032136858446888E+05
 -1.172961783991928E+00   8.374403505804553E-01   6.284512948287045E-02  -1.032136858446888E+05
 -1.170830074937521E+00   8.402250073670718E-01   7.917033141093645E-02  -1.032136858446888E+05
 -1.168608115937761E+00   8.421636937206398E-01   9.344209027513016E-02  -1.032136858446888E+05
 -1.166458948788244E+00   8.434397787454849E-01   1.056068953386152E-01  -1.032136858446888E+05
 -1.164503824117800E+00   8.442221399906873E-01   1.156827379978422E-01  -1.032136858446888E+05
 -1.162821969351175E+00   8.446578140018411E-01   1.237575771917923E-01  -1.032136858446888E+05
 -1.161452840972554E+00   8.448674939352040E-01   1.299849702664246E-01  -1.032136858446888E+05
 -1.160400381105225E+00   8.449438924669402E-01   1.345771042414901E-01  -1.032136858446888E+05
 -1.159638680470815E+00   8.449526918449164E-01   1.377956043307682E-01  -1.032136858446888E+05
 -1.159118394542336E+00   8.449355468567756E-01   1.399406106080160E-01  -1.032136858446888E+05
 -1.158773268817348E+00   8.449144163662977E-01   1.413386922777768E-01  -1.032136858446888E+05
 -1.158773268817348E+00   8.449144163662977E-01   1.413386922777768E-01   0.000000000000000E+00 8 RotatedCurve18 
end 
