s
0.01020408163265306, 0.13265306122448978, 0.2551020408163265, 0.37755102040816324, 0.5, 0.6224489795918366, 0.7448979591836734, 0.8673469387755102, 0.9897959183673469
iteration, j dot B Redl, j dot B vmec
0, -273610.64839975815, -561022.5481681821, -702523.5029181604, -857230.3862774285, -1046977.3337545202, -1230790.3652691669, -1274896.6886232244, -928912.4143063833, -29798.559086312765, -272753.3501744515, -545774.5811591719, -704848.2779387218, -852784.0237517761, -1043799.341676676, -1230456.8858018736, -1268418.257479112, -945154.8748257236, -30610.37300321237
1, -273610.64839975815, -561022.5481681821, -702523.5029181604, -857230.3862774285, -1046977.3337545202, -1230790.3652691669, -1274896.6886232244, -928912.4143063833, -29798.559086312765, -272753.3501744515, -545774.5811591719, -704848.2779387218, -852784.0237517761, -1043799.341676676, -1230456.8858018736, -1268418.257479112, -945154.8748257236, -30610.37300321237
2, -273610.64839975815, -561022.5481681821, -702523.5029181604, -857230.3862774285, -1046977.3337545202, -1230790.3652691669, -1274896.6886232244, -928912.4143063833, -29798.559086312765, -272753.3501744515, -545774.5811591719, -704848.2779387218, -852784.0237517761, -1043799.341676676, -1230456.8858018736, -1268418.257479112, -945154.8748257236, -30610.37300321237
3, -273610.97782471817, -561022.7963358274, -702523.688852217, -857230.5075585187, -1046976.8741307496, -1230789.1783608724, -1274895.3618881716, -928911.87288556, -29798.625713173293, -272753.39429676323, -545774.5970234465, -704848.1594880291, -852783.9911807295, -1043798.9988048264, -1230456.8081293874, -1268418.1878376037, -945154.9235780535, -30611.317204339575
4, -273610.9193843221, -561027.6504494855, -702534.4187465254, -857248.7338150408, -1047002.8250777193, -1230823.5281041334, -1274935.724114394, -928945.4964850735, -29799.858013748053, -272725.34220644325, -545771.5731413692, -704843.3477322778, -852778.0353384938, -1043793.4843864169, -1230454.2464687764, -1268417.2145021865, -945154.9823516351, -30611.186202550118
5, -273626.73458806373, -561016.9050038579, -702520.028364379, -857234.6252951312, -1046996.2650557295, -1230820.3606608931, -1274941.985143681, -928996.7642322942, -29811.774905775703, -272687.4387371404, -545755.3896649881, -704822.2682325869, -852752.965801099, -1043763.3430511046, -1230422.1597208758, -1268384.997479104, -945131.0625242633, -30608.74192804571
6, -274035.49502767704, -561412.0896995559, -703125.3013175884, -858115.565325813, -1048247.2797410007, -1232553.7296512504, -1277064.1679537047, -930985.8411783369, -29924.327390099515, -275407.02887987474, -550564.5224082387, -705092.6922209313, -854781.6967046547, -1045836.2050377759, -1236046.2039401731, -1278080.4938120896, -946656.2099567855, -29028.245654185695
7, -274035.49502767704, -561412.0896995559, -703125.3013175884, -858115.565325813, -1048247.2797410007, -1232553.7296512504, -1277064.1679537047, -930985.8411783369, -29924.327390099515, -275407.02887987474, -550564.5224082387, -705092.6922209313, -854781.6967046547, -1045836.2050377759, -1236046.2039401731, -1278080.4938120896, -946656.2099567855, -29028.245654185695
8, -274035.4950282716, -561412.0897092859, -703125.301338457, -858115.5653555405, -1048247.2797761373, -1232553.7297309842, -1277064.1679489121, -930985.8413658413, -29924.327389866314, -275407.0288488005, -550564.5223788568, -705092.6921341354, -854781.6964916391, -1045836.2049119018, -1236046.2038396792, -1278080.4953726672, -946656.199392634, -29028.982413681413
9, -274035.56034596066, -561412.1528310997, -703125.3674112028, -858115.6449976326, -1048247.391942672, -1232553.8925303635, -1277064.382476473, -930986.0496298913, -29924.3400606754, -275407.0866969128, -550564.6486596304, -705092.8685364283, -854781.9281342002, -1045836.509834764, -1236046.5890661094, -1278080.916885178, -946656.5421774035, -29028.256182295474
10, -274032.88660025765, -561405.8486475332, -703117.3758134423, -858105.7102901993, -1048235.1962551342, -1232539.4863013655, -1277049.6594373398, -930976.0772106488, -29924.197541960053, -275401.10128784354, -550551.7047094819, -705076.2605484592, -854761.7604889217, -1045811.736284451, -1236017.1809308573, -1278050.3553036004, -946633.7906303494, -29027.626037216934
11, -274651.9814478138, -562820.9086089877, -705099.6653003562, -860707.6847337533, -1051512.7177784983, -1236545.2284610658, -1281466.5119413994, -934662.2507860134, -30106.234388488785, -275624.7000012828, -555126.5730582174, -704214.5314214715, -856426.7638747746, -1047835.0967664068, -1235957.0795947036, -1279461.7888261084, -941453.9981694247, -28851.933403615112
12, -274000.567227027, -561637.6321001353, -703490.1861371405, -858633.8050264945, -1048919.6292023456, -1233353.8302870975, -1277882.1553857883, -931575.606859643, -29942.110993269096, -275666.14814093075, -551449.9150086765, -705163.6091992662, -855222.0565543703, -1046332.8904250315, -1236168.1046349017, -1278310.502522901, -945772.7148597923, -28830.48952331129
13, -274000.567227027, -561637.6321001353, -703490.1861371405, -858633.8050264945, -1048919.6292023456, -1233353.8302870975, -1277882.1553857883, -931575.606859643, -29942.110993269096, -275666.14814093075, -551449.9150086765, -705163.6091992662, -855222.0565543703, -1046332.8904250315, -1236168.1046349017, -1278310.502522901, -945772.7148597923, -28830.48952331129
14, -274000.5672334351, -561637.632112945, -703490.1861547496, -858633.8050587475, -1048919.6292385005, -1233353.8303714457, -1277882.155385108, -931575.60704636, -29942.110992814818, -275666.14811755205, -551449.9150006992, -705163.6092785015, -855222.0565750883, -1046332.8901680183, -1236168.1041389483, -1278310.504227072, -945772.7044109427, -28831.225311087735
15, -273999.582346306, -561637.6127218376, -703490.0089511902, -858633.3808003773, -1048919.0261575703, -1233353.5737059414, -1277882.344083249, -931576.399123414, -29942.21156197018, -275677.7326804508, -551451.3112109064, -705166.0369364826, -855225.0953091024, -1046335.9324862296, -1236169.9005149482, -1278311.4830538856, -945772.966433219, -28830.64725293916
16, -273998.16996332817, -561631.210079976, -703482.3591591449, -858624.0448734008, -1048907.4103250948, -1233339.3806612773, -1277867.15228029, -931565.1993565443, -29941.89498714112, -275656.3259641643, -551436.8869487328, -705146.7227817556, -855201.681719145, -1046308.2764764678, -1236139.624974511, -1278280.926713393, -945750.5261449117, -28830.970500935568
17, -273970.8119455932, -561588.0056246453, -703510.6330010811, -858762.9238933021, -1049178.1448779383, -1233778.4747753695, -1278445.8757944035, -932108.85449118, -29970.08593161901, -272711.5684714763, -552143.5843427968, -704333.546620704, -855025.3881911985, -1045627.6544618168, -1235047.267263114, -1277736.484359403, -944137.9553886352, -28619.078983215368
18, -274057.807895635, -561784.2298102865, -703705.6240143717, -858926.2414931495, -1049303.6863198318, -1233837.0580530136, -1278425.612413331, -932036.1032090377, -29966.37706308921, -275155.2701268283, -551466.785008347, -705133.1669278393, -855275.7884200601, -1046309.311205038, -1236107.7199819565, -1278321.0736175594, -945626.0557372898, -28808.205339153705
19, -274042.21191545494, -561730.8466830323, -703614.9496965224, -858791.0692494822, -1049114.5903836181, -1233586.4375150637, -1278128.6152039624, -931766.6654151503, -29950.21856167596, -275631.4905957003, -551484.0724692441, -705223.1317086171, -855301.5097431684, -1046420.4320060866, -1236269.6634440112, -1278421.0105572096, -945843.1580916819, -28833.76240107273
20, -274015.41148095694, -561671.3223362723, -703534.0524591925, -858688.0043257466, -1048985.73317865, -1233431.3551575972, -1277960.3079899284, -931628.3812525407, -29943.126744823752, -275683.8563154246, -551496.3360842762, -705225.6924905425, -855297.3747151853, -1046424.7723078848, -1236276.4660412024, -1278422.6333272888, -945855.2239287503, -28834.15787382674
21, -273991.6719298173, -561641.7879629, -703494.612826956, -858635.6905645782, -1048914.9232117138, -1233346.0255451538, -1277873.481956418, -931550.5462803368, -29936.11171080774, -275698.33541023696, -551464.0015074444, -705182.9288473374, -855245.3843743146, -1046360.741445547, -1236197.1473426446, -1278338.0647935702, -945792.1581443805, -28833.216570907593
22, -273991.6719298173, -561641.7879629, -703494.612826956, -858635.6905645782, -1048914.9232117138, -1233346.0255451538, -1277873.481956418, -931550.5462803368, -29936.11171080774, -275698.33541023696, -551464.0015074444, -705182.9288473374, -855245.3843743146, -1046360.741445547, -1236197.1473426446, -1278338.0647935702, -945792.1581443805, -28833.216570907593
23, -273991.6719569122, -561641.7879828741, -703494.6128556029, -858635.690640863, -1048914.9233110738, -1233346.0256132714, -1277873.481798307, -931550.5462472173, -29936.111692094484, -275698.33518820134, -551464.0014848431, -705182.9290258873, -855245.3842749706, -1046360.741599251, -1236197.147167829, -1278338.066841611, -945792.147357645, -28833.951582733687
24, -273991.42027400696, -561641.8510910511, -703494.8990669863, -858635.6602152726, -1048914.6090353106, -1233345.8799839148, -1277874.325711419, -931552.0098510134, -29936.20877709162, -275700.7952126957, -551464.0184270334, -705183.4952986614, -855245.8081609652, -1046360.7191189422, -1236196.5593024862, -1278338.0081816535, -945792.1419253167, -28832.04317416945
25, -273973.89708705473, -561628.7849159251, -703479.1327453669, -858606.7727224911, -1048866.6965712283, -1233285.9242471722, -1277816.5377797214, -931495.4893302205, -29929.285133469115, -275724.0782538131, -551454.1279699833, -705171.6060030528, -855231.5635878047, -1046342.6240486897, -1236170.78778552, -1278309.3353680454, -945770.2673569513, -28832.050698560444
