s
0.01020408163265306, 0.13265306122448978, 0.2551020408163265, 0.37755102040816324, 0.5, 0.6224489795918366, 0.7448979591836734, 0.8673469387755102, 0.9897959183673469
iteration, j dot B Redl, j dot B vmec
0, -262153.082912344, -1217717.4089094524, -1479445.014548474, -1639408.9913026728, -1734247.1772317323, -1671428.4079788546, -1305376.569911207, -595983.156337494, -4587.941768222237, -264521.3075847225, -1170001.7122416168, -1504995.7835552637, -1631736.3553856849, -1733417.5500736132, -1677525.9694534007, -1281497.8291189682, -630419.5625040767, -3698.1341259613837
1, -262153.082912344, -1217717.4089094524, -1479445.014548474, -1639408.9913026728, -1734247.1772317323, -1671428.4079788546, -1305376.569911207, -595983.156337494, -4587.941768222237, -264521.3075847225, -1170001.7122416168, -1504995.7835552637, -1631736.3553856849, -1733417.5500736132, -1677525.9694534007, -1281497.8291189682, -630419.5625040767, -3698.1341259613837
2, -262153.082912344, -1217717.4089094524, -1479445.014548474, -1639408.9913026728, -1734247.1772317323, -1671428.4079788546, -1305376.569911207, -595983.156337494, -4587.941768222237, -264521.3075847225, -1170001.7122416168, -1504995.7835552637, -1631736.3553856849, -1733417.5500736132, -1677525.9694534007, -1281497.8291189682, -630419.5625040767, -3698.1341259613837
3, -262153.08294324885, -1217717.4090504562, -1479445.014685854, -1639408.9913041827, -1734247.177281911, -1671428.40796804, -1305376.5698157044, -595983.1563635144, -4587.941772613625, -264521.3072395348, -1170001.712105897, -1504995.7833774623, -1631736.3555631982, -1733417.5489117275, -1677525.9696826306, -1281497.8295548426, -630419.5583194378, -3698.4181066015444
4, -262153.07894258184, -1217717.393225824, -1479444.9958098067, -1639408.9709240936, -1734247.1569938273, -1671428.3906918499, -1305376.5585616287, -595983.1527865251, -4587.94176965367, -264521.3038948028, -1170001.7078314468, -1504995.7781949386, -1631736.3504720086, -1733417.544052992, -1677525.9650131087, -1281497.8260124235, -630419.5608328776, -3698.13551687757
5, -262149.6066651666, -1217706.5928343516, -1479431.5454576274, -1639392.8149083785, -1734227.927059791, -1671407.1420092047, -1305357.4275056804, -595972.9412047784, -4587.8392041566, -264514.1105558843, -1169968.124677178, -1504952.9272686439, -1631690.1974529354, -1733368.7890676856, -1677478.9224456246, -1281461.876964719, -630401.718830789, -3697.9972737813296
6, -270574.87436350854, -1301235.680723316, -1582287.8789201665, -1749101.118971276, -1838228.1398085202, -1758520.6333582352, -1361075.9710134706, -614007.8896453477, -4582.174553742994, -274547.1913756725, -1314991.0407009558, -1601036.4157448246, -1767589.5282763345, -1862768.336175396, -1789366.7011962065, -1391059.499146567, -634726.8226854304, -3334.903880565267
7, -264771.18620568456, -1232425.2900463883, -1501169.5520408119, -1665158.017199213, -1758946.471429709, -1693090.0478990353, -1319891.281707191, -601315.8984968928, -4598.57904849152, -265889.63454988087, -1232351.9873646493, -1502818.342562162, -1665073.9627329223, -1759525.0404120819, -1694564.8426822654, -1320791.0636445433, -604103.5048816549, -3835.6488279825644
8, -261832.9398279983, -1213747.95275047, -1477537.831445131, -1639034.0824264956, -1733743.6050533722, -1670928.3854105657, -1304647.4689345001, -595503.2642268474, -4579.940271881111, -269716.9152496088, -1189622.1191233012, -1492554.9026519984, -1634630.2742833938, -1733403.1005025993, -1674940.5257326944, -1291756.323611693, -615065.1343964027, 99.24933569577115
9, -261852.6337051277, -1216070.320691719, -1478403.6593188834, -1638792.5126617434, -1733598.7192029217, -1670775.0531437858, -1304719.212774698, -595581.5714193135, -4582.161029279089, -266649.40735243843, -1175155.9820751876, -1502066.369224117, -1632462.886829507, -1733410.4478812423, -1676913.690095094, -1283993.7223069728, -626639.2516201468, -2197.4914133519196
10, -261852.6337051277, -1216070.320691719, -1478403.6593188834, -1638792.5126617434, -1733598.7192029217, -1670775.0531437858, -1304719.212774698, -595581.5714193135, -4582.161029279089, -266649.40735243843, -1175155.9820751876, -1502066.369224117, -1632462.886829507, -1733410.4478812423, -1676913.690095094, -1283993.7223069728, -626639.2516201468, -2197.4914133519196
11, -261852.63368563232, -1216070.3208140119, -1478403.6594569827, -1638792.512696686, -1733598.7191558292, -1670775.0529533776, -1304719.2125808545, -595581.5714227194, -4582.161033168595, -266649.4085520598, -1175155.9822209652, -1502066.3697515, -1632462.8874701904, -1733410.4477026095, -1676913.6903374407, -1283993.7225454615, -626639.2485322775, -2197.7747843838224
12, -261852.629852651, -1216070.3062471794, -1478403.642092185, -1638792.494109712, -1733598.7009054082, -1670775.0375535549, -1304719.2028921824, -595581.5686929359, -4582.161036890178, -266649.4105226897, -1175155.9785868824, -1502066.3655503057, -1632462.8836748202, -1733410.4439523027, -1676913.6876689605, -1283993.7196384696, -626639.2512758898, -2197.493046464093
13, -261849.11016769282, -1216059.4549028054, -1478390.2090315176, -1638776.364612828, -1733579.5016517118, -1670753.850136171, -1304700.1555997115, -595571.395000777, -4582.0584121691245, -266641.4280140279, -1175122.148995899, -1502023.4109396194, -1632416.4534060776, -1733361.4006881965, -1676866.486127955, -1283957.6268297918, -626621.4767899492, -2197.32717167573
14, -261695.64804346097, -1214001.8810565437, -1477196.1013670312, -1638176.9726009325, -1732735.0514177233, -1669778.6248146761, -1303656.5999085915, -594990.59155736, -4576.383668313289, -269606.07630123605, -1184897.1244044774, -1495477.3649925927, -1633545.5390499837, -1733024.404372353, -1675275.6829566269, -1288893.382123169, -618721.3137714684, 78.08595207236795
15, -261724.61043541797, -1215165.2692195359, -1477639.6949299756, -1638118.0273723071, -1732814.9320855073, -1669957.5545550438, -1303998.4888748587, -595226.2682181972, -4579.288123677601, -267584.18047353777, -1177600.5338421862, -1500386.2467358569, -1632675.5455367414, -1733272.8549465325, -1676501.7672421702, -1285219.3180079467, -624683.7169469984, -1467.4612956508208
16, -261724.61043541797, -1215165.2692195359, -1477639.6949299756, -1638118.0273723071, -1732814.9320855073, -1669957.5545550438, -1303998.4888748587, -595226.2682181972, -4579.288123677601, -267584.18047353777, -1177600.5338421862, -1500386.2467358569, -1632675.5455367414, -1733272.8549465325, -1676501.7672421702, -1285219.3180079467, -624683.7169469984, -1467.4612956508208
17, -261724.6105865623, -1215165.2697666485, -1477639.6951423038, -1638118.0272265652, -1732814.9316680874, -1669957.5541544312, -1303998.488625389, -595226.268253045, -4579.288128955184, -267584.1802156847, -1177600.53386009, -1500386.2466241673, -1632675.545121741, -1733272.8545408365, -1676501.7669648246, -1285219.3184056764, -624683.7139694402, -1467.7399928621962
18, -261724.6066605911, -1215165.2546665005, -1477639.6773572823, -1638118.008279793, -1732814.9130919399, -1669957.538320864, -1303998.4785753815, -595226.2653610368, -4579.288131753153, -267584.17710014957, -1177600.5294962705, -1500386.241813661, -1632675.5401305477, -1733272.8493982875, -1676501.762275909, -1285219.3147608466, -624683.7159462445, -1467.4622751133575
19, -261687.90491037903, -1215052.4661962045, -1477519.0011129314, -1637962.5368548967, -1732591.779816713, -1669661.7107389579, -1303690.9256718007, -595043.8089116835, -4577.609647793278, -267809.05636696296, -1177597.4389066773, -1500400.8816055455, -1632708.634670312, -1733317.1081856468, -1676513.6001452364, -1285213.6153606416, -624676.6808242262, -1480.0402246404701
20, -261774.6317421415, -1214402.5762196782, -1477396.4984896649, -1638278.3499798481, -1732873.4845174132, -1669940.2143787784, -1303857.1187364687, -595118.668278146, -4578.415935621608, -269432.2976938399, -1183081.4284829302, -1496766.7339866823, -1633346.1985223757, -1734009.7163294125, -1675738.6778901902, -1288104.3030766835, -623124.3001046644, -845.9578040589404
21, -261774.6317421415, -1214402.5762196782, -1477396.4984896649, -1638278.3499798481, -1732873.4845174132, -1669940.2143787784, -1303857.1187364687, -595118.668278146, -4578.415935621608, -269432.2976938399, -1183081.4284829302, -1496766.7339866823, -1633346.1985223757, -1734009.7163294125, -1675738.6778901902, -1288104.3030766835, -623124.3001046644, -845.9578040589404
22, -261774.6318112837, -1214402.5765287837, -1477396.4985979055, -1638278.3498220092, -1732873.4842332304, -1669940.214143913, -1303857.1185404297, -595118.6683989111, -4578.41594099221, -269432.2964726121, -1183081.4283649079, -1496766.733844621, -1633346.1980639815, -1734009.7162223456, -1675738.6773825425, -1288104.3027576432, -623124.2953921831, -846.2326650387186
23, -261774.62592775578, -1214402.5556757522, -1477396.4748458583, -1638278.3237088835, -1732873.4574723605, -1669940.1901981793, -1303857.1012698857, -595118.6606437135, -4578.415887479852, -269432.2979045446, -1183081.4244459653, -1496766.729378209, -1633346.194262998, -1734009.7128507032, -1675738.673474356, -1288104.2988991407, -623124.2986126638, -845.9609319799347
24, -261771.3413353922, -1214390.8373025553, -1477381.7393401088, -1638261.183848197, -1732853.1943736642, -1669917.8195046391, -1303837.0438187222, -595108.273111035, -4578.317322354329, -269422.65047333646, -1183047.1639598054, -1496723.5496735142, -1633299.2092454566, -1733960.0269596914, -1675691.1068229806, -1288067.8894420494, -623106.5605202694, -845.7613653872322
25, -261700.37589374834, -1213202.6087828437, -1476834.635017009, -1638299.5908795712, -1733101.3123566196, -1670352.128936706, -1304213.7457156458, -595292.9706918728, -4578.9103951958705, -270783.77630972036, -1187771.7345737552, -1493566.887287069, -1633961.4602610185, -1733762.531252228, -1675014.3303478002, -1290522.3141140996, -618793.8563924257, 257.45200751562516
26, -261700.37589374834, -1213202.6087828437, -1476834.635017009, -1638299.5908795712, -1733101.3123566196, -1670352.128936706, -1304213.7457156458, -595292.9706918728, -4578.9103951958705, -270783.77630972036, -1187771.7345737552, -1493566.887287069, -1633961.4602610185, -1733762.531252228, -1675014.3303478002, -1290522.3141140996, -618793.8563924257, 257.45200751562516
27, -261700.37596370067, -1213202.6089195344, -1476834.634954296, -1638299.5908255903, -1733101.3123114035, -1670352.128992721, -1304213.7458797472, -595292.9707561114, -4578.910399425362, -270783.7756747281, -1187771.7345351744, -1493566.8874316753, -1633961.459673766, -1733762.5316947259, -1675014.329615851, -1290522.314519376, -618793.8518100622, 257.1906134805686
28, -261700.37160054606, -1213202.5925057032, -1476834.6153514753, -1638299.5692278463, -1733101.2901874508, -1670352.109358453, -1304213.732279715, -595292.9660558715, -4578.9103860710975, -270783.777371984, -1187771.7307282912, -1493566.8831606493, -1633961.455834074, -1733762.52801401, -1675014.3265562023, -1290522.3103914582, -618793.8546015692, 257.4505334897258
29, -261696.8894898909, -1213191.2337161615, -1476820.5235488433, -1638282.6906732335, -1733081.2440739516, -1670329.9726295096, -1304193.7302645855, -595282.2424035996, -4578.804187572748, -270775.2971718955, -1187737.4815742278, -1493524.071315924, -1633914.8514863215, -1733713.3191165284, -1674967.0779739423, -1290485.986935125, -618776.2737209415, 257.5673672097764
30, -261665.17476627437, -1212005.0325088236, -1476436.7151841288, -1638432.2856488551, -1732957.1218855453, -1669921.9983492417, -1303437.3562512791, -594732.5840234944, -4572.055021095606, -271597.2637024667, -1196111.425296417, -1487666.354154925, -1635328.9182502131, -1733518.6898093952, -1673654.8278354518, -1294998.4065392117, -610623.9705438851, 1020.8409214512212
31, -261710.6399398179, -1212873.5379792482, -1476719.7168639004, -1638335.3977336842, -1733088.8062242328, -1670286.6076524458, -1304066.736886627, -595182.2290416674, -4577.537166592638, -271234.00577445724, -1189924.9835305626, -1492071.3087525743, -1634247.3052298767, -1733652.0041823485, -1674668.0766859471, -1291658.2626354569, -616748.5433033273, 696.7604188935438
32, -261708.44058962853, -1213153.8681782528, -1476853.0577039055, -1638371.2038366266, -1733176.6754049093, -1670422.0729486414, -1304247.6914379236, -595295.5900559849, -4578.6987565216095, -270912.27508751943, -1188295.9626876677, -1493200.711293405, -1634020.9014798768, -1733722.4515814963, -1674915.8705444261, -1290784.793755853, -618291.0325027179, 378.31578346557217
33, -261708.44058962853, -1213153.8681782528, -1476853.0577039055, -1638371.2038366266, -1733176.6754049093, -1670422.0729486414, -1304247.6914379236, -595295.5900559849, -4578.6987565216095, -270912.27508751943, -1188295.9626876677, -1493200.711293405, -1634020.9014798768, -1733722.4515814963, -1674915.8705444261, -1290784.793755853, -618291.0325027179, 378.31578346557217
34, -261708.44052063947, -1213153.8677371768, -1476853.0574248147, -1638371.2040649634, -1733176.6758529004, -1670422.073604525, -1304247.6918092847, -595295.5901489827, -4578.698759766761, -270912.27408123657, -1188295.9625717618, -1493200.7112474942, -1634020.9008504248, -1733722.4516621756, -1674915.8701129905, -1290784.7940441717, -618291.0284824013, 378.05468248445686
35, -261708.43651750748, -1213153.8525104779, -1476853.0391086242, -1638371.1837323061, -1733176.6552348167, -1670422.0555102036, -1304247.6797698254, -595295.5862990586, -4578.698755785504, -270912.27517763834, -1188295.9587264834, -1493200.7068097712, -1634020.8971124801, -1733722.448086969, -1674915.8671440196, -1290784.7898369348, -618291.0307479348, 378.31764917033433
36, -261704.92722447962, -1213142.9093119402, -1476839.4084979827, -1638354.7349066895, -1733157.0227253174, -1670400.375338477, -1304228.1500821398, -595285.1742798967, -4578.594745127541, -270904.9851806666, -1188261.8563212168, -1493158.1970534574, -1633974.6925556913, -1733673.699369613, -1674868.9259215551, -1290748.6151920715, -618273.5285256447, 378.35529769767163
37, -261743.91653676747, -1213254.5676619436, -1476971.9039608072, -1638506.0440422911, -1733322.5518094348, -1670576.7168170288, -1304384.2664581134, -595368.8474847577, -4579.413120620776, -270943.9719241349, -1188419.083755903, -1493123.0079961077, -1634040.545802376, -1733719.8743502975, -1674899.492192363, -1290848.8542634936, -618179.0096228797, 404.71213731558964
38, -261743.91653676747, -1213254.5676619436, -1476971.9039608072, -1638506.0440422911, -1733322.5518094348, -1670576.7168170288, -1304384.2664581134, -595368.8474847577, -4579.413120620776, -270943.9719241349, -1188419.083755903, -1493123.0079961077, -1634040.545802376, -1733719.8743502975, -1674899.492192363, -1290848.8542634936, -618179.0096228797, 404.71213731558964
39, -261743.916582531, -1213254.567616552, -1476971.9038931485, -1638506.0440000407, -1733322.5518658317, -1670576.7170756725, -1304384.2666896943, -595368.8475349979, -4579.413124650815, -270943.9709399606, -1188419.0837461827, -1493123.0075644648, -1634040.5457842918, -1733719.874133839, -1674899.4929003294, -1290848.8554524493, -618179.0053100599, 404.4473139139518
40, -261743.91290493403, -1213254.5530295959, -1476971.8858017987, -1638506.0240088755, -1733322.531873159, -1670576.6998738325, -1304384.2556875804, -595368.8443830991, -4579.413126885529, -270943.96709562733, -1188419.0792117363, -1493123.0022143698, -1634040.5397871234, -1733719.86800354, -1674899.4877979304, -1290848.8503872468, -618179.0077751069, 404.7123379737168
41, -261740.44138114725, -1213243.824456506, -1476958.557664792, -1638489.9737391134, -1733303.4495465343, -1670555.6762368663, -1304365.407061587, -595358.8018194885, -4579.31197302117, -270935.36479856854, -1188384.7988960708, -1493080.1741655152, -1633993.8915586767, -1733670.6119450398, -1674852.2123249855, -1290812.5042124158, -618161.4401626326, 404.834666398463
42, -261714.276159076, -1213144.9141689972, -1476855.371614953, -1638375.6651554268, -1733163.8328402406, -1670398.7473612744, -1304221.2646453788, -595283.1079959343, -4578.639076056531, -270967.8702032166, -1188526.4742496796, -1493023.4343354143, -1634043.0251866588, -1733702.618085825, -1674873.0129785568, -1290909.639562404, -618063.9117064613, 431.44127717577067
43, -261714.276159076, -1213144.9141689972, -1476855.371614953, -1638375.6651554268, -1733163.8328402406, -1670398.7473612744, -1304221.2646453788, -595283.1079959343, -4578.639076056531, -270967.8702032166, -1188526.4742496796, -1493023.4343354143, -1634043.0251866588, -1733702.618085825, -1674873.0129785568, -1290909.639562404, -618063.9117064613, 431.44127717577067
44, -261714.27636286456, -1213144.9144085501, -1476855.3715411148, -1638375.6650118795, -1733163.8326540277, -1670398.7474063146, -1304221.264803493, -595283.1081447735, -4578.639081307747, -270967.8678697669, -1188526.4740279994, -1493023.4339772898, -1634043.0246434857, -1733702.6175919874, -1674873.0119832528, -1290909.6395240563, -618063.9075126856, 431.18073959640606
45, -261714.27222014635, -1213144.8979668077, -1476855.3519002586, -1638375.64387044, -1733163.8114763163, -1670398.7288219852, -1304221.2521702223, -595283.1037627627, -4578.639071563291, -270967.8646016439, -1188526.4695201865, -1493023.4286713377, -1634043.0187059157, -1733702.611667304, -1674873.0073548236, -1290909.6351843213, -618063.9096790571, 431.4420615388881
46, -261710.8722612383, -1213134.6325004566, -1476842.4497634002, -1638360.0524568243, -1733145.285860481, -1670378.356619684, -1304203.0010828392, -595273.4248524224, -4578.541264949193, -270960.33376663446, -1188492.331377355, -1492980.8740291926, -1633996.742343826, -1733653.8061643129, -1674826.0072932516, -1290873.4258449958, -618046.3739213014, 431.553112820533
47, -261757.34448154623, -1213200.6654764446, -1476934.5971930258, -1638483.5465984158, -1733293.1727502435, -1670557.1018645752, -1304379.2312661135, -595378.4404259976, -4579.718689421381, -271029.34026358044, -1188805.8598431405, -1492847.3100837911, -1634087.710073644, -1733697.0560970095, -1674837.7046381226, -1291057.2688916863, -617811.719050824, 491.08310082664684
48, -261757.34448154623, -1213200.6654764446, -1476934.5971930258, -1638483.5465984158, -1733293.1727502435, -1670557.1018645752, -1304379.2312661135, -595378.4404259976, -4579.718689421381, -271029.34026358044, -1188805.8598431405, -1492847.3100837911, -1634087.710073644, -1733697.0560970095, -1674837.7046381226, -1291057.2688916863, -617811.719050824, 491.08310082664684
49, -261757.34446339382, -1213200.6652870062, -1476934.5970647922, -1638483.546731554, -1733293.1730231824, -1670557.1022442882, -1304379.2313993364, -595378.440497188, -4579.718692230644, -271029.33999143715, -1188805.859806283, -1492847.309915958, -1634087.70971323, -1733697.0559174214, -1674837.7052713244, -1291057.2697181022, -617811.7155857284, 490.8212523629918
50, -261757.3407314024, -1213200.650640967, -1476934.5790056426, -1638483.5268498461, -1733293.1532613758, -1670557.0853096908, -1304379.2207230744, -595378.437383068, -4579.718695322972, -271029.33709773846, -1188805.8553409611, -1492847.3047317152, -1634087.7044667315, -1733697.0507076895, -1674837.700097488, -1291057.265392693, -617811.7171543301, 491.08191865158733
51, -261753.82711586487, -1213189.355410925, -1476920.6291899988, -1638466.7627276273, -1733273.1701008934, -1670534.9827966746, -1304359.3202402617, -595367.789499416, -4579.612857465523, -271020.7792124073, -1188771.567817289, -1492804.4957665403, -1634041.072473453, -1733647.8172584758, -1674790.4397175831, -1291020.9192678442, -617794.1607194672, 491.1993310731559
52, -261738.6954930232, -1213046.4215927524, -1476751.4587680888, -1638280.590516751, -1733067.3629277574, -1670339.3256019233, -1304219.2972367613, -595320.7947109886, -4579.632955622442, -271054.0349619109, -1189010.071850141, -1492685.4476682027, -1634112.0503979095, -1733689.8697389467, -1674819.0259083952, -1291192.456868846, -617620.3752517211, 539.0566846603397
53, -261738.6954930232, -1213046.4215927524, -1476751.4587680888, -1638280.590516751, -1733067.3629277574, -1670339.3256019233, -1304219.2972367613, -595320.7947109886, -4579.632955622442, -271054.0349619109, -1189010.071850141, -1492685.4476682027, -1634112.0503979095, -1733689.8697389467, -1674819.0259083952, -1291192.456868846, -617620.3752517211, 539.0566846603397
54, -261738.69550362873, -1213046.4215570318, -1476751.458760565, -1638280.5905123067, -1733067.362849623, -1670339.325687032, -1304219.2972196676, -595320.7947252546, -4579.6329592553975, -271054.03447362286, -1189010.0718472204, -1492685.4474319513, -1634112.0501233623, -1733689.8704882192, -1674819.0259723829, -1291192.4576919605, -617620.3709041843, 538.7966830786827
55, -261738.69136570266, -1213046.4053218998, -1476751.4390258517, -1638280.5687569105, -1733067.3410477769, -1670339.3065763318, -1304219.2845306573, -595320.7904683491, -4579.6329517658505, -271054.0320604014, -1189010.067460844, -1492685.4424192202, -1634112.0449971408, -1733689.8650324834, -1674819.021309065, -1291192.453228854, -617620.3728113372, 539.0563385688729
56, -261735.20068348915, -1213035.6580276382, -1476738.140475672, -1638264.601414519, -1733048.4254001235, -1670318.4073935489, -1304200.3281385803, -595310.6686136643, -4579.529412010633, -271046.2146594475, -1188975.8746699607, -1492642.8205376565, -1634065.661646586, -1733640.925864718, -1674771.9478871499, -1291156.2007987986, -617602.8565149892, 539.1354890702787
57, -261831.74432933575, -1213188.958912697, -1476951.140364681, -1638542.4390429773, -1733371.7144508334, -1670690.4921883447, -1304548.9502929405, -595508.5274730956, -4581.657332550093, -271208.9113918552, -1189539.3228683157, -1492320.0774654476, -1634177.4578058582, -1733654.5588212586, -1674726.9938222202, -1291457.0922955798, -617128.581304344, 645.9112393792602
58, -261831.74432933575, -1213188.958912697, -1476951.140364681, -1638542.4390429773, -1733371.7144508334, -1670690.4921883447, -1304548.9502929405, -595508.5274730956, -4581.657332550093, -271208.9113918552, -1189539.3228683157, -1492320.0774654476, -1634177.4578058582, -1733654.5588212586, -1674726.9938222202, -1291457.0922955798, -617128.581304344, 645.9112393792602
59, -261831.74440920283, -1213188.958935275, -1476951.140274237, -1638542.4390505338, -1733371.7145892086, -1670690.4924653675, -1304548.9505265458, -595508.527584567, -4581.657336776589, -271208.9099202962, -1189539.322734503, -1492320.077068561, -1634177.4569358001, -1733654.5578794356, -1674726.9937005127, -1291457.0920527782, -617128.5772439382, 645.651849349284
60, -261831.74013801568, -1213188.9430500087, -1476951.1214858675, -1638542.4187147757, -1733371.6940209197, -1670690.474276775, -1304548.9381816082, -595508.5234011617, -4581.657328485624, -271208.9144780138, -1189539.3191770713, -1492320.07383825, -1634177.454706199, -1733654.555572402, -1674726.9913135616, -1291457.0896136519, -617128.5798328624, 645.9134524046167
61, -261828.2908179255, -1213178.0270789522, -1476937.5874243225, -1638526.0559727254, -1733352.262490855, -1670669.0080614227, -1304529.7907636964, -595498.301517941, -4581.554947460055, -271199.6577226304, -1189504.9166665324, -1492277.1039194886, -1634130.5769793116, -1733605.035986576, -1674679.5512281868, -1291420.6372330468, -617111.0097887126, 646.0589568532596
62, -261846.32012559308, -1213206.9196834876, -1476982.570883416, -1638585.3369165102, -1733419.665419118, -1670743.2614625357, -1304597.3849542458, -595535.9319219858, -4581.939834229011, -271216.85696343513, -1189680.7723980907, -1492230.9872437231, -1634198.708186121, -1733650.0912571615, -1674711.321354836, -1291535.5467610306, -617004.6905737472, 674.6806270469606
63, -261846.32012559308, -1213206.9196834876, -1476982.570883416, -1638585.3369165102, -1733419.665419118, -1670743.2614625357, -1304597.3849542458, -595535.9319219858, -4581.939834229011, -271216.85696343513, -1189680.7723980907, -1492230.9872437231, -1634198.708186121, -1733650.0912571615, -1674711.321354836, -1291535.5467610306, -617004.6905737472, 674.6806270469606
64, -261846.32024814127, -1213206.9196224094, -1476982.570703338, -1638585.336885804, -1733419.6655699397, -1670743.2618852246, -1304597.3852810133, -595535.9320847939, -4581.939838881938, -271216.8534620862, -1189680.7719307865, -1492230.986343755, -1634198.7072893328, -1733650.089293596, -1674711.3211927465, -1291535.5470341223, -617004.686784789, 674.4198503769439
65, -261846.31664087356, -1213206.9059090419, -1476982.5536968189, -1638585.3186102973, -1733419.6481930004, -1670743.2477163603, -1304597.3772906694, -595535.9304459607, -4581.939854212136, -271216.853297067, -1189680.7677895909, -1492230.9818802502, -1634198.7029208632, -1733650.0848235658, -1674711.316458221, -1291535.543329379, -617004.6889885871, 674.679658479552
66, -261842.6809970436, -1213195.1986507052, -1476968.2747539424, -1638568.1834940352, -1733399.0515603605, -1670720.227078309, -1304576.7814157563, -595524.7662842098, -4581.828742351782, -271208.9167806377, -1189646.5329098934, -1492188.3412018642, -1634152.2807312147, -1733601.103988703, -1674664.2184611587, -1291499.2600459105, -616987.1783331034, 674.7547197719105
67, -261834.87502782006, -1213145.6883199047, -1476923.77430503, -1638526.2296855047, -1733347.4128212144, -1670665.6765656741, -1304527.3606227764, -595500.7614062126, -4581.643054128269, -271255.48554988555, -1189814.3563201728, -1492128.9603897212, -1634213.145264918, -1733640.5557675005, -1674687.0818867094, -1291608.453836693, -616873.4412286315, 701.3474217075272
68, -261834.87502782006, -1213145.6883199047, -1476923.77430503, -1638526.2296855047, -1733347.4128212144, -1670665.6765656741, -1304527.3606227764, -595500.7614062126, -4581.643054128269, -271255.48554988555, -1189814.3563201728, -1492128.9603897212, -1634213.145264918, -1733640.5557675005, -1674687.0818867094, -1291608.453836693, -616873.4412286315, 701.3474217075272
69, -261834.87509966703, -1213145.6884399755, -1476923.7743276788, -1638526.229572016, -1733347.4127083123, -1670665.676555548, -1304527.360637421, -595500.7614918503, -4581.643059072832, -271255.4829581282, -1189814.3559082437, -1492128.9596917154, -1634213.1446186635, -1733640.5554780343, -1674687.0807140893, -1291608.453941049, -616873.4373537129, 701.0875808009368
70, -261834.8710450629, -1213145.6724575427, -1476923.754976775, -1638526.2087889535, -1733347.3920257527, -1670665.6584628792, -1304527.3485622755, -595500.7574093319, -4581.643051455321, -271255.4826929422, -1189814.351794421, -1492128.9550687713, -1634213.1403028846, -1733640.5502693122, -1674687.0771010504, -1291608.4507275776, -616873.4395509635, 701.3463202335624
71, -261831.4067760608, -1213134.707386517, -1476910.1564222642, -1638509.834731483, -1733328.1118632895, -1670644.3447827124, -1304508.5500957114, -595490.5765838509, -4581.540462301518, -271246.14184042526, -1189779.9348851016, -1492085.9775687424, -1634166.2395514082, -1733591.0210029508, -1674639.601833964, -1291571.9850162868, -616855.8531155987, 701.5568652634975
72, -261871.41357999507, -1213148.6189006176, -1476924.312639819, -1638539.4834580398, -1733374.501776758, -1670726.0984131217, -1304613.9935057475, -595569.5565094128, -4582.678686499038, -271290.54736542684, -1190067.7951383984, -1491965.8088503757, -1634255.014716446, -1733638.8469535008, -1674658.5699295322, -1291752.9614440184, -616641.765526461, 750.4003365611788
73, -261871.41357999507, -1213148.6189006176, -1476924.312639819, -1638539.4834580398, -1733374.501776758, -1670726.0984131217, -1304613.9935057475, -595569.5565094128, -4582.678686499038, -271290.54736542684, -1190067.7951383984, -1491965.8088503757, -1634255.014716446, -1733638.8469535008, -1674658.5699295322, -1291752.9614440184, -616641.765526461, 750.4003365611788
74, -261871.41353560786, -1213148.6190013986, -1476924.3128678605, -1638539.4835241647, -1733374.5016157874, -1670726.098190772, -1304613.9932859498, -595569.5564926057, -4582.678690143483, -271290.5481287154, -1190067.7951910696, -1491965.8091274241, -1634255.0147630763, -1733638.846574552, -1674658.56941305, -1291752.9621320027, -616641.7620564521, 750.1433735324899
75, -261871.4093210722, -1213148.6030485092, -1476924.2939399914, -1638539.4630442634, -1733374.4811607434, -1670726.0801850795, -1304613.9811018598, -595569.5524028636, -4582.678682855901, -271290.5506180941, -1190067.791314164, -1491965.805253088, -1634255.0115306524, -1733638.8435353846, -1674658.566584631, -1291752.9585147612, -616641.7647084952, 750.4000115513772
76, -261867.94519382683, -1213137.6150993928, -1476910.70794156, -1638523.1255287274, -1733355.179508676, -1670704.7488407586, -1304594.7452757834, -595559.322144039, -4582.576445355471, -271281.07425823226, -1190033.3400837327, -1491922.7867281148, -1634208.0599444828, -1733589.217302107, -1674611.0725396355, -1291716.4821790326, -616624.1895342104, 750.5490747798176
77, -261883.29677000496, -1213140.1522037636, -1476933.5889886694, -1638560.4363005352, -1733386.9092361296, -1670734.7609333594, -1304618.3783678457, -595574.3223356826, -4582.793817732414, -271338.81834556005, -1190343.9389543955, -1491771.0732415987, -1634291.778562163, -1733626.8273887737, -1674621.132858425, -1291909.6807443083, -616386.2177345192, 806.2171282885611
78, -261883.29677000496, -1213140.1522037636, -1476933.5889886694, -1638560.4363005352, -1733386.9092361296, -1670734.7609333594, -1304618.3783678457, -595574.3223356826, -4582.793817732414, -271338.81834556005, -1190343.9389543955, -1491771.0732415987, -1634291.778562163, -1733626.8273887737, -1674621.132858425, -1291909.6807443083, -616386.2177345192, 806.2171282885611
79, -261883.2969146812, -1213140.1523947814, -1476933.5889617498, -1638560.4361305088, -1733386.9090083868, -1670734.7608682504, -1304618.378326046, -595574.3224504398, -4582.793823144723, -271338.8150274016, -1190343.9384717934, -1491771.0724711753, -1634291.777541406, -1733626.826618793, -1674621.1328789925, -1291909.681054301, -616386.2137332611, 805.9577704972835
80, -261883.2925870167, -1213140.1363927545, -1476933.570091136, -1638560.4156528183, -1733386.8882818455, -1670734.742490226, -1304618.3658966625, -595574.3182385716, -4582.793815100576, -271338.8200591041, -1190343.9350763434, -1491771.0692814416, -1634291.7749260692, -1733626.8245769916, -1674621.12947142, -1291909.6776985647, -616386.2162414106, 806.220049885691
81, -261879.87573739898, -1213129.6079809535, -1476920.420483057, -1638544.5419131129, -1733367.9917283137, -1670714.073495796, -1304599.6975497783, -595564.4625973237, -4582.694714475041, -271329.6157481117, -1190309.518153628, -1491728.12956192, -1634244.9133739446, -1733577.3271178578, -1674573.706545937, -1291873.222566009, -616368.670309207, 806.3593555337065
82, -261900.44072264517, -1213093.5539818662, -1476908.1417321004, -1638562.7804298718, -1733403.3726796212, -1670773.5032669823, -1304667.0646678477, -595610.8276068575, -4583.306504191589, -271436.4643743797, -1190633.6601178045, -1491577.868842165, -1634339.483887409, -1733624.6898572936, -1674591.1214673351, -1292070.7978107692, -616131.9773632641, 857.5749323639466
83, -261900.44072264517, -1213093.5539818662, -1476908.1417321004, -1638562.7804298718, -1733403.3726796212, -1670773.5032669823, -1304667.0646678477, -595610.8276068575, -4583.306504191589, -271436.4643743797, -1190633.6601178045, -1491577.868842165, -1634339.483887409, -1733624.6898572936, -1674591.1214673351, -1292070.7978107692, -616131.9773632641, 857.5749323639466
84, -261900.44070799276, -1213093.5538959983, -1476908.1416648417, -1638562.7804304895, -1733403.3727891422, -1670773.5034573465, -1304667.0647853524, -595610.8276884886, -4583.3065076786415, -271436.46386765345, -1190633.6600498764, -1491577.8685995485, -1634339.4836376547, -1733624.6894983556, -1674591.1209394436, -1292070.79899629, -616131.9737995005, 857.3150874673884
85, -261900.43680347185, -1213093.5386482428, -1476908.1230669299, -1638562.7600343814, -1733403.3523241146, -1670773.4856756628, -1304667.0531794867, -595610.8240640098, -4583.306506740396, -271436.4622461439, -1190633.6556364936, -1491577.8637820396, -1634339.4787540722, -1733624.684723679, -1674591.116644524, -1292070.7942162906, -616131.9753591807, 857.5731938780591
86, -261896.99233449, -1213082.8961878342, -1476894.8522370725, -1638546.781052967, -1733384.3707208082, -1670752.5884316028, -1304648.3791563085, -595600.8660366735, -4583.206089484631, -271427.4563615984, -1190599.256583708, -1491534.9790378134, -1634292.684786872, -1733575.2695842218, -1674543.7453832144, -1292034.3591874454, -616114.4446777592, 857.7041272086208
87, -261891.71914886584, -1212960.7498816592, -1476801.3171825488, -1638472.6438863536, -1733288.0593945342, -1670651.4660577953, -1304559.3657046598, -595561.5909583321, -4582.997558259116, -271538.64230030845, -1191167.232639855, -1491185.1715581906, -1634406.938903885, -1733598.111658935, -1674513.0137616803, -1292377.5570934275, -615627.4710007564, 951.3681314434652
88, -261891.71914886584, -1212960.7498816592, -1476801.3171825488, -1638472.6438863536, -1733288.0593945342, -1670651.4660577953, -1304559.3657046598, -595561.5909583321, -4582.997558259116, -271538.64230030845, -1191167.232639855, -1491185.1715581906, -1634406.938903885, -1733598.111658935, -1674513.0137616803, -1292377.5570934275, -615627.4710007564, 951.3681314434652
89, -261891.71910502829, -1212960.749933166, -1476801.3172710561, -1638472.6439413223, -1733288.0594139271, -1670651.4660213913, -1304559.3655606166, -595561.5909553331, -4582.997561936807, -271538.6429185361, -1191167.232655751, -1491185.1717931964, -1634406.938778326, -1733598.1115850075, -1674513.0138192365, -1292377.5574648173, -615627.4669285447, 951.1101081812958
90, -261891.71483049996, -1212960.7331775702, -1476801.2972937734, -1638472.6220933043, -1733288.0372171965, -1670651.4461972495, -1304559.3519478817, -595561.5860729206, -4582.9975482054, -271538.64225729264, -1191167.228449235, -1491185.1672095512, -1634406.9342340047, -1733598.1067523488, -1674513.0099001755, -1292377.5534425047, -615627.4688093193, 951.3682682425133
91, -261888.27950527237, -1212949.828472113, -1476787.7663394767, -1638456.4340792818, -1733268.809169372, -1670630.220418184, -1304540.2325626756, -595551.3794523753, -4582.89553077695, -271530.76735643763, -1191132.9657924543, -1491142.5748834796, -1634360.5275650593, -1733549.1530028335, -1674465.9338221112, -1292341.2608402686, -615610.0029872636, 951.4327194832731
92, -261881.42249049398, -1212656.6089680358, -1476614.4994180384, -1638389.5513831282, -1733221.3227753974, -1670614.9037103876, -1304530.6020705528, -595550.6726483408, -4582.869195108747, -271822.0931144108, -1192297.6062981298, -1490349.691005356, -1634541.1882038447, -1733518.3533775967, -1674320.4331110027, -1292981.0551097346, -614565.2067840045, 1127.7560140018468
93, -261881.42249049398, -1212656.6089680358, -1476614.4994180384, -1638389.5513831282, -1733221.3227753974, -1670614.9037103876, -1304530.6020705528, -595550.6726483408, -4582.869195108747, -271822.0931144108, -1192297.6062981298, -1490349.691005356, -1634541.1882038447, -1733518.3533775967, -1674320.4331110027, -1292981.0551097346, -614565.2067840045, 1127.7560140018468
94, -261881.42248872537, -1212656.6089521984, -1476614.4994496459, -1638389.5513875047, -1733221.322840558, -1670614.903812251, -1304530.602040862, -595550.6726977369, -4582.8691989648005, -271822.0918232433, -1192297.6060280472, -1490349.6904974077, -1634541.1878703008, -1733518.3523515384, -1674320.4333085604, -1292981.054928932, -614565.2031921402, 1127.5048829440639
95, -261881.41853306093, -1212656.5939388936, -1476614.4814255242, -1638389.531966519, -1733221.3035976144, -1670614.8874196564, -1304530.5916663304, -595550.669660366, -4582.869201540141, -271822.09456159105, -1192297.6022631845, -1490349.6865512608, -1634541.1839518242, -1733518.3499149194, -1674320.4299070244, -1292981.0514236246, -614565.2054734264, 1127.7550677404288
96, -261877.87173277623, -1212645.3510792158, -1476600.6029437203, -1638372.8360908087, -1733201.485147249, -1670592.957956403, -1304510.778742855, -595540.0856149205, -4582.763619742961, -271813.55785658245, -1192263.2184505677, -1490306.956236607, -1634494.5513406196, -1733469.1345458939, -1674273.1916948122, -1292944.6556007452, -614547.7382643856, 1127.851912736769
97, -261874.07143204057, -1212322.0357101643, -1476435.695439841, -1638299.9083716283, -1733034.0797752608, -1670365.4983059212, -1304254.7361832373, -595399.1316022698, -4581.496716807811, -271937.53920481564, -1194372.871455203, -1488751.2987613853, -1634778.5541245893, -1733352.3408476582, -1673924.6464112212, -1294144.6101088256, -612503.5855442698, 1367.0896861136644
98, -261847.03408658126, -1212440.9025413876, -1476415.6716852838, -1638194.8446019772, -1732986.5544153803, -1670361.1189226964, -1304305.0834969275, -595439.7517000341, -4582.00573235368, -271856.4792248808, -1192777.1053131407, -1489943.6706706546, -1634575.1969930378, -1733461.4733946498, -1674218.6792770443, -1293258.6536218834, -614072.5674057814, 1205.1516986258575
99, -261847.03408658126, -1212440.9025413876, -1476415.6716852838, -1638194.8446019772, -1732986.5544153803, -1670361.1189226964, -1304305.0834969275, -595439.7517000341, -4582.00573235368, -271856.4792248808, -1192777.1053131407, -1489943.6706706546, -1634575.1969930378, -1733461.4733946498, -1674218.6792770443, -1293258.6536218834, -614072.5674057814, 1205.1516986258575
100, -261847.03405068297, -1212440.9023078857, -1476415.671584947, -1638194.844741677, -1732986.5546469225, -1670361.1192756025, -1304305.0836443203, -595439.751777543, -4582.005735830479, -271856.4782331573, -1192777.1052059336, -1489943.67061667, -1634575.1964966638, -1733461.4735583432, -1674218.6798553406, -1293258.6534043513, -614072.5633679052, 1204.8999578132934
101, -261847.02985259463, -1212440.8862802926, -1476415.6520451673, -1638194.8231177842, -1732986.5326307828, -1670361.0997547084, -1304305.0706649907, -595439.7473895322, -4582.005727126211, -271856.47812212835, -1192777.100951739, -1489943.6658567751, -1634575.1919560125, -1733461.468256427, -1674218.6753419621, -1293258.650327875, -614072.5657056283, 1205.1491717482204
102, -261843.52285719238, -1212429.6381344595, -1476401.6397013792, -1638178.023544113, -1732966.5259950887, -1670338.954588729, -1304285.0998342044, -595429.0678833636, -4581.899543391804, -271848.1767612758, -1192742.7397529385, -1489901.0085645278, -1634528.6384007076, -1733412.348932564, -1674171.5009338884, -1293222.2811275912, -614055.1265030097, 1205.2202515529425
103, -261999.767783642, -1212523.6848271913, -1476568.0823171702, -1638456.845964937, -1733336.150044992, -1670831.7470211044, -1304799.8128810034, -595750.9732387608, -4585.719542227193, -271963.90063079656, -1193852.3650634193, -1489227.798399167, -1634748.9873237028, -1733438.3985558886, -1674084.359569921, -1293868.3475328682, -613100.7030929925, 1325.7723703050215
104, -261999.767783642, -1212523.6848271913, -1476568.0823171702, -1638456.845964937, -1733336.150044992, -1670831.7470211044, -1304799.8128810034, -595750.9732387608, -4585.719542227193, -271963.90063079656, -1193852.3650634193, -1489227.798399167, -1634748.9873237028, -1733438.3985558886, -1674084.359569921, -1293868.3475328682, -613100.7030929925, 1325.7723703050215
105, -261999.7679654081, -1212523.6849056424, -1476568.0821743996, -1638456.845770973, -1733336.1500039194, -1670831.7471418057, -1304799.8130871002, -595750.9734744652, -4585.719547335537, -271963.8956422675, -1193852.3644471008, -1489227.7970707028, -1634748.98572874, -1733438.396717255, -1674084.3574824638, -1293868.3472592444, -613100.7000688808, 1325.5275665291483
106, -261999.7646722476, -1212523.6721724614, -1476568.0660280604, -1638456.8283925604, -1733336.133997333, -1670831.7351421681, -1304799.8074963852, -595750.9733143486, -4585.7195771318075, -271963.8930036188, -1193852.359906352, -1489227.7918956906, -1634748.9809080975, -1733438.3907956707, -1674084.3531544947, -1293868.3436747396, -613100.7015194912, 1325.7756096034427
107, -261995.9998686499, -1212511.7873869725, -1476553.7705767625, -1638439.560560148, -1733315.0452784128, -1670808.184901959, -1304778.4033909466, -595739.19700526, -4585.604181824778, -271957.43935997906, -1193818.2037583254, -1489185.6137484282, -1634703.0696076152, -1733390.0565245831, -1674037.6434674603, -1293832.1809830233, -613083.3666813124, 1325.8261800605032
108, -261994.00868396543, -1212523.4753271588, -1476599.1846753785, -1638495.290012363, -1733347.277802174, -1670812.5157391774, -1304752.808076471, -595714.570170282, -4585.216398262039, -271996.6924668439, -1194098.2866995067, -1489041.353136859, -1634779.4943369848, -1733423.008289651, -1674041.215699199, -1294007.9597573094, -612861.0719834017, 1352.769912230353
109, -262003.83165096707, -1212552.1352767178, -1476610.1696241568, -1638506.5468478668, -1733385.9649943747, -1670876.8038656996, -1304831.0012588727, -595762.3944529351, -4585.753384034882, -271968.2786417126, -1193892.2790153907, -1489191.316268187, -1634749.4543846846, -1733430.2183104446, -1674071.3240643914, -1293888.2326441717, -613056.7223789768, 1330.8305034471123
110, -261999.68105474496, -1212528.020165594, -1476574.7716414821, -1638466.599175838, -1733348.9651587163, -1670845.764795589, -1304812.0864490676, -595757.0296598093, -4585.75583226742, -271960.4725548658, -1193859.3013162795, -1489227.7981976892, -1634752.5658592884, -1733441.2428655848, -1674087.3596312117, -1293873.9041280488, -613098.4006677411, 1326.398635236983
111, -261999.68105474496, -1212528.020165594, -1476574.7716414821, -1638466.599175838, -1733348.9651587163, -1670845.764795589, -1304812.0864490676, -595757.0296598093, -4585.75583226742, -271960.4725548658, -1193859.3013162795, -1489227.7981976892, -1634752.5658592884, -1733441.2428655848, -1674087.3596312117, -1293873.9041280488, -613098.4006677411, 1326.398635236983
112, -261999.68095187278, -1212528.0201122605, -1476574.771694289, -1638466.599277562, -1733348.9652715973, -1670845.7648294503, -1304812.0863507034, -595757.0295752332, -4585.755834485259, -271960.47522476054, -1193859.3016876709, -1489227.798716913, -1634752.56674933, -1733441.243730585, -1674087.3610178342, -1293873.9052742256, -613098.397020948, 1326.1525289923593
113, -261999.67751065962, -1212528.0063848076, -1476574.7544434809, -1638466.5805523624, -1733348.9474462625, -1670845.7505172533, -1304812.0783515363, -595757.028059235, -4585.755852299989, -271960.46942020283, -1193859.2967536685, -1489227.792810859, -1634752.560462304, -1733441.2363850465, -1674087.3556437648, -1293873.9006163066, -613098.3988690798, 1326.3979776976485
114, -261996.01208065927, -1212516.3767468224, -1476560.6417952804, -1638449.58447746, -1733328.445364641, -1670823.30084283, -1304791.563146085, -595745.9714757456, -4585.645108893739, -271952.831760829, -1193824.9838682432, -1489185.3148895644, -1634706.229486404, -1733392.3877513283, -1674040.350706507, -1293837.594483655, -613081.0073482511, 1326.4407725203346
