2.465714285714285803e-01
2.465714285714285803e-01
2.465714285714285803e-01
2.465714285714285803e-01
2.465714285714285803e-01
2.462857142857142745e-01
2.459999999999999964e-01
2.459999999999999964e-01
2.459999999999999964e-01
2.459999999999999964e-01
2.459999999999999964e-01
2.457142857142857184e-01
2.457142857142857184e-01
2.454285714285714404e-01
2.454285714285714404e-01
2.451428571428571346e-01
2.448571428571428565e-01
2.448571428571428565e-01
2.448571428571428565e-01
2.448571428571428565e-01
2.445714285714285785e-01
2.445714285714285785e-01
2.445714285714285785e-01
2.445714285714285785e-01
2.442857142857142727e-01
2.442857142857142727e-01
2.442857142857142727e-01
2.439999999999999947e-01
2.439999999999999947e-01
2.437142857142857166e-01
2.437142857142857166e-01
2.434285714285714386e-01
2.431428571428571328e-01
2.431428571428571328e-01
2.431428571428571328e-01
2.428571428571428548e-01
2.428571428571428548e-01
2.425714285714285767e-01
2.422857142857142987e-01
2.422857142857142987e-01
2.422857142857142987e-01
2.422857142857142987e-01
2.419999999999999929e-01
2.419999999999999929e-01
2.419999999999999929e-01
2.417142857142857149e-01
2.417142857142857149e-01
2.411428571428571310e-01
2.411428571428571310e-01
2.405714285714285749e-01
2.402857142857142969e-01
2.402857142857142969e-01
2.397142857142857131e-01
2.391428571428571292e-01
2.385714285714285732e-01
2.385714285714285732e-01
2.382857142857142951e-01
2.377142857142857113e-01
2.371428571428571552e-01
2.371428571428571552e-01
2.365714285714285714e-01
2.357142857142857095e-01
2.357142857142857095e-01
2.345714285714285696e-01
2.342857142857142916e-01
2.340000000000000135e-01
2.337142857142857078e-01
2.337142857142857078e-01
2.334285714285714297e-01
2.328571428571428459e-01
2.328571428571428459e-01
2.328571428571428459e-01
2.328571428571428459e-01
2.325714285714285678e-01
2.317142857142857060e-01
2.317142857142857060e-01
2.308571428571428441e-01
2.308571428571428441e-01
2.305714285714285661e-01
2.300000000000000100e-01
2.297142857142857042e-01
2.297142857142857042e-01
2.291428571428571481e-01
2.291428571428571481e-01
2.285714285714285643e-01
2.282857142857142863e-01
2.282857142857142863e-01
2.277142857142857024e-01
2.265714285714285625e-01
2.265714285714285625e-01
2.265714285714285625e-01
2.265714285714285625e-01
2.257142857142857006e-01
2.254285714285714226e-01
2.251428571428571446e-01
2.251428571428571446e-01
2.251428571428571446e-01
2.251428571428571446e-01
2.248571428571428665e-01
2.245714285714285607e-01
2.242857142857142827e-01
2.240000000000000047e-01
2.240000000000000047e-01
2.237142857142857266e-01
2.231428571428571428e-01
2.225714285714285590e-01
2.222857142857142809e-01
2.222857142857142809e-01
2.220000000000000029e-01
2.217142857142857248e-01
2.214285714285714191e-01
2.214285714285714191e-01
2.211428571428571410e-01
2.208571428571428630e-01
2.202857142857142791e-01
2.202857142857142791e-01
2.202857142857142791e-01
2.202857142857142791e-01
2.200000000000000011e-01
2.200000000000000011e-01
2.200000000000000011e-01
2.197142857142857231e-01
2.197142857142857231e-01
2.197142857142857231e-01
2.194285714285714173e-01
2.194285714285714173e-01
2.188571428571428612e-01
2.188571428571428612e-01
2.185714285714285832e-01
2.185714285714285832e-01
2.179999999999999993e-01
2.168571428571428594e-01
2.168571428571428594e-01
2.168571428571428594e-01
2.165714285714285814e-01
2.162857142857142756e-01
2.162857142857142756e-01
2.162857142857142756e-01
2.162857142857142756e-01
2.159999999999999976e-01
2.157142857142857195e-01
2.157142857142857195e-01
2.157142857142857195e-01
2.157142857142857195e-01
2.157142857142857195e-01
2.157142857142857195e-01
2.157142857142857195e-01
2.157142857142857195e-01
2.157142857142857195e-01
2.154285714285714415e-01
2.154285714285714415e-01
2.154285714285714415e-01
2.154285714285714415e-01
2.151428571428571357e-01
2.151428571428571357e-01
2.142857142857142738e-01
2.142857142857142738e-01
2.142857142857142738e-01
2.142857142857142738e-01
2.139999999999999958e-01
2.139999999999999958e-01
2.134285714285714397e-01
2.134285714285714397e-01
2.128571428571428559e-01
2.128571428571428559e-01
2.125714285714285778e-01
2.122857142857142720e-01
2.119999999999999940e-01
2.117142857142857160e-01
2.117142857142857160e-01
2.117142857142857160e-01
2.117142857142857160e-01
2.117142857142857160e-01
2.111428571428571321e-01
2.111428571428571321e-01
2.105714285714285761e-01
2.105714285714285761e-01
2.105714285714285761e-01
2.105714285714285761e-01
2.105714285714285761e-01
2.102857142857142980e-01
2.102857142857142980e-01
2.102857142857142980e-01
2.102857142857142980e-01
2.102857142857142980e-01
2.102857142857142980e-01
2.102857142857142980e-01
2.099999999999999922e-01
2.099999999999999922e-01
2.097142857142857142e-01
2.097142857142857142e-01
2.094285714285714362e-01
2.094285714285714362e-01
2.094285714285714362e-01
2.094285714285714362e-01
2.094285714285714362e-01
2.091428571428571304e-01
2.091428571428571304e-01
2.091428571428571304e-01
2.091428571428571304e-01
2.088571428571428523e-01
2.088571428571428523e-01
2.088571428571428523e-01
2.082857142857142962e-01
2.079999999999999905e-01
2.079999999999999905e-01
2.079999999999999905e-01
2.079999999999999905e-01
2.079999999999999905e-01
2.079999999999999905e-01
2.079999999999999905e-01
2.077142857142857124e-01
2.077142857142857124e-01
2.074285714285714344e-01
2.074285714285714344e-01
2.074285714285714344e-01
2.074285714285714344e-01
2.074285714285714344e-01
2.071428571428571563e-01
2.071428571428571563e-01
2.071428571428571563e-01
2.071428571428571563e-01
2.071428571428571563e-01
2.071428571428571563e-01
2.071428571428571563e-01
2.071428571428571563e-01
2.071428571428571563e-01
2.071428571428571563e-01
2.071428571428571563e-01
2.071428571428571563e-01
2.068571428571428505e-01
2.068571428571428505e-01
2.065714285714285725e-01
2.065714285714285725e-01
2.065714285714285725e-01
2.065714285714285725e-01
2.065714285714285725e-01
2.065714285714285725e-01
2.065714285714285725e-01
2.062857142857142945e-01
2.062857142857142945e-01
2.062857142857142945e-01
2.062857142857142945e-01
2.059999999999999887e-01
2.057142857142857106e-01
2.054285714285714326e-01
2.054285714285714326e-01
2.054285714285714326e-01
2.054285714285714326e-01
2.054285714285714326e-01
2.054285714285714326e-01
2.054285714285714326e-01
2.054285714285714326e-01
2.054285714285714326e-01
2.051428571428571546e-01
2.051428571428571546e-01
2.051428571428571546e-01
2.045714285714285707e-01
2.045714285714285707e-01
2.045714285714285707e-01
2.042857142857142927e-01
2.042857142857142927e-01
2.042857142857142927e-01
2.037142857142857089e-01
2.034285714285714308e-01
2.034285714285714308e-01
2.034285714285714308e-01
2.034285714285714308e-01
2.031428571428571528e-01
2.031428571428571528e-01
2.028571428571428470e-01
2.028571428571428470e-01
2.028571428571428470e-01
2.028571428571428470e-01
2.028571428571428470e-01
2.028571428571428470e-01
2.028571428571428470e-01
2.028571428571428470e-01
2.028571428571428470e-01
2.028571428571428470e-01
2.028571428571428470e-01
2.025714285714285690e-01
2.022857142857142909e-01
2.022857142857142909e-01
2.022857142857142909e-01
2.022857142857142909e-01
2.022857142857142909e-01
2.022857142857142909e-01
2.022857142857142909e-01
2.022857142857142909e-01
2.020000000000000129e-01
2.020000000000000129e-01
2.020000000000000129e-01
2.020000000000000129e-01
2.020000000000000129e-01
2.020000000000000129e-01
2.020000000000000129e-01
2.020000000000000129e-01
2.020000000000000129e-01
2.017142857142857071e-01
2.017142857142857071e-01
2.017142857142857071e-01
2.017142857142857071e-01
2.014285714285714290e-01
2.011428571428571510e-01
2.008571428571428452e-01
2.008571428571428452e-01
2.005714285714285672e-01
2.005714285714285672e-01
2.005714285714285672e-01
2.005714285714285672e-01
2.005714285714285672e-01
2.005714285714285672e-01
2.005714285714285672e-01
2.005714285714285672e-01
2.005714285714285672e-01
2.005714285714285672e-01
2.005714285714285672e-01
2.005714285714285672e-01
2.005714285714285672e-01
2.005714285714285672e-01
2.005714285714285672e-01
2.005714285714285672e-01
2.002857142857142891e-01
2.002857142857142891e-01
2.002857142857142891e-01
2.002857142857142891e-01
2.002857142857142891e-01
2.002857142857142891e-01
2.002857142857142891e-01
2.002857142857142891e-01
2.002857142857142891e-01
2.002857142857142891e-01
2.000000000000000111e-01
2.000000000000000111e-01
2.000000000000000111e-01
2.000000000000000111e-01
2.000000000000000111e-01
2.000000000000000111e-01
1.997142857142857053e-01
1.997142857142857053e-01
1.997142857142857053e-01
1.997142857142857053e-01
1.997142857142857053e-01
1.994285714285714273e-01
1.994285714285714273e-01
1.994285714285714273e-01
1.994285714285714273e-01
1.994285714285714273e-01
1.994285714285714273e-01
1.994285714285714273e-01
1.991428571428571492e-01
1.991428571428571492e-01
1.991428571428571492e-01
1.991428571428571492e-01
1.991428571428571492e-01
1.985714285714285654e-01
1.982857142857142874e-01
1.982857142857142874e-01
1.980000000000000093e-01
1.977142857142857035e-01
1.977142857142857035e-01
1.974285714285714255e-01
1.974285714285714255e-01
1.974285714285714255e-01
1.974285714285714255e-01
1.974285714285714255e-01
1.974285714285714255e-01
1.974285714285714255e-01
1.974285714285714255e-01
1.974285714285714255e-01
1.971428571428571475e-01
1.971428571428571475e-01
1.971428571428571475e-01
1.968571428571428694e-01
1.968571428571428694e-01
1.965714285714285636e-01
1.962857142857142856e-01
1.962857142857142856e-01
1.962857142857142856e-01
1.962857142857142856e-01
1.960000000000000075e-01
1.960000000000000075e-01
1.960000000000000075e-01
1.960000000000000075e-01
1.960000000000000075e-01
1.960000000000000075e-01
1.960000000000000075e-01
1.960000000000000075e-01
1.960000000000000075e-01
1.960000000000000075e-01
1.960000000000000075e-01
1.960000000000000075e-01
1.960000000000000075e-01
1.960000000000000075e-01
1.960000000000000075e-01
1.960000000000000075e-01
1.960000000000000075e-01
1.957142857142857018e-01
1.957142857142857018e-01
1.957142857142857018e-01
1.957142857142857018e-01
1.957142857142857018e-01
1.957142857142857018e-01
1.954285714285714237e-01
1.954285714285714237e-01
1.954285714285714237e-01
1.954285714285714237e-01
1.954285714285714237e-01
1.954285714285714237e-01
1.954285714285714237e-01
1.951428571428571457e-01
1.951428571428571457e-01
1.951428571428571457e-01
1.951428571428571457e-01
1.948571428571428676e-01
1.948571428571428676e-01
1.948571428571428676e-01
1.948571428571428676e-01
1.948571428571428676e-01
1.948571428571428676e-01
1.948571428571428676e-01
1.948571428571428676e-01
1.948571428571428676e-01
1.945714285714285618e-01
1.945714285714285618e-01
1.945714285714285618e-01
1.945714285714285618e-01
1.945714285714285618e-01
1.945714285714285618e-01
1.945714285714285618e-01
1.945714285714285618e-01
1.945714285714285618e-01
1.945714285714285618e-01
1.945714285714285618e-01
1.942857142857142838e-01
1.942857142857142838e-01
1.942857142857142838e-01
1.942857142857142838e-01
1.942857142857142838e-01
1.940000000000000058e-01
1.940000000000000058e-01
1.937142857142857277e-01
1.937142857142857277e-01
1.937142857142857277e-01
1.934285714285714219e-01
1.934285714285714219e-01
1.934285714285714219e-01
1.934285714285714219e-01
1.934285714285714219e-01
1.934285714285714219e-01
1.934285714285714219e-01
1.934285714285714219e-01
1.934285714285714219e-01
1.934285714285714219e-01
1.931428571428571439e-01
1.928571428571428659e-01
1.928571428571428659e-01
1.928571428571428659e-01
1.925714285714285601e-01
1.925714285714285601e-01
1.922857142857142820e-01
1.922857142857142820e-01
1.922857142857142820e-01
1.922857142857142820e-01
1.922857142857142820e-01
1.922857142857142820e-01
1.922857142857142820e-01
1.922857142857142820e-01
1.922857142857142820e-01
1.922857142857142820e-01
1.922857142857142820e-01
1.922857142857142820e-01
1.922857142857142820e-01
1.920000000000000040e-01
1.920000000000000040e-01
1.920000000000000040e-01
1.920000000000000040e-01
1.920000000000000040e-01
1.920000000000000040e-01
1.920000000000000040e-01
1.920000000000000040e-01
1.920000000000000040e-01
1.920000000000000040e-01
1.920000000000000040e-01
1.920000000000000040e-01
1.920000000000000040e-01
1.917142857142857260e-01
1.917142857142857260e-01
1.914285714285714202e-01
1.914285714285714202e-01
1.914285714285714202e-01
1.914285714285714202e-01
1.914285714285714202e-01
1.914285714285714202e-01
1.914285714285714202e-01
1.914285714285714202e-01
1.914285714285714202e-01
1.914285714285714202e-01
1.914285714285714202e-01
1.911428571428571421e-01
1.908571428571428641e-01
1.908571428571428641e-01
1.908571428571428641e-01
1.908571428571428641e-01
1.908571428571428641e-01
1.908571428571428641e-01
1.908571428571428641e-01
1.908571428571428641e-01
1.908571428571428641e-01
1.908571428571428641e-01
1.905714285714285583e-01
1.902857142857142803e-01
1.902857142857142803e-01
1.902857142857142803e-01
1.902857142857142803e-01
1.902857142857142803e-01
1.902857142857142803e-01
1.900000000000000022e-01
1.900000000000000022e-01
1.900000000000000022e-01
1.900000000000000022e-01
1.900000000000000022e-01
1.900000000000000022e-01
1.900000000000000022e-01
1.897142857142857242e-01
1.894285714285714184e-01
1.894285714285714184e-01
1.894285714285714184e-01
1.894285714285714184e-01
1.894285714285714184e-01
1.894285714285714184e-01
1.891428571428571404e-01
1.891428571428571404e-01
1.885714285714285843e-01
1.882857142857142785e-01
1.880000000000000004e-01
1.877142857142857224e-01
1.877142857142857224e-01
1.877142857142857224e-01
1.877142857142857224e-01
1.877142857142857224e-01
1.877142857142857224e-01
1.877142857142857224e-01
1.877142857142857224e-01
1.877142857142857224e-01
1.874285714285714166e-01
1.874285714285714166e-01
1.874285714285714166e-01
1.874285714285714166e-01
1.874285714285714166e-01
1.874285714285714166e-01
1.874285714285714166e-01
1.874285714285714166e-01
1.874285714285714166e-01
1.874285714285714166e-01
1.874285714285714166e-01
1.874285714285714166e-01
1.874285714285714166e-01
1.874285714285714166e-01
1.874285714285714166e-01
1.871428571428571386e-01
1.871428571428571386e-01
1.868571428571428605e-01
1.868571428571428605e-01
1.868571428571428605e-01
1.868571428571428605e-01
1.868571428571428605e-01
1.868571428571428605e-01
1.868571428571428605e-01
1.868571428571428605e-01
1.868571428571428605e-01
1.868571428571428605e-01
1.868571428571428605e-01
1.865714285714285825e-01
1.862857142857142767e-01
1.862857142857142767e-01
1.862857142857142767e-01
1.862857142857142767e-01
1.862857142857142767e-01
1.862857142857142767e-01
1.862857142857142767e-01
1.862857142857142767e-01
1.859999999999999987e-01
1.857142857142857206e-01
1.857142857142857206e-01
1.857142857142857206e-01
1.857142857142857206e-01
1.857142857142857206e-01
1.857142857142857206e-01
1.857142857142857206e-01
1.857142857142857206e-01
1.857142857142857206e-01
1.857142857142857206e-01
1.854285714285714148e-01
1.854285714285714148e-01
1.854285714285714148e-01
1.854285714285714148e-01
1.854285714285714148e-01
1.851428571428571368e-01
1.851428571428571368e-01
1.851428571428571368e-01
1.851428571428571368e-01
1.851428571428571368e-01
1.851428571428571368e-01
1.851428571428571368e-01
1.848571428571428588e-01
1.848571428571428588e-01
1.848571428571428588e-01
1.848571428571428588e-01
1.848571428571428588e-01
1.848571428571428588e-01
1.848571428571428588e-01
1.848571428571428588e-01
1.848571428571428588e-01
1.848571428571428588e-01
1.848571428571428588e-01
1.848571428571428588e-01
1.848571428571428588e-01
1.848571428571428588e-01
1.848571428571428588e-01
1.848571428571428588e-01
1.848571428571428588e-01
1.848571428571428588e-01
1.848571428571428588e-01
1.848571428571428588e-01
1.848571428571428588e-01
1.848571428571428588e-01
1.848571428571428588e-01
1.848571428571428588e-01
1.848571428571428588e-01
1.848571428571428588e-01
1.848571428571428588e-01
1.848571428571428588e-01
1.848571428571428588e-01
1.848571428571428588e-01
1.848571428571428588e-01
1.845714285714285807e-01
1.842857142857142749e-01
1.842857142857142749e-01
1.839999999999999969e-01
1.839999999999999969e-01
1.834285714285714408e-01
1.834285714285714408e-01
1.834285714285714408e-01
1.834285714285714408e-01
1.834285714285714408e-01
1.834285714285714408e-01
1.834285714285714408e-01
1.834285714285714408e-01
1.834285714285714408e-01
1.834285714285714408e-01
1.834285714285714408e-01
1.834285714285714408e-01
1.834285714285714408e-01
1.834285714285714408e-01
1.834285714285714408e-01
1.834285714285714408e-01
1.834285714285714408e-01
1.834285714285714408e-01
1.834285714285714408e-01
1.834285714285714408e-01
1.834285714285714408e-01
1.834285714285714408e-01
1.834285714285714408e-01
1.834285714285714408e-01
1.834285714285714408e-01
1.834285714285714408e-01
1.834285714285714408e-01
1.834285714285714408e-01
1.831428571428571350e-01
1.831428571428571350e-01
1.831428571428571350e-01
1.831428571428571350e-01
1.831428571428571350e-01
1.831428571428571350e-01
1.831428571428571350e-01
1.831428571428571350e-01
1.831428571428571350e-01
1.831428571428571350e-01
1.831428571428571350e-01
1.831428571428571350e-01
1.831428571428571350e-01
1.831428571428571350e-01
1.831428571428571350e-01
1.831428571428571350e-01
1.831428571428571350e-01
1.831428571428571350e-01
1.831428571428571350e-01
1.831428571428571350e-01
1.831428571428571350e-01
1.831428571428571350e-01
1.831428571428571350e-01
1.831428571428571350e-01
1.831428571428571350e-01
1.831428571428571350e-01
1.831428571428571350e-01
1.831428571428571350e-01
1.831428571428571350e-01
1.831428571428571350e-01
1.831428571428571350e-01
1.831428571428571350e-01
1.831428571428571350e-01
1.831428571428571350e-01
1.831428571428571350e-01
1.831428571428571350e-01
1.831428571428571350e-01
1.831428571428571350e-01
1.831428571428571350e-01
1.828571428571428570e-01
1.828571428571428570e-01
1.825714285714285789e-01
1.819999999999999951e-01
1.819999999999999951e-01
1.817142857142857171e-01
1.817142857142857171e-01
1.817142857142857171e-01
1.817142857142857171e-01
1.817142857142857171e-01
1.817142857142857171e-01
1.817142857142857171e-01
1.817142857142857171e-01
1.817142857142857171e-01
1.817142857142857171e-01
1.817142857142857171e-01
1.817142857142857171e-01
1.817142857142857171e-01
1.817142857142857171e-01
1.817142857142857171e-01
1.814285714285714390e-01
1.814285714285714390e-01
1.814285714285714390e-01
1.814285714285714390e-01
1.814285714285714390e-01
1.814285714285714390e-01
1.814285714285714390e-01
1.814285714285714390e-01
1.814285714285714390e-01
1.811428571428571332e-01
1.811428571428571332e-01
1.811428571428571332e-01
1.811428571428571332e-01
1.811428571428571332e-01
1.811428571428571332e-01
1.808571428571428552e-01
1.808571428571428552e-01
1.808571428571428552e-01
1.808571428571428552e-01
1.808571428571428552e-01
1.805714285714285772e-01
1.805714285714285772e-01
1.802857142857142991e-01
1.802857142857142991e-01
1.802857142857142991e-01
1.802857142857142991e-01
1.799999999999999933e-01
1.797142857142857153e-01
1.797142857142857153e-01
1.797142857142857153e-01
1.797142857142857153e-01
1.797142857142857153e-01
1.794285714285714373e-01
1.794285714285714373e-01
1.794285714285714373e-01
1.794285714285714373e-01
1.794285714285714373e-01
1.794285714285714373e-01
1.794285714285714373e-01
1.794285714285714373e-01
1.794285714285714373e-01
1.794285714285714373e-01
1.794285714285714373e-01
1.794285714285714373e-01
1.794285714285714373e-01
1.794285714285714373e-01
1.794285714285714373e-01
1.794285714285714373e-01
1.794285714285714373e-01
1.794285714285714373e-01
1.794285714285714373e-01
1.794285714285714373e-01
1.794285714285714373e-01
1.788571428571428534e-01
1.788571428571428534e-01
1.788571428571428534e-01
1.788571428571428534e-01
1.788571428571428534e-01
1.788571428571428534e-01
1.788571428571428534e-01
1.785714285714285754e-01
1.785714285714285754e-01
1.785714285714285754e-01
1.785714285714285754e-01
1.785714285714285754e-01
1.785714285714285754e-01
1.785714285714285754e-01
1.785714285714285754e-01
1.785714285714285754e-01
1.785714285714285754e-01
1.785714285714285754e-01
1.785714285714285754e-01
1.785714285714285754e-01
1.785714285714285754e-01
1.785714285714285754e-01
1.785714285714285754e-01
1.785714285714285754e-01
1.785714285714285754e-01
1.785714285714285754e-01
1.785714285714285754e-01
1.785714285714285754e-01
1.782857142857142974e-01
1.782857142857142974e-01
1.782857142857142974e-01
1.779999999999999916e-01
1.779999999999999916e-01
1.779999999999999916e-01
1.779999999999999916e-01
1.777142857142857135e-01
1.777142857142857135e-01
1.774285714285714355e-01
1.774285714285714355e-01
1.774285714285714355e-01
1.774285714285714355e-01
1.774285714285714355e-01
1.774285714285714355e-01
1.774285714285714355e-01
1.774285714285714355e-01
1.774285714285714355e-01
1.774285714285714355e-01
1.774285714285714355e-01
1.771428571428571297e-01
1.771428571428571297e-01
1.771428571428571297e-01
1.771428571428571297e-01
1.768571428571428517e-01
1.768571428571428517e-01
1.765714285714285736e-01
1.765714285714285736e-01
1.765714285714285736e-01
1.765714285714285736e-01
1.765714285714285736e-01
1.765714285714285736e-01
1.765714285714285736e-01
1.765714285714285736e-01
1.765714285714285736e-01
1.765714285714285736e-01
1.765714285714285736e-01
1.765714285714285736e-01
1.762857142857142956e-01
1.762857142857142956e-01
1.762857142857142956e-01
1.762857142857142956e-01
1.762857142857142956e-01
1.759999999999999898e-01
1.757142857142857117e-01
1.757142857142857117e-01
1.757142857142857117e-01
1.757142857142857117e-01
1.757142857142857117e-01
1.757142857142857117e-01
1.757142857142857117e-01
1.757142857142857117e-01
1.757142857142857117e-01
1.757142857142857117e-01
1.757142857142857117e-01
1.757142857142857117e-01
1.757142857142857117e-01
1.757142857142857117e-01
1.757142857142857117e-01
1.757142857142857117e-01
1.757142857142857117e-01
1.757142857142857117e-01
1.754285714285714337e-01
1.754285714285714337e-01
1.754285714285714337e-01
1.754285714285714337e-01
1.754285714285714337e-01
1.754285714285714337e-01
1.754285714285714337e-01
1.754285714285714337e-01
1.754285714285714337e-01
1.754285714285714337e-01
1.754285714285714337e-01
1.754285714285714337e-01
1.754285714285714337e-01
1.754285714285714337e-01
1.754285714285714337e-01
1.754285714285714337e-01
1.754285714285714337e-01
1.754285714285714337e-01
1.751428571428571557e-01
1.751428571428571557e-01
1.751428571428571557e-01
1.748571428571428499e-01
1.748571428571428499e-01
1.748571428571428499e-01
1.748571428571428499e-01
1.748571428571428499e-01
1.745714285714285718e-01
1.745714285714285718e-01
1.745714285714285718e-01
1.745714285714285718e-01
1.745714285714285718e-01
1.745714285714285718e-01
1.745714285714285718e-01
1.745714285714285718e-01
1.745714285714285718e-01
1.745714285714285718e-01
1.742857142857142938e-01
1.742857142857142938e-01
1.742857142857142938e-01
1.742857142857142938e-01
1.742857142857142938e-01
1.742857142857142938e-01
1.742857142857142938e-01
1.742857142857142938e-01
1.739999999999999880e-01
1.737142857142857100e-01
1.737142857142857100e-01
1.734285714285714319e-01
1.731428571428571539e-01
1.731428571428571539e-01
1.731428571428571539e-01
1.731428571428571539e-01
1.731428571428571539e-01
1.731428571428571539e-01
1.731428571428571539e-01
1.731428571428571539e-01
1.731428571428571539e-01
1.731428571428571539e-01
1.731428571428571539e-01
1.731428571428571539e-01
1.731428571428571539e-01
1.728571428571428481e-01
1.728571428571428481e-01
1.728571428571428481e-01
1.728571428571428481e-01
1.728571428571428481e-01
1.728571428571428481e-01
1.728571428571428481e-01
1.728571428571428481e-01
1.728571428571428481e-01
1.728571428571428481e-01
1.728571428571428481e-01
1.728571428571428481e-01
1.728571428571428481e-01
1.728571428571428481e-01
1.728571428571428481e-01
1.728571428571428481e-01
1.728571428571428481e-01
1.728571428571428481e-01
1.728571428571428481e-01
1.725714285714285701e-01
1.725714285714285701e-01
1.725714285714285701e-01
1.725714285714285701e-01
1.725714285714285701e-01
1.725714285714285701e-01
1.725714285714285701e-01
1.725714285714285701e-01
1.725714285714285701e-01
1.722857142857142920e-01
1.722857142857142920e-01
1.722857142857142920e-01
1.722857142857142920e-01
1.722857142857142920e-01
1.722857142857142920e-01
1.722857142857142920e-01
1.722857142857142920e-01
1.722857142857142920e-01
1.722857142857142920e-01
1.719999999999999862e-01
1.719999999999999862e-01
1.719999999999999862e-01
1.719999999999999862e-01
1.719999999999999862e-01
1.719999999999999862e-01
1.717142857142857082e-01
1.717142857142857082e-01
1.714285714285714302e-01
1.714285714285714302e-01
1.711428571428571521e-01
1.711428571428571521e-01
1.711428571428571521e-01
1.711428571428571521e-01
1.711428571428571521e-01
1.711428571428571521e-01
1.711428571428571521e-01
1.711428571428571521e-01
1.711428571428571521e-01
1.711428571428571521e-01
1.711428571428571521e-01
1.711428571428571521e-01
1.711428571428571521e-01
1.711428571428571521e-01
1.711428571428571521e-01
1.711428571428571521e-01
1.711428571428571521e-01
1.711428571428571521e-01
1.711428571428571521e-01
1.711428571428571521e-01
1.711428571428571521e-01
1.711428571428571521e-01
1.711428571428571521e-01
1.711428571428571521e-01
1.711428571428571521e-01
1.711428571428571521e-01
1.711428571428571521e-01
1.711428571428571521e-01
1.711428571428571521e-01
1.711428571428571521e-01
1.711428571428571521e-01
1.711428571428571521e-01
1.711428571428571521e-01
1.711428571428571521e-01
1.711428571428571521e-01
1.711428571428571521e-01
1.708571428571428463e-01
1.708571428571428463e-01
1.708571428571428463e-01
1.708571428571428463e-01
1.708571428571428463e-01
1.708571428571428463e-01
1.708571428571428463e-01
1.708571428571428463e-01
1.708571428571428463e-01
1.705714285714285683e-01
1.705714285714285683e-01
1.705714285714285683e-01
1.705714285714285683e-01
1.705714285714285683e-01
1.705714285714285683e-01
1.705714285714285683e-01
1.705714285714285683e-01
1.705714285714285683e-01
1.705714285714285683e-01
1.705714285714285683e-01
1.705714285714285683e-01
1.705714285714285683e-01
1.705714285714285683e-01
1.705714285714285683e-01
1.705714285714285683e-01
1.705714285714285683e-01
1.702857142857142903e-01
1.702857142857142903e-01
1.702857142857142903e-01
1.702857142857142903e-01
1.702857142857142903e-01
1.702857142857142903e-01
1.702857142857142903e-01
1.702857142857142903e-01
1.702857142857142903e-01
1.700000000000000122e-01
1.700000000000000122e-01
1.700000000000000122e-01
1.700000000000000122e-01
1.700000000000000122e-01
1.700000000000000122e-01
1.700000000000000122e-01
1.697142857142857064e-01
1.697142857142857064e-01
1.697142857142857064e-01
1.697142857142857064e-01
1.697142857142857064e-01
1.697142857142857064e-01
1.697142857142857064e-01
1.697142857142857064e-01
1.697142857142857064e-01
1.697142857142857064e-01
1.697142857142857064e-01
1.697142857142857064e-01
1.697142857142857064e-01
1.697142857142857064e-01
1.697142857142857064e-01
1.697142857142857064e-01
1.697142857142857064e-01
1.697142857142857064e-01
1.697142857142857064e-01
1.694285714285714284e-01
1.694285714285714284e-01
1.694285714285714284e-01
1.694285714285714284e-01
1.694285714285714284e-01
1.694285714285714284e-01
1.694285714285714284e-01
1.694285714285714284e-01
1.694285714285714284e-01
1.694285714285714284e-01
1.694285714285714284e-01
1.694285714285714284e-01
1.691428571428571503e-01
1.691428571428571503e-01
1.691428571428571503e-01
1.691428571428571503e-01
1.691428571428571503e-01
1.691428571428571503e-01
1.691428571428571503e-01
1.691428571428571503e-01
1.691428571428571503e-01
1.691428571428571503e-01
1.691428571428571503e-01
1.691428571428571503e-01
1.691428571428571503e-01
1.688571428571428445e-01
1.688571428571428445e-01
1.688571428571428445e-01
1.688571428571428445e-01
1.688571428571428445e-01
1.685714285714285665e-01
1.685714285714285665e-01
1.685714285714285665e-01
1.685714285714285665e-01
1.685714285714285665e-01
1.685714285714285665e-01
1.685714285714285665e-01
1.685714285714285665e-01
1.685714285714285665e-01
1.685714285714285665e-01
1.685714285714285665e-01
1.685714285714285665e-01
1.685714285714285665e-01
1.685714285714285665e-01
1.682857142857142885e-01
1.682857142857142885e-01
1.680000000000000104e-01
1.680000000000000104e-01
1.680000000000000104e-01
1.680000000000000104e-01
1.680000000000000104e-01
1.680000000000000104e-01
1.680000000000000104e-01
1.680000000000000104e-01
1.680000000000000104e-01
1.680000000000000104e-01
1.680000000000000104e-01
1.680000000000000104e-01
1.677142857142857046e-01
1.677142857142857046e-01
1.677142857142857046e-01
1.677142857142857046e-01
1.677142857142857046e-01
1.677142857142857046e-01
1.677142857142857046e-01
1.677142857142857046e-01
1.677142857142857046e-01
1.677142857142857046e-01
1.677142857142857046e-01
1.674285714285714266e-01
1.674285714285714266e-01
1.674285714285714266e-01
1.674285714285714266e-01
1.674285714285714266e-01
1.674285714285714266e-01
1.674285714285714266e-01
1.671428571428571486e-01
1.671428571428571486e-01
1.668571428571428705e-01
1.668571428571428705e-01
1.668571428571428705e-01
1.665714285714285647e-01
1.665714285714285647e-01
1.665714285714285647e-01
1.665714285714285647e-01
1.662857142857142867e-01
1.662857142857142867e-01
1.662857142857142867e-01
1.662857142857142867e-01
1.660000000000000087e-01
1.660000000000000087e-01
1.660000000000000087e-01
1.660000000000000087e-01
1.660000000000000087e-01
1.660000000000000087e-01
1.660000000000000087e-01
1.660000000000000087e-01
1.660000000000000087e-01
1.660000000000000087e-01
1.660000000000000087e-01
1.660000000000000087e-01
1.660000000000000087e-01
1.660000000000000087e-01
1.660000000000000087e-01
1.657142857142857029e-01
1.657142857142857029e-01
1.657142857142857029e-01
1.657142857142857029e-01
1.657142857142857029e-01
1.657142857142857029e-01
1.657142857142857029e-01
1.657142857142857029e-01
1.657142857142857029e-01
1.657142857142857029e-01
1.654285714285714248e-01
1.654285714285714248e-01
1.654285714285714248e-01
1.654285714285714248e-01
1.654285714285714248e-01
1.654285714285714248e-01
1.654285714285714248e-01
1.654285714285714248e-01
1.654285714285714248e-01
1.654285714285714248e-01
1.654285714285714248e-01
1.654285714285714248e-01
1.651428571428571468e-01
1.651428571428571468e-01
1.651428571428571468e-01
1.651428571428571468e-01
1.651428571428571468e-01
1.651428571428571468e-01
1.651428571428571468e-01
1.651428571428571468e-01
1.651428571428571468e-01
1.651428571428571468e-01
1.651428571428571468e-01
1.651428571428571468e-01
1.651428571428571468e-01
1.648571428571428688e-01
1.648571428571428688e-01
1.648571428571428688e-01
1.645714285714285630e-01
1.645714285714285630e-01
1.645714285714285630e-01
1.645714285714285630e-01
1.645714285714285630e-01
1.645714285714285630e-01
1.645714285714285630e-01
1.645714285714285630e-01
1.645714285714285630e-01
1.645714285714285630e-01
1.645714285714285630e-01
1.645714285714285630e-01
1.645714285714285630e-01
1.645714285714285630e-01
1.642857142857142849e-01
1.642857142857142849e-01
1.642857142857142849e-01
1.642857142857142849e-01
1.642857142857142849e-01
1.642857142857142849e-01
1.642857142857142849e-01
1.642857142857142849e-01
1.642857142857142849e-01
1.642857142857142849e-01
1.642857142857142849e-01
1.642857142857142849e-01
1.642857142857142849e-01
1.642857142857142849e-01
1.642857142857142849e-01
1.642857142857142849e-01
1.640000000000000069e-01
1.640000000000000069e-01
1.640000000000000069e-01
1.640000000000000069e-01
1.640000000000000069e-01
1.640000000000000069e-01
1.640000000000000069e-01
1.640000000000000069e-01
1.640000000000000069e-01
1.640000000000000069e-01
1.640000000000000069e-01
1.640000000000000069e-01
1.640000000000000069e-01
1.640000000000000069e-01
1.637142857142857011e-01
1.637142857142857011e-01
1.637142857142857011e-01
1.637142857142857011e-01
1.637142857142857011e-01
1.637142857142857011e-01
1.634285714285714231e-01
1.634285714285714231e-01
1.634285714285714231e-01
1.634285714285714231e-01
1.634285714285714231e-01
1.634285714285714231e-01
1.634285714285714231e-01
1.634285714285714231e-01
1.634285714285714231e-01
1.634285714285714231e-01
1.634285714285714231e-01
1.634285714285714231e-01
1.634285714285714231e-01
1.634285714285714231e-01
1.634285714285714231e-01
1.634285714285714231e-01
1.631428571428571450e-01
1.631428571428571450e-01
1.631428571428571450e-01
1.631428571428571450e-01
1.631428571428571450e-01
1.631428571428571450e-01
1.631428571428571450e-01
1.628571428571428670e-01
1.628571428571428670e-01
1.628571428571428670e-01
1.625714285714285612e-01
1.625714285714285612e-01
1.625714285714285612e-01
1.625714285714285612e-01
1.625714285714285612e-01
1.625714285714285612e-01
1.625714285714285612e-01
1.625714285714285612e-01
1.625714285714285612e-01
1.625714285714285612e-01
1.625714285714285612e-01
1.625714285714285612e-01
1.625714285714285612e-01
1.625714285714285612e-01
1.625714285714285612e-01
1.625714285714285612e-01
1.625714285714285612e-01
1.625714285714285612e-01
1.625714285714285612e-01
1.625714285714285612e-01
1.625714285714285612e-01
1.625714285714285612e-01
1.625714285714285612e-01
1.625714285714285612e-01
1.622857142857142831e-01
1.622857142857142831e-01
1.622857142857142831e-01
1.622857142857142831e-01
1.622857142857142831e-01
1.620000000000000051e-01
1.620000000000000051e-01
1.620000000000000051e-01
1.617142857142857271e-01
1.617142857142857271e-01
1.617142857142857271e-01
1.617142857142857271e-01
1.617142857142857271e-01
1.617142857142857271e-01
1.614285714285714213e-01
1.614285714285714213e-01
1.614285714285714213e-01
1.614285714285714213e-01
1.614285714285714213e-01
1.614285714285714213e-01
1.614285714285714213e-01
1.614285714285714213e-01
1.614285714285714213e-01
1.614285714285714213e-01
1.614285714285714213e-01
1.614285714285714213e-01
1.614285714285714213e-01
1.614285714285714213e-01
1.614285714285714213e-01
1.614285714285714213e-01
1.614285714285714213e-01
1.614285714285714213e-01
1.614285714285714213e-01
1.614285714285714213e-01
1.614285714285714213e-01
1.614285714285714213e-01
1.614285714285714213e-01
1.614285714285714213e-01
1.614285714285714213e-01
1.614285714285714213e-01
1.614285714285714213e-01
1.614285714285714213e-01
1.614285714285714213e-01
1.614285714285714213e-01
1.614285714285714213e-01
1.614285714285714213e-01
1.614285714285714213e-01
1.614285714285714213e-01
1.614285714285714213e-01
1.614285714285714213e-01
1.614285714285714213e-01
1.614285714285714213e-01
1.614285714285714213e-01
1.614285714285714213e-01
1.614285714285714213e-01
1.614285714285714213e-01
1.614285714285714213e-01
1.611428571428571432e-01
1.611428571428571432e-01
1.611428571428571432e-01
1.608571428571428652e-01
1.608571428571428652e-01
1.608571428571428652e-01
1.608571428571428652e-01
1.608571428571428652e-01
1.608571428571428652e-01
1.608571428571428652e-01
1.608571428571428652e-01
1.608571428571428652e-01
1.608571428571428652e-01
1.608571428571428652e-01
1.608571428571428652e-01
1.608571428571428652e-01
1.608571428571428652e-01
1.608571428571428652e-01
1.608571428571428652e-01
1.608571428571428652e-01
1.608571428571428652e-01
1.608571428571428652e-01
1.608571428571428652e-01
1.605714285714285594e-01
1.605714285714285594e-01
1.605714285714285594e-01
1.605714285714285594e-01
1.605714285714285594e-01
1.605714285714285594e-01
1.605714285714285594e-01
1.602857142857142814e-01
1.602857142857142814e-01
1.602857142857142814e-01
1.602857142857142814e-01
1.602857142857142814e-01
1.602857142857142814e-01
1.602857142857142814e-01
1.602857142857142814e-01
1.602857142857142814e-01
1.600000000000000033e-01
1.600000000000000033e-01
1.600000000000000033e-01
1.600000000000000033e-01
1.600000000000000033e-01
1.600000000000000033e-01
1.600000000000000033e-01
1.600000000000000033e-01
1.600000000000000033e-01
1.600000000000000033e-01
1.600000000000000033e-01
1.600000000000000033e-01
1.600000000000000033e-01
1.600000000000000033e-01
1.600000000000000033e-01
1.600000000000000033e-01
1.600000000000000033e-01
1.600000000000000033e-01
1.600000000000000033e-01
1.600000000000000033e-01
1.600000000000000033e-01
1.600000000000000033e-01
1.600000000000000033e-01
1.600000000000000033e-01
1.600000000000000033e-01
1.600000000000000033e-01
1.600000000000000033e-01
1.600000000000000033e-01
1.600000000000000033e-01
1.600000000000000033e-01
1.600000000000000033e-01
1.600000000000000033e-01
1.600000000000000033e-01
1.597142857142857253e-01
1.597142857142857253e-01
1.597142857142857253e-01
1.594285714285714195e-01
1.594285714285714195e-01
1.594285714285714195e-01
1.591428571428571415e-01
1.591428571428571415e-01
1.588571428571428634e-01
1.585714285714285576e-01
1.585714285714285576e-01
1.585714285714285576e-01
1.585714285714285576e-01
1.585714285714285576e-01
1.585714285714285576e-01
1.585714285714285576e-01
1.585714285714285576e-01
1.585714285714285576e-01
1.585714285714285576e-01
1.585714285714285576e-01
1.585714285714285576e-01
1.585714285714285576e-01
1.585714285714285576e-01
1.585714285714285576e-01
1.585714285714285576e-01
1.585714285714285576e-01
1.585714285714285576e-01
1.585714285714285576e-01
1.585714285714285576e-01
1.585714285714285576e-01
1.585714285714285576e-01
1.585714285714285576e-01
1.582857142857142796e-01
1.582857142857142796e-01
1.582857142857142796e-01
1.582857142857142796e-01
1.580000000000000016e-01
1.577142857142857235e-01
1.577142857142857235e-01
1.577142857142857235e-01
1.577142857142857235e-01
1.577142857142857235e-01
1.574285714285714177e-01
1.574285714285714177e-01
1.574285714285714177e-01
1.574285714285714177e-01
1.574285714285714177e-01
1.574285714285714177e-01
1.574285714285714177e-01
1.571428571428571397e-01
1.571428571428571397e-01
1.571428571428571397e-01
1.571428571428571397e-01
1.571428571428571397e-01
1.571428571428571397e-01
1.571428571428571397e-01
1.571428571428571397e-01
1.571428571428571397e-01
1.571428571428571397e-01
1.571428571428571397e-01
1.571428571428571397e-01
1.571428571428571397e-01
1.571428571428571397e-01
1.571428571428571397e-01
1.571428571428571397e-01
1.571428571428571397e-01
1.571428571428571397e-01
1.571428571428571397e-01
1.571428571428571397e-01
1.571428571428571397e-01
1.571428571428571397e-01
1.571428571428571397e-01
1.571428571428571397e-01
1.571428571428571397e-01
1.571428571428571397e-01
1.571428571428571397e-01
1.571428571428571397e-01
1.571428571428571397e-01
1.571428571428571397e-01
1.571428571428571397e-01
1.571428571428571397e-01
1.571428571428571397e-01
1.571428571428571397e-01
1.571428571428571397e-01
1.571428571428571397e-01
1.571428571428571397e-01
1.568571428571428616e-01
1.568571428571428616e-01
1.568571428571428616e-01
1.568571428571428616e-01
1.568571428571428616e-01
1.568571428571428616e-01
1.568571428571428616e-01
1.568571428571428616e-01
1.568571428571428616e-01
1.568571428571428616e-01
1.568571428571428616e-01
1.568571428571428616e-01
1.568571428571428616e-01
1.568571428571428616e-01
1.568571428571428616e-01
1.568571428571428616e-01
1.568571428571428616e-01
1.568571428571428616e-01
1.565714285714285836e-01
1.565714285714285836e-01
1.565714285714285836e-01
1.565714285714285836e-01
1.565714285714285836e-01
1.565714285714285836e-01
1.565714285714285836e-01
1.565714285714285836e-01
1.565714285714285836e-01
1.565714285714285836e-01
1.565714285714285836e-01
1.565714285714285836e-01
1.562857142857142778e-01
1.562857142857142778e-01
1.562857142857142778e-01
1.562857142857142778e-01
1.562857142857142778e-01
1.562857142857142778e-01
1.562857142857142778e-01
1.562857142857142778e-01
1.562857142857142778e-01
1.562857142857142778e-01
1.562857142857142778e-01
1.562857142857142778e-01
1.562857142857142778e-01
1.562857142857142778e-01
1.562857142857142778e-01
1.562857142857142778e-01
1.562857142857142778e-01
1.562857142857142778e-01
1.562857142857142778e-01
1.562857142857142778e-01
1.562857142857142778e-01
1.562857142857142778e-01
1.562857142857142778e-01
1.562857142857142778e-01
1.562857142857142778e-01
1.562857142857142778e-01
1.562857142857142778e-01
1.559999999999999998e-01
1.559999999999999998e-01
1.559999999999999998e-01
1.559999999999999998e-01
1.559999999999999998e-01
1.559999999999999998e-01
1.559999999999999998e-01
1.559999999999999998e-01
1.559999999999999998e-01
1.559999999999999998e-01
1.559999999999999998e-01
1.559999999999999998e-01
1.559999999999999998e-01
1.559999999999999998e-01
1.559999999999999998e-01
1.557142857142857217e-01
1.557142857142857217e-01
1.557142857142857217e-01
1.557142857142857217e-01
1.557142857142857217e-01
1.557142857142857217e-01
1.557142857142857217e-01
1.557142857142857217e-01
1.557142857142857217e-01
1.557142857142857217e-01
1.557142857142857217e-01
1.557142857142857217e-01
1.557142857142857217e-01
1.557142857142857217e-01
1.557142857142857217e-01
1.557142857142857217e-01
1.557142857142857217e-01
1.557142857142857217e-01
1.557142857142857217e-01
1.557142857142857217e-01
1.557142857142857217e-01
1.557142857142857217e-01
1.557142857142857217e-01
1.557142857142857217e-01
1.557142857142857217e-01
1.557142857142857217e-01
1.557142857142857217e-01
1.557142857142857217e-01
1.557142857142857217e-01
1.557142857142857217e-01
1.557142857142857217e-01
1.557142857142857217e-01
1.554285714285714159e-01
1.554285714285714159e-01
1.554285714285714159e-01
1.554285714285714159e-01
1.554285714285714159e-01
1.551428571428571379e-01
1.551428571428571379e-01
1.551428571428571379e-01
1.551428571428571379e-01
1.551428571428571379e-01
1.551428571428571379e-01
1.551428571428571379e-01
1.551428571428571379e-01
1.551428571428571379e-01
1.551428571428571379e-01
1.551428571428571379e-01
1.551428571428571379e-01
1.551428571428571379e-01
1.551428571428571379e-01
1.551428571428571379e-01
1.551428571428571379e-01
1.551428571428571379e-01
1.551428571428571379e-01
1.551428571428571379e-01
1.551428571428571379e-01
1.551428571428571379e-01
1.551428571428571379e-01
1.548571428571428599e-01
1.548571428571428599e-01
1.548571428571428599e-01
1.548571428571428599e-01
1.548571428571428599e-01
1.548571428571428599e-01
1.548571428571428599e-01
1.548571428571428599e-01
1.548571428571428599e-01
1.548571428571428599e-01
1.548571428571428599e-01
1.548571428571428599e-01
1.548571428571428599e-01
1.548571428571428599e-01
1.548571428571428599e-01
1.542857142857142760e-01
1.542857142857142760e-01
1.542857142857142760e-01
1.542857142857142760e-01
1.542857142857142760e-01
1.542857142857142760e-01
1.542857142857142760e-01
1.542857142857142760e-01
1.542857142857142760e-01
1.542857142857142760e-01
1.542857142857142760e-01
1.542857142857142760e-01
1.542857142857142760e-01
1.539999999999999980e-01
1.539999999999999980e-01
1.539999999999999980e-01
1.539999999999999980e-01
1.539999999999999980e-01
1.539999999999999980e-01
1.539999999999999980e-01
1.539999999999999980e-01
1.539999999999999980e-01
1.539999999999999980e-01
1.539999999999999980e-01
1.539999999999999980e-01
1.539999999999999980e-01
1.539999999999999980e-01
1.539999999999999980e-01
1.539999999999999980e-01
1.539999999999999980e-01
1.539999999999999980e-01
1.539999999999999980e-01
1.537142857142857200e-01
1.537142857142857200e-01
1.537142857142857200e-01
1.537142857142857200e-01
1.537142857142857200e-01
1.537142857142857200e-01
1.537142857142857200e-01
1.537142857142857200e-01
1.537142857142857200e-01
1.537142857142857200e-01
1.537142857142857200e-01
1.537142857142857200e-01
1.537142857142857200e-01
1.537142857142857200e-01
1.534285714285714419e-01
1.534285714285714419e-01
1.534285714285714419e-01
1.534285714285714419e-01
1.534285714285714419e-01
1.531428571428571361e-01
1.531428571428571361e-01
1.531428571428571361e-01
1.531428571428571361e-01
1.531428571428571361e-01
1.531428571428571361e-01
1.531428571428571361e-01
1.531428571428571361e-01
1.531428571428571361e-01
1.531428571428571361e-01
1.531428571428571361e-01
1.531428571428571361e-01
1.531428571428571361e-01
1.531428571428571361e-01
1.531428571428571361e-01
1.531428571428571361e-01
1.531428571428571361e-01
1.531428571428571361e-01
1.531428571428571361e-01
1.531428571428571361e-01
1.531428571428571361e-01
1.531428571428571361e-01
1.531428571428571361e-01
1.531428571428571361e-01
1.531428571428571361e-01
1.531428571428571361e-01
1.531428571428571361e-01
1.531428571428571361e-01
1.531428571428571361e-01
1.531428571428571361e-01
1.531428571428571361e-01
1.531428571428571361e-01
1.531428571428571361e-01
1.531428571428571361e-01
1.531428571428571361e-01
1.531428571428571361e-01
1.528571428571428581e-01
1.528571428571428581e-01
1.528571428571428581e-01
1.528571428571428581e-01
1.528571428571428581e-01
1.528571428571428581e-01
1.528571428571428581e-01
1.528571428571428581e-01
1.528571428571428581e-01
1.528571428571428581e-01
1.528571428571428581e-01
1.528571428571428581e-01
1.528571428571428581e-01
1.525714285714285801e-01
1.525714285714285801e-01
1.525714285714285801e-01
1.525714285714285801e-01
1.525714285714285801e-01
1.525714285714285801e-01
1.525714285714285801e-01
1.525714285714285801e-01
1.525714285714285801e-01
1.525714285714285801e-01
1.525714285714285801e-01
1.525714285714285801e-01
1.525714285714285801e-01
1.525714285714285801e-01
1.525714285714285801e-01
1.525714285714285801e-01
1.525714285714285801e-01
1.525714285714285801e-01
1.525714285714285801e-01
1.525714285714285801e-01
1.525714285714285801e-01
1.525714285714285801e-01
1.525714285714285801e-01
1.525714285714285801e-01
1.525714285714285801e-01
1.525714285714285801e-01
1.525714285714285801e-01
1.525714285714285801e-01
1.522857142857142743e-01
1.522857142857142743e-01
1.522857142857142743e-01
1.522857142857142743e-01
1.522857142857142743e-01
1.522857142857142743e-01
1.522857142857142743e-01
1.522857142857142743e-01
1.522857142857142743e-01
1.522857142857142743e-01
1.522857142857142743e-01
1.522857142857142743e-01
1.522857142857142743e-01
1.522857142857142743e-01
1.522857142857142743e-01
1.522857142857142743e-01
1.519999999999999962e-01
1.519999999999999962e-01
1.519999999999999962e-01
1.519999999999999962e-01
1.519999999999999962e-01
1.519999999999999962e-01
1.519999999999999962e-01
1.519999999999999962e-01
1.519999999999999962e-01
1.519999999999999962e-01
1.519999999999999962e-01
1.519999999999999962e-01
1.519999999999999962e-01
1.519999999999999962e-01
1.519999999999999962e-01
1.519999999999999962e-01
1.519999999999999962e-01
1.519999999999999962e-01
1.519999999999999962e-01
1.519999999999999962e-01
1.519999999999999962e-01
1.519999999999999962e-01
1.519999999999999962e-01
1.519999999999999962e-01
1.519999999999999962e-01
1.519999999999999962e-01
1.519999999999999962e-01
1.519999999999999962e-01
1.519999999999999962e-01
1.517142857142857182e-01
1.517142857142857182e-01
1.517142857142857182e-01
1.517142857142857182e-01
1.517142857142857182e-01
1.517142857142857182e-01
1.517142857142857182e-01
1.517142857142857182e-01
1.517142857142857182e-01
1.517142857142857182e-01
1.517142857142857182e-01
1.517142857142857182e-01
1.514285714285714401e-01
1.514285714285714401e-01
1.514285714285714401e-01
1.514285714285714401e-01
1.514285714285714401e-01
1.514285714285714401e-01
1.514285714285714401e-01
1.514285714285714401e-01
1.514285714285714401e-01
1.514285714285714401e-01
1.511428571428571344e-01
1.511428571428571344e-01
1.511428571428571344e-01
1.511428571428571344e-01
1.511428571428571344e-01
1.511428571428571344e-01
1.511428571428571344e-01
1.511428571428571344e-01
1.508571428571428563e-01
1.508571428571428563e-01
1.508571428571428563e-01
1.508571428571428563e-01
1.505714285714285783e-01
1.505714285714285783e-01
1.505714285714285783e-01
1.505714285714285783e-01
1.505714285714285783e-01
1.505714285714285783e-01
1.505714285714285783e-01
1.505714285714285783e-01
1.505714285714285783e-01
1.505714285714285783e-01
1.505714285714285783e-01
1.505714285714285783e-01
1.505714285714285783e-01
1.505714285714285783e-01
1.505714285714285783e-01
1.505714285714285783e-01
1.505714285714285783e-01
1.505714285714285783e-01
1.505714285714285783e-01
1.505714285714285783e-01
1.505714285714285783e-01
1.505714285714285783e-01
1.505714285714285783e-01
1.505714285714285783e-01
1.505714285714285783e-01
1.505714285714285783e-01
1.505714285714285783e-01
1.505714285714285783e-01
1.505714285714285783e-01
1.505714285714285783e-01
1.505714285714285783e-01
1.505714285714285783e-01
1.505714285714285783e-01
1.505714285714285783e-01
1.505714285714285783e-01
1.505714285714285783e-01
1.505714285714285783e-01
1.505714285714285783e-01
1.505714285714285783e-01
1.505714285714285783e-01
1.505714285714285783e-01
1.505714285714285783e-01
1.505714285714285783e-01
1.505714285714285783e-01
1.505714285714285783e-01
1.505714285714285783e-01
1.505714285714285783e-01
1.505714285714285783e-01
1.505714285714285783e-01
1.505714285714285783e-01
1.505714285714285783e-01
1.505714285714285783e-01
1.505714285714285783e-01
1.505714285714285783e-01
1.505714285714285783e-01
1.502857142857142725e-01
1.499999999999999944e-01
1.499999999999999944e-01
1.499999999999999944e-01
1.499999999999999944e-01
1.499999999999999944e-01
1.499999999999999944e-01
1.499999999999999944e-01
1.499999999999999944e-01
1.499999999999999944e-01
1.499999999999999944e-01
1.499999999999999944e-01
1.499999999999999944e-01
1.499999999999999944e-01
1.499999999999999944e-01
1.499999999999999944e-01
1.499999999999999944e-01
1.499999999999999944e-01
1.499999999999999944e-01
1.499999999999999944e-01
1.499999999999999944e-01
1.499999999999999944e-01
1.499999999999999944e-01
1.499999999999999944e-01
1.499999999999999944e-01
1.499999999999999944e-01
1.499999999999999944e-01
1.497142857142857164e-01
1.497142857142857164e-01
1.497142857142857164e-01
1.497142857142857164e-01
1.497142857142857164e-01
1.497142857142857164e-01
1.497142857142857164e-01
1.497142857142857164e-01
1.497142857142857164e-01
1.497142857142857164e-01
1.497142857142857164e-01
1.497142857142857164e-01
1.497142857142857164e-01
1.497142857142857164e-01
1.497142857142857164e-01
1.497142857142857164e-01
1.497142857142857164e-01
1.497142857142857164e-01
1.497142857142857164e-01
1.497142857142857164e-01
1.497142857142857164e-01
1.497142857142857164e-01
1.497142857142857164e-01
1.497142857142857164e-01
1.497142857142857164e-01
1.497142857142857164e-01
1.497142857142857164e-01
1.497142857142857164e-01
1.497142857142857164e-01
1.497142857142857164e-01
