7.534285714285714475e-01
7.534285714285714475e-01
7.534285714285714475e-01
7.534285714285714475e-01
7.534285714285714475e-01
7.534285714285714475e-01
7.534285714285714475e-01
7.534285714285714475e-01
7.534285714285714475e-01
7.534285714285714475e-01
7.534285714285714475e-01
7.534285714285714475e-01
7.534285714285714475e-01
7.534285714285714475e-01
7.534285714285714475e-01
7.534285714285714475e-01
7.534285714285714475e-01
7.534285714285714475e-01
7.534285714285714475e-01
7.534285714285714475e-01
7.534285714285714475e-01
7.534285714285714475e-01
7.534285714285714475e-01
7.534285714285714475e-01
7.534285714285714475e-01
7.534285714285714475e-01
7.534285714285714475e-01
7.534285714285714475e-01
7.534285714285714475e-01
7.534285714285714475e-01
7.534285714285714475e-01
7.534285714285714475e-01
7.534285714285714475e-01
7.534285714285714475e-01
7.534285714285714475e-01
7.534285714285714475e-01
7.534285714285714475e-01
7.534285714285714475e-01
7.534285714285714475e-01
7.534285714285714475e-01
7.534285714285714475e-01
7.534285714285714475e-01
7.534285714285714475e-01
7.534285714285714475e-01
7.534285714285714475e-01
7.534285714285714475e-01
7.534285714285714475e-01
7.534285714285714475e-01
7.534285714285714475e-01
7.534285714285714475e-01
7.534285714285714475e-01
7.534285714285714475e-01
7.534285714285714475e-01
7.534285714285714475e-01
7.534285714285714475e-01
7.534285714285714475e-01
7.534285714285714475e-01
7.534285714285714475e-01
7.534285714285714475e-01
7.534285714285714475e-01
7.534285714285714475e-01
7.534285714285714475e-01
7.534285714285714475e-01
7.534285714285714475e-01
7.534285714285714475e-01
7.534285714285714475e-01
7.534285714285714475e-01
7.534285714285714475e-01
7.534285714285714475e-01
7.534285714285714475e-01
7.534285714285714475e-01
7.534285714285714475e-01
7.534285714285714475e-01
7.534285714285714475e-01
7.534285714285714475e-01
7.534285714285714475e-01
7.534285714285714475e-01
7.534285714285714475e-01
7.534285714285714475e-01
7.534285714285714475e-01
7.534285714285714475e-01
7.534285714285714475e-01
7.534285714285714475e-01
7.534285714285714475e-01
7.534285714285714475e-01
7.534285714285714475e-01
7.534285714285714475e-01
7.534285714285714475e-01
7.534285714285714475e-01
7.534285714285714475e-01
7.534285714285714475e-01
7.534285714285714475e-01
7.534285714285714475e-01
7.534285714285714475e-01
7.534285714285714475e-01
7.534285714285714475e-01
7.534285714285714475e-01
7.534285714285714475e-01
7.534285714285714475e-01
7.534285714285714475e-01
7.534285714285714475e-01
7.531428571428571139e-01
7.531428571428571139e-01
7.531428571428571139e-01
7.531428571428571139e-01
7.528571428571428914e-01
7.528571428571428914e-01
7.528571428571428914e-01
7.528571428571428914e-01
7.528571428571428914e-01
7.528571428571428914e-01
7.528571428571428914e-01
7.528571428571428914e-01
7.528571428571428914e-01
7.528571428571428914e-01
7.528571428571428914e-01
7.528571428571428914e-01
7.525714285714285579e-01
7.525714285714285579e-01
7.525714285714285579e-01
7.525714285714285579e-01
7.525714285714285579e-01
7.525714285714285579e-01
7.525714285714285579e-01
7.525714285714285579e-01
7.522857142857143353e-01
7.522857142857143353e-01
7.522857142857143353e-01
7.522857142857143353e-01
7.522857142857143353e-01
7.522857142857143353e-01
7.522857142857143353e-01
7.522857142857143353e-01
7.520000000000000018e-01
7.520000000000000018e-01
7.520000000000000018e-01
7.520000000000000018e-01
7.520000000000000018e-01
7.520000000000000018e-01
7.520000000000000018e-01
7.520000000000000018e-01
7.520000000000000018e-01
7.514285714285714457e-01
7.514285714285714457e-01
7.514285714285714457e-01
7.514285714285714457e-01
7.514285714285714457e-01
7.514285714285714457e-01
7.514285714285714457e-01
7.511428571428571122e-01
7.511428571428571122e-01
7.511428571428571122e-01
7.508571428571428896e-01
7.508571428571428896e-01
7.508571428571428896e-01
7.508571428571428896e-01
7.508571428571428896e-01
7.508571428571428896e-01
7.508571428571428896e-01
7.508571428571428896e-01
7.508571428571428896e-01
7.508571428571428896e-01
7.508571428571428896e-01
7.508571428571428896e-01
7.505714285714285561e-01
7.505714285714285561e-01
7.505714285714285561e-01
7.505714285714285561e-01
7.502857142857143335e-01
7.502857142857143335e-01
7.502857142857143335e-01
7.502857142857143335e-01
7.502857142857143335e-01
7.502857142857143335e-01
7.502857142857143335e-01
7.502857142857143335e-01
7.502857142857143335e-01
7.502857142857143335e-01
7.502857142857143335e-01
7.502857142857143335e-01
7.502857142857143335e-01
7.502857142857143335e-01
7.502857142857143335e-01
7.502857142857143335e-01
7.502857142857143335e-01
7.502857142857143335e-01
7.502857142857143335e-01
7.502857142857143335e-01
7.502857142857143335e-01
7.502857142857143335e-01
7.502857142857143335e-01
7.502857142857143335e-01
7.502857142857143335e-01
7.502857142857143335e-01
7.502857142857143335e-01
7.502857142857143335e-01
7.502857142857143335e-01
7.502857142857143335e-01
7.500000000000000000e-01
7.500000000000000000e-01
7.497142857142856665e-01
7.497142857142856665e-01
7.497142857142856665e-01
7.497142857142856665e-01
7.497142857142856665e-01
7.497142857142856665e-01
7.497142857142856665e-01
7.497142857142856665e-01
7.497142857142856665e-01
7.497142857142856665e-01
7.497142857142856665e-01
7.497142857142856665e-01
7.497142857142856665e-01
7.497142857142856665e-01
7.497142857142856665e-01
7.497142857142856665e-01
7.497142857142856665e-01
7.497142857142856665e-01
7.497142857142856665e-01
7.497142857142856665e-01
7.497142857142856665e-01
7.497142857142856665e-01
7.497142857142856665e-01
7.497142857142856665e-01
7.497142857142856665e-01
7.497142857142856665e-01
7.497142857142856665e-01
7.497142857142856665e-01
7.497142857142856665e-01
7.497142857142856665e-01
7.497142857142856665e-01
7.497142857142856665e-01
7.497142857142856665e-01
7.497142857142856665e-01
7.497142857142856665e-01
7.497142857142856665e-01
7.497142857142856665e-01
7.497142857142856665e-01
7.497142857142856665e-01
7.497142857142856665e-01
7.497142857142856665e-01
7.497142857142856665e-01
7.497142857142856665e-01
7.497142857142856665e-01
7.497142857142856665e-01
7.497142857142856665e-01
7.497142857142856665e-01
7.497142857142856665e-01
7.497142857142856665e-01
7.494285714285714439e-01
7.494285714285714439e-01
7.494285714285714439e-01
7.494285714285714439e-01
7.494285714285714439e-01
7.494285714285714439e-01
7.494285714285714439e-01
7.494285714285714439e-01
7.494285714285714439e-01
7.494285714285714439e-01
7.494285714285714439e-01
7.494285714285714439e-01
7.494285714285714439e-01
7.494285714285714439e-01
7.494285714285714439e-01
7.494285714285714439e-01
7.494285714285714439e-01
7.494285714285714439e-01
7.491428571428571104e-01
7.491428571428571104e-01
7.488571428571428878e-01
7.488571428571428878e-01
7.488571428571428878e-01
7.485714285714285543e-01
7.485714285714285543e-01
7.485714285714285543e-01
7.485714285714285543e-01
7.485714285714285543e-01
7.485714285714285543e-01
7.485714285714285543e-01
7.485714285714285543e-01
7.485714285714285543e-01
7.485714285714285543e-01
7.482857142857143318e-01
7.482857142857143318e-01
7.482857142857143318e-01
7.482857142857143318e-01
7.482857142857143318e-01
7.482857142857143318e-01
7.482857142857143318e-01
7.482857142857143318e-01
7.482857142857143318e-01
7.482857142857143318e-01
7.482857142857143318e-01
7.482857142857143318e-01
7.482857142857143318e-01
7.477142857142856647e-01
7.477142857142856647e-01
7.477142857142856647e-01
7.474285714285714421e-01
7.474285714285714421e-01
7.474285714285714421e-01
7.474285714285714421e-01
7.474285714285714421e-01
7.471428571428571086e-01
7.471428571428571086e-01
7.471428571428571086e-01
7.471428571428571086e-01
7.471428571428571086e-01
7.471428571428571086e-01
7.471428571428571086e-01
7.471428571428571086e-01
7.471428571428571086e-01
7.471428571428571086e-01
7.471428571428571086e-01
7.471428571428571086e-01
7.471428571428571086e-01
7.471428571428571086e-01
7.471428571428571086e-01
7.471428571428571086e-01
7.471428571428571086e-01
7.471428571428571086e-01
7.471428571428571086e-01
7.471428571428571086e-01
7.471428571428571086e-01
7.471428571428571086e-01
7.471428571428571086e-01
7.471428571428571086e-01
7.471428571428571086e-01
7.471428571428571086e-01
7.471428571428571086e-01
7.471428571428571086e-01
7.471428571428571086e-01
7.471428571428571086e-01
7.471428571428571086e-01
7.471428571428571086e-01
7.471428571428571086e-01
7.471428571428571086e-01
7.471428571428571086e-01
7.471428571428571086e-01
7.471428571428571086e-01
7.471428571428571086e-01
7.471428571428571086e-01
7.471428571428571086e-01
7.471428571428571086e-01
7.471428571428571086e-01
7.471428571428571086e-01
7.471428571428571086e-01
7.471428571428571086e-01
7.465714285714285525e-01
7.465714285714285525e-01
7.465714285714285525e-01
7.465714285714285525e-01
7.465714285714285525e-01
7.465714285714285525e-01
7.465714285714285525e-01
7.465714285714285525e-01
7.465714285714285525e-01
7.465714285714285525e-01
7.465714285714285525e-01
7.465714285714285525e-01
7.465714285714285525e-01
7.465714285714285525e-01
7.462857142857143300e-01
7.459999999999999964e-01
7.459999999999999964e-01
7.459999999999999964e-01
7.459999999999999964e-01
7.459999999999999964e-01
7.459999999999999964e-01
7.459999999999999964e-01
7.459999999999999964e-01
7.457142857142856629e-01
7.457142857142856629e-01
7.457142857142856629e-01
7.457142857142856629e-01
7.457142857142856629e-01
7.457142857142856629e-01
7.457142857142856629e-01
7.457142857142856629e-01
7.457142857142856629e-01
7.457142857142856629e-01
7.457142857142856629e-01
7.457142857142856629e-01
7.457142857142856629e-01
7.457142857142856629e-01
7.457142857142856629e-01
7.457142857142856629e-01
7.457142857142856629e-01
7.457142857142856629e-01
7.454285714285714404e-01
7.454285714285714404e-01
7.454285714285714404e-01
7.454285714285714404e-01
7.454285714285714404e-01
7.454285714285714404e-01
7.454285714285714404e-01
7.454285714285714404e-01
7.454285714285714404e-01
7.454285714285714404e-01
7.454285714285714404e-01
7.454285714285714404e-01
7.454285714285714404e-01
7.454285714285714404e-01
7.454285714285714404e-01
7.454285714285714404e-01
7.454285714285714404e-01
7.454285714285714404e-01
7.451428571428571068e-01
7.451428571428571068e-01
7.451428571428571068e-01
7.451428571428571068e-01
7.451428571428571068e-01
7.451428571428571068e-01
7.451428571428571068e-01
7.451428571428571068e-01
7.448571428571428843e-01
7.448571428571428843e-01
7.448571428571428843e-01
7.448571428571428843e-01
7.448571428571428843e-01
7.448571428571428843e-01
7.448571428571428843e-01
7.445714285714285507e-01
7.445714285714285507e-01
7.445714285714285507e-01
7.445714285714285507e-01
7.445714285714285507e-01
7.445714285714285507e-01
7.445714285714285507e-01
7.445714285714285507e-01
7.445714285714285507e-01
7.445714285714285507e-01
7.445714285714285507e-01
7.445714285714285507e-01
7.445714285714285507e-01
7.445714285714285507e-01
7.445714285714285507e-01
7.445714285714285507e-01
7.445714285714285507e-01
7.445714285714285507e-01
7.445714285714285507e-01
7.445714285714285507e-01
7.445714285714285507e-01
7.445714285714285507e-01
7.445714285714285507e-01
7.445714285714285507e-01
7.445714285714285507e-01
7.445714285714285507e-01
7.442857142857143282e-01
7.442857142857143282e-01
7.442857142857143282e-01
7.442857142857143282e-01
7.442857142857143282e-01
7.439999999999999947e-01
7.439999999999999947e-01
7.439999999999999947e-01
7.439999999999999947e-01
7.439999999999999947e-01
7.439999999999999947e-01
7.439999999999999947e-01
7.439999999999999947e-01
7.439999999999999947e-01
7.439999999999999947e-01
7.439999999999999947e-01
7.439999999999999947e-01
7.439999999999999947e-01
7.439999999999999947e-01
7.439999999999999947e-01
7.439999999999999947e-01
7.439999999999999947e-01
7.439999999999999947e-01
7.439999999999999947e-01
7.439999999999999947e-01
7.437142857142856611e-01
7.434285714285714386e-01
7.434285714285714386e-01
7.428571428571428825e-01
7.428571428571428825e-01
7.428571428571428825e-01
7.428571428571428825e-01
7.428571428571428825e-01
7.428571428571428825e-01
7.428571428571428825e-01
7.428571428571428825e-01
7.428571428571428825e-01
7.428571428571428825e-01
7.428571428571428825e-01
7.428571428571428825e-01
7.428571428571428825e-01
7.428571428571428825e-01
7.428571428571428825e-01
7.428571428571428825e-01
7.428571428571428825e-01
7.428571428571428825e-01
7.428571428571428825e-01
7.428571428571428825e-01
7.428571428571428825e-01
7.425714285714285490e-01
7.425714285714285490e-01
7.425714285714285490e-01
7.425714285714285490e-01
7.425714285714285490e-01
7.425714285714285490e-01
7.425714285714285490e-01
7.425714285714285490e-01
7.425714285714285490e-01
7.425714285714285490e-01
7.425714285714285490e-01
7.425714285714285490e-01
7.425714285714285490e-01
7.425714285714285490e-01
7.425714285714285490e-01
7.425714285714285490e-01
7.425714285714285490e-01
7.425714285714285490e-01
7.425714285714285490e-01
7.425714285714285490e-01
7.425714285714285490e-01
7.425714285714285490e-01
7.425714285714285490e-01
7.425714285714285490e-01
7.422857142857143264e-01
7.422857142857143264e-01
7.422857142857143264e-01
7.422857142857143264e-01
7.422857142857143264e-01
7.419999999999999929e-01
7.419999999999999929e-01
7.419999999999999929e-01
7.419999999999999929e-01
7.419999999999999929e-01
7.419999999999999929e-01
7.419999999999999929e-01
7.419999999999999929e-01
7.419999999999999929e-01
7.419999999999999929e-01
7.419999999999999929e-01
7.419999999999999929e-01
7.414285714285714368e-01
7.414285714285714368e-01
7.414285714285714368e-01
7.414285714285714368e-01
7.414285714285714368e-01
7.414285714285714368e-01
7.414285714285714368e-01
7.411428571428571033e-01
7.411428571428571033e-01
7.411428571428571033e-01
7.411428571428571033e-01
7.411428571428571033e-01
7.411428571428571033e-01
7.411428571428571033e-01
7.411428571428571033e-01
7.411428571428571033e-01
7.411428571428571033e-01
7.411428571428571033e-01
7.411428571428571033e-01
7.411428571428571033e-01
7.411428571428571033e-01
7.411428571428571033e-01
7.411428571428571033e-01
7.411428571428571033e-01
7.411428571428571033e-01
7.411428571428571033e-01
7.411428571428571033e-01
7.411428571428571033e-01
7.411428571428571033e-01
7.411428571428571033e-01
7.411428571428571033e-01
7.411428571428571033e-01
7.411428571428571033e-01
7.411428571428571033e-01
7.411428571428571033e-01
7.411428571428571033e-01
7.411428571428571033e-01
7.411428571428571033e-01
7.411428571428571033e-01
7.411428571428571033e-01
7.411428571428571033e-01
7.411428571428571033e-01
7.411428571428571033e-01
7.411428571428571033e-01
7.411428571428571033e-01
7.411428571428571033e-01
7.411428571428571033e-01
7.411428571428571033e-01
7.411428571428571033e-01
7.411428571428571033e-01
7.411428571428571033e-01
7.411428571428571033e-01
7.411428571428571033e-01
7.411428571428571033e-01
7.411428571428571033e-01
7.411428571428571033e-01
7.411428571428571033e-01
7.411428571428571033e-01
7.411428571428571033e-01
7.411428571428571033e-01
7.411428571428571033e-01
7.411428571428571033e-01
7.411428571428571033e-01
7.411428571428571033e-01
7.411428571428571033e-01
7.408571428571428807e-01
7.408571428571428807e-01
7.408571428571428807e-01
7.405714285714285472e-01
7.405714285714285472e-01
7.405714285714285472e-01
7.405714285714285472e-01
7.405714285714285472e-01
7.405714285714285472e-01
7.405714285714285472e-01
7.405714285714285472e-01
7.405714285714285472e-01
7.405714285714285472e-01
7.405714285714285472e-01
7.405714285714285472e-01
7.405714285714285472e-01
7.405714285714285472e-01
7.405714285714285472e-01
7.402857142857143247e-01
7.402857142857143247e-01
7.402857142857143247e-01
7.402857142857143247e-01
7.402857142857143247e-01
7.402857142857143247e-01
7.402857142857143247e-01
7.402857142857143247e-01
7.402857142857143247e-01
7.402857142857143247e-01
7.402857142857143247e-01
7.402857142857143247e-01
7.402857142857143247e-01
7.399999999999999911e-01
7.399999999999999911e-01
7.399999999999999911e-01
7.399999999999999911e-01
7.399999999999999911e-01
7.399999999999999911e-01
7.399999999999999911e-01
7.399999999999999911e-01
7.399999999999999911e-01
7.399999999999999911e-01
7.399999999999999911e-01
7.399999999999999911e-01
7.399999999999999911e-01
7.399999999999999911e-01
7.399999999999999911e-01
7.399999999999999911e-01
7.399999999999999911e-01
7.399999999999999911e-01
7.399999999999999911e-01
7.399999999999999911e-01
7.399999999999999911e-01
7.399999999999999911e-01
7.399999999999999911e-01
7.399999999999999911e-01
7.399999999999999911e-01
7.399999999999999911e-01
7.399999999999999911e-01
7.399999999999999911e-01
7.399999999999999911e-01
7.399999999999999911e-01
7.399999999999999911e-01
7.399999999999999911e-01
7.399999999999999911e-01
7.399999999999999911e-01
7.399999999999999911e-01
7.399999999999999911e-01
7.397142857142857686e-01
7.397142857142857686e-01
7.397142857142857686e-01
7.397142857142857686e-01
7.397142857142857686e-01
7.397142857142857686e-01
7.397142857142857686e-01
7.397142857142857686e-01
7.397142857142857686e-01
7.397142857142857686e-01
7.397142857142857686e-01
7.397142857142857686e-01
7.397142857142857686e-01
7.394285714285714350e-01
7.394285714285714350e-01
7.391428571428571015e-01
7.391428571428571015e-01
7.391428571428571015e-01
7.391428571428571015e-01
7.391428571428571015e-01
7.391428571428571015e-01
7.391428571428571015e-01
7.391428571428571015e-01
7.391428571428571015e-01
7.391428571428571015e-01
7.391428571428571015e-01
7.391428571428571015e-01
7.391428571428571015e-01
7.391428571428571015e-01
7.391428571428571015e-01
7.391428571428571015e-01
7.391428571428571015e-01
7.391428571428571015e-01
7.391428571428571015e-01
7.391428571428571015e-01
7.391428571428571015e-01
7.391428571428571015e-01
7.391428571428571015e-01
7.391428571428571015e-01
7.391428571428571015e-01
7.391428571428571015e-01
7.391428571428571015e-01
7.391428571428571015e-01
7.391428571428571015e-01
7.391428571428571015e-01
7.391428571428571015e-01
7.391428571428571015e-01
7.391428571428571015e-01
7.388571428571428790e-01
7.388571428571428790e-01
7.388571428571428790e-01
7.385714285714285454e-01
7.385714285714285454e-01
7.385714285714285454e-01
7.385714285714285454e-01
7.385714285714285454e-01
7.385714285714285454e-01
7.385714285714285454e-01
7.385714285714285454e-01
7.385714285714285454e-01
7.385714285714285454e-01
7.385714285714285454e-01
7.385714285714285454e-01
7.385714285714285454e-01
7.385714285714285454e-01
7.385714285714285454e-01
7.385714285714285454e-01
7.385714285714285454e-01
7.385714285714285454e-01
7.385714285714285454e-01
7.385714285714285454e-01
7.385714285714285454e-01
7.385714285714285454e-01
7.385714285714285454e-01
7.385714285714285454e-01
7.385714285714285454e-01
7.385714285714285454e-01
7.385714285714285454e-01
7.385714285714285454e-01
7.385714285714285454e-01
7.385714285714285454e-01
7.385714285714285454e-01
7.385714285714285454e-01
7.385714285714285454e-01
7.385714285714285454e-01
7.385714285714285454e-01
7.385714285714285454e-01
7.385714285714285454e-01
7.385714285714285454e-01
7.385714285714285454e-01
7.385714285714285454e-01
7.385714285714285454e-01
7.385714285714285454e-01
7.385714285714285454e-01
7.385714285714285454e-01
7.385714285714285454e-01
7.385714285714285454e-01
7.385714285714285454e-01
7.385714285714285454e-01
7.385714285714285454e-01
7.385714285714285454e-01
7.385714285714285454e-01
7.385714285714285454e-01
7.385714285714285454e-01
7.385714285714285454e-01
7.385714285714285454e-01
7.385714285714285454e-01
7.385714285714285454e-01
7.385714285714285454e-01
7.385714285714285454e-01
7.385714285714285454e-01
7.385714285714285454e-01
7.382857142857143229e-01
7.382857142857143229e-01
7.382857142857143229e-01
7.382857142857143229e-01
7.382857142857143229e-01
7.382857142857143229e-01
7.382857142857143229e-01
7.382857142857143229e-01
7.382857142857143229e-01
7.382857142857143229e-01
7.382857142857143229e-01
7.382857142857143229e-01
7.382857142857143229e-01
7.382857142857143229e-01
7.382857142857143229e-01
7.382857142857143229e-01
7.382857142857143229e-01
7.382857142857143229e-01
7.382857142857143229e-01
7.382857142857143229e-01
7.382857142857143229e-01
7.382857142857143229e-01
7.382857142857143229e-01
7.379999999999999893e-01
7.379999999999999893e-01
7.379999999999999893e-01
7.379999999999999893e-01
7.379999999999999893e-01
7.379999999999999893e-01
7.379999999999999893e-01
7.379999999999999893e-01
7.379999999999999893e-01
7.379999999999999893e-01
7.379999999999999893e-01
7.379999999999999893e-01
7.379999999999999893e-01
7.379999999999999893e-01
7.379999999999999893e-01
7.379999999999999893e-01
7.379999999999999893e-01
7.379999999999999893e-01
7.379999999999999893e-01
7.379999999999999893e-01
7.379999999999999893e-01
7.379999999999999893e-01
7.379999999999999893e-01
7.379999999999999893e-01
7.379999999999999893e-01
7.379999999999999893e-01
7.379999999999999893e-01
7.379999999999999893e-01
7.379999999999999893e-01
7.379999999999999893e-01
7.379999999999999893e-01
7.379999999999999893e-01
7.379999999999999893e-01
7.379999999999999893e-01
7.379999999999999893e-01
7.379999999999999893e-01
7.379999999999999893e-01
7.377142857142857668e-01
7.377142857142857668e-01
7.377142857142857668e-01
7.377142857142857668e-01
7.377142857142857668e-01
7.377142857142857668e-01
7.377142857142857668e-01
7.377142857142857668e-01
7.377142857142857668e-01
7.377142857142857668e-01
7.374285714285714333e-01
7.374285714285714333e-01
7.374285714285714333e-01
7.374285714285714333e-01
7.374285714285714333e-01
7.374285714285714333e-01
7.374285714285714333e-01
7.374285714285714333e-01
7.374285714285714333e-01
7.374285714285714333e-01
7.374285714285714333e-01
7.374285714285714333e-01
7.374285714285714333e-01
7.374285714285714333e-01
7.371428571428570997e-01
7.371428571428570997e-01
7.368571428571428772e-01
7.368571428571428772e-01
7.368571428571428772e-01
7.368571428571428772e-01
7.368571428571428772e-01
7.368571428571428772e-01
7.368571428571428772e-01
7.368571428571428772e-01
7.368571428571428772e-01
7.368571428571428772e-01
7.368571428571428772e-01
7.368571428571428772e-01
7.368571428571428772e-01
7.368571428571428772e-01
7.368571428571428772e-01
7.368571428571428772e-01
7.368571428571428772e-01
7.368571428571428772e-01
7.368571428571428772e-01
7.368571428571428772e-01
7.368571428571428772e-01
7.368571428571428772e-01
7.368571428571428772e-01
7.368571428571428772e-01
7.365714285714285436e-01
7.365714285714285436e-01
7.365714285714285436e-01
7.365714285714285436e-01
7.365714285714285436e-01
7.365714285714285436e-01
7.365714285714285436e-01
7.365714285714285436e-01
7.365714285714285436e-01
7.365714285714285436e-01
7.365714285714285436e-01
7.365714285714285436e-01
7.365714285714285436e-01
7.362857142857143211e-01
7.362857142857143211e-01
7.362857142857143211e-01
7.362857142857143211e-01
7.359999999999999876e-01
7.359999999999999876e-01
7.359999999999999876e-01
7.359999999999999876e-01
7.359999999999999876e-01
7.359999999999999876e-01
7.359999999999999876e-01
7.359999999999999876e-01
7.359999999999999876e-01
7.359999999999999876e-01
7.359999999999999876e-01
7.359999999999999876e-01
7.359999999999999876e-01
7.359999999999999876e-01
7.359999999999999876e-01
7.359999999999999876e-01
7.359999999999999876e-01
7.359999999999999876e-01
7.359999999999999876e-01
7.359999999999999876e-01
7.359999999999999876e-01
7.359999999999999876e-01
7.359999999999999876e-01
7.359999999999999876e-01
7.359999999999999876e-01
7.359999999999999876e-01
7.359999999999999876e-01
7.359999999999999876e-01
7.359999999999999876e-01
7.359999999999999876e-01
7.359999999999999876e-01
7.359999999999999876e-01
7.359999999999999876e-01
7.359999999999999876e-01
7.359999999999999876e-01
7.359999999999999876e-01
7.357142857142857650e-01
7.357142857142857650e-01
7.357142857142857650e-01
7.357142857142857650e-01
7.357142857142857650e-01
7.357142857142857650e-01
7.357142857142857650e-01
7.354285714285714315e-01
7.354285714285714315e-01
7.354285714285714315e-01
7.354285714285714315e-01
7.354285714285714315e-01
7.354285714285714315e-01
7.354285714285714315e-01
7.354285714285714315e-01
7.354285714285714315e-01
7.354285714285714315e-01
7.354285714285714315e-01
7.354285714285714315e-01
7.354285714285714315e-01
7.354285714285714315e-01
7.354285714285714315e-01
7.354285714285714315e-01
7.354285714285714315e-01
7.354285714285714315e-01
7.354285714285714315e-01
7.354285714285714315e-01
7.354285714285714315e-01
7.354285714285714315e-01
7.354285714285714315e-01
7.354285714285714315e-01
7.354285714285714315e-01
7.354285714285714315e-01
7.354285714285714315e-01
7.354285714285714315e-01
7.354285714285714315e-01
7.354285714285714315e-01
7.354285714285714315e-01
7.354285714285714315e-01
7.354285714285714315e-01
7.354285714285714315e-01
7.354285714285714315e-01
7.354285714285714315e-01
7.354285714285714315e-01
7.354285714285714315e-01
7.354285714285714315e-01
7.354285714285714315e-01
7.354285714285714315e-01
7.354285714285714315e-01
7.354285714285714315e-01
7.354285714285714315e-01
7.354285714285714315e-01
7.354285714285714315e-01
7.354285714285714315e-01
7.354285714285714315e-01
7.354285714285714315e-01
7.354285714285714315e-01
7.354285714285714315e-01
7.354285714285714315e-01
7.354285714285714315e-01
7.354285714285714315e-01
7.354285714285714315e-01
7.354285714285714315e-01
7.354285714285714315e-01
7.354285714285714315e-01
7.351428571428570979e-01
7.351428571428570979e-01
7.351428571428570979e-01
7.351428571428570979e-01
7.351428571428570979e-01
7.351428571428570979e-01
7.351428571428570979e-01
7.351428571428570979e-01
7.351428571428570979e-01
7.351428571428570979e-01
7.351428571428570979e-01
7.351428571428570979e-01
7.351428571428570979e-01
7.351428571428570979e-01
7.351428571428570979e-01
7.351428571428570979e-01
7.351428571428570979e-01
7.351428571428570979e-01
7.351428571428570979e-01
7.348571428571428754e-01
7.348571428571428754e-01
7.348571428571428754e-01
7.348571428571428754e-01
7.348571428571428754e-01
7.348571428571428754e-01
7.348571428571428754e-01
7.348571428571428754e-01
7.348571428571428754e-01
7.348571428571428754e-01
7.348571428571428754e-01
7.348571428571428754e-01
7.348571428571428754e-01
7.345714285714285419e-01
7.345714285714285419e-01
7.345714285714285419e-01
7.345714285714285419e-01
7.345714285714285419e-01
7.345714285714285419e-01
7.345714285714285419e-01
7.345714285714285419e-01
7.345714285714285419e-01
7.345714285714285419e-01
7.345714285714285419e-01
7.345714285714285419e-01
7.345714285714285419e-01
7.345714285714285419e-01
7.345714285714285419e-01
7.345714285714285419e-01
7.345714285714285419e-01
7.345714285714285419e-01
7.345714285714285419e-01
7.345714285714285419e-01
7.345714285714285419e-01
7.345714285714285419e-01
7.345714285714285419e-01
7.345714285714285419e-01
7.345714285714285419e-01
7.345714285714285419e-01
7.345714285714285419e-01
7.345714285714285419e-01
7.345714285714285419e-01
7.345714285714285419e-01
7.345714285714285419e-01
7.345714285714285419e-01
7.345714285714285419e-01
7.345714285714285419e-01
7.345714285714285419e-01
7.345714285714285419e-01
7.345714285714285419e-01
7.345714285714285419e-01
7.345714285714285419e-01
7.345714285714285419e-01
7.345714285714285419e-01
7.345714285714285419e-01
7.345714285714285419e-01
7.345714285714285419e-01
7.345714285714285419e-01
7.345714285714285419e-01
7.345714285714285419e-01
7.345714285714285419e-01
7.345714285714285419e-01
7.345714285714285419e-01
7.345714285714285419e-01
7.345714285714285419e-01
7.342857142857143193e-01
7.342857142857143193e-01
7.342857142857143193e-01
7.342857142857143193e-01
7.339999999999999858e-01
7.339999999999999858e-01
7.339999999999999858e-01
7.339999999999999858e-01
7.339999999999999858e-01
7.339999999999999858e-01
7.339999999999999858e-01
7.339999999999999858e-01
7.339999999999999858e-01
7.339999999999999858e-01
7.339999999999999858e-01
7.339999999999999858e-01
7.339999999999999858e-01
7.339999999999999858e-01
7.339999999999999858e-01
7.339999999999999858e-01
7.339999999999999858e-01
7.339999999999999858e-01
7.339999999999999858e-01
7.339999999999999858e-01
7.339999999999999858e-01
7.339999999999999858e-01
7.337142857142857633e-01
7.337142857142857633e-01
7.337142857142857633e-01
7.337142857142857633e-01
7.337142857142857633e-01
7.337142857142857633e-01
7.337142857142857633e-01
7.337142857142857633e-01
7.337142857142857633e-01
7.337142857142857633e-01
7.337142857142857633e-01
7.337142857142857633e-01
7.337142857142857633e-01
7.334285714285714297e-01
7.334285714285714297e-01
7.334285714285714297e-01
7.334285714285714297e-01
7.334285714285714297e-01
7.334285714285714297e-01
7.334285714285714297e-01
7.334285714285714297e-01
7.334285714285714297e-01
7.334285714285714297e-01
7.334285714285714297e-01
7.334285714285714297e-01
7.334285714285714297e-01
7.334285714285714297e-01
7.334285714285714297e-01
7.334285714285714297e-01
7.334285714285714297e-01
7.334285714285714297e-01
7.334285714285714297e-01
7.334285714285714297e-01
7.334285714285714297e-01
7.334285714285714297e-01
7.334285714285714297e-01
7.334285714285714297e-01
7.334285714285714297e-01
7.334285714285714297e-01
7.334285714285714297e-01
7.334285714285714297e-01
7.334285714285714297e-01
7.334285714285714297e-01
7.334285714285714297e-01
7.334285714285714297e-01
7.334285714285714297e-01
7.334285714285714297e-01
7.334285714285714297e-01
7.334285714285714297e-01
7.334285714285714297e-01
7.334285714285714297e-01
7.334285714285714297e-01
7.334285714285714297e-01
7.334285714285714297e-01
7.334285714285714297e-01
7.334285714285714297e-01
7.334285714285714297e-01
7.334285714285714297e-01
7.334285714285714297e-01
7.334285714285714297e-01
7.334285714285714297e-01
7.334285714285714297e-01
7.334285714285714297e-01
7.334285714285714297e-01
7.334285714285714297e-01
7.334285714285714297e-01
7.334285714285714297e-01
7.334285714285714297e-01
7.334285714285714297e-01
7.334285714285714297e-01
7.334285714285714297e-01
7.334285714285714297e-01
7.331428571428570962e-01
7.331428571428570962e-01
7.331428571428570962e-01
7.331428571428570962e-01
7.331428571428570962e-01
7.331428571428570962e-01
7.331428571428570962e-01
7.331428571428570962e-01
7.331428571428570962e-01
7.331428571428570962e-01
7.331428571428570962e-01
7.331428571428570962e-01
7.331428571428570962e-01
7.331428571428570962e-01
7.331428571428570962e-01
7.331428571428570962e-01
7.331428571428570962e-01
7.331428571428570962e-01
7.331428571428570962e-01
7.331428571428570962e-01
7.331428571428570962e-01
7.331428571428570962e-01
7.331428571428570962e-01
7.331428571428570962e-01
7.331428571428570962e-01
7.331428571428570962e-01
7.331428571428570962e-01
7.331428571428570962e-01
7.331428571428570962e-01
7.331428571428570962e-01
7.331428571428570962e-01
7.331428571428570962e-01
7.331428571428570962e-01
7.331428571428570962e-01
7.331428571428570962e-01
7.331428571428570962e-01
7.331428571428570962e-01
7.331428571428570962e-01
7.331428571428570962e-01
7.331428571428570962e-01
7.331428571428570962e-01
7.331428571428570962e-01
7.331428571428570962e-01
7.331428571428570962e-01
7.331428571428570962e-01
7.331428571428570962e-01
7.331428571428570962e-01
7.331428571428570962e-01
7.331428571428570962e-01
7.331428571428570962e-01
7.331428571428570962e-01
7.331428571428570962e-01
7.331428571428570962e-01
7.331428571428570962e-01
7.331428571428570962e-01
7.331428571428570962e-01
7.331428571428570962e-01
7.331428571428570962e-01
7.331428571428570962e-01
7.331428571428570962e-01
7.331428571428570962e-01
7.331428571428570962e-01
7.331428571428570962e-01
7.331428571428570962e-01
7.331428571428570962e-01
7.331428571428570962e-01
7.331428571428570962e-01
7.331428571428570962e-01
7.331428571428570962e-01
7.331428571428570962e-01
7.331428571428570962e-01
7.331428571428570962e-01
7.331428571428570962e-01
7.331428571428570962e-01
7.331428571428570962e-01
7.331428571428570962e-01
7.331428571428570962e-01
7.331428571428570962e-01
7.331428571428570962e-01
7.331428571428570962e-01
7.331428571428570962e-01
7.331428571428570962e-01
7.331428571428570962e-01
7.328571428571428736e-01
7.328571428571428736e-01
7.328571428571428736e-01
7.328571428571428736e-01
7.328571428571428736e-01
7.328571428571428736e-01
7.328571428571428736e-01
7.328571428571428736e-01
7.328571428571428736e-01
7.328571428571428736e-01
7.328571428571428736e-01
7.328571428571428736e-01
7.328571428571428736e-01
7.328571428571428736e-01
7.328571428571428736e-01
7.328571428571428736e-01
7.325714285714285401e-01
7.325714285714285401e-01
7.325714285714285401e-01
7.325714285714285401e-01
7.325714285714285401e-01
7.325714285714285401e-01
7.325714285714285401e-01
7.325714285714285401e-01
7.325714285714285401e-01
7.325714285714285401e-01
7.325714285714285401e-01
7.325714285714285401e-01
7.325714285714285401e-01
7.325714285714285401e-01
7.325714285714285401e-01
7.325714285714285401e-01
7.325714285714285401e-01
7.325714285714285401e-01
7.325714285714285401e-01
7.325714285714285401e-01
7.325714285714285401e-01
7.325714285714285401e-01
7.325714285714285401e-01
7.325714285714285401e-01
7.325714285714285401e-01
7.325714285714285401e-01
7.325714285714285401e-01
7.325714285714285401e-01
7.325714285714285401e-01
7.325714285714285401e-01
7.325714285714285401e-01
7.325714285714285401e-01
7.325714285714285401e-01
7.325714285714285401e-01
7.325714285714285401e-01
7.325714285714285401e-01
7.325714285714285401e-01
7.325714285714285401e-01
7.325714285714285401e-01
7.325714285714285401e-01
7.325714285714285401e-01
7.325714285714285401e-01
7.325714285714285401e-01
7.325714285714285401e-01
7.325714285714285401e-01
7.325714285714285401e-01
7.325714285714285401e-01
7.325714285714285401e-01
7.325714285714285401e-01
7.325714285714285401e-01
7.325714285714285401e-01
7.325714285714285401e-01
7.325714285714285401e-01
7.325714285714285401e-01
7.325714285714285401e-01
7.325714285714285401e-01
7.325714285714285401e-01
7.325714285714285401e-01
7.325714285714285401e-01
7.325714285714285401e-01
7.325714285714285401e-01
7.325714285714285401e-01
7.325714285714285401e-01
7.325714285714285401e-01
7.325714285714285401e-01
7.325714285714285401e-01
7.325714285714285401e-01
7.325714285714285401e-01
7.325714285714285401e-01
7.325714285714285401e-01
7.325714285714285401e-01
7.325714285714285401e-01
7.325714285714285401e-01
7.325714285714285401e-01
7.325714285714285401e-01
7.325714285714285401e-01
7.325714285714285401e-01
7.325714285714285401e-01
7.325714285714285401e-01
7.325714285714285401e-01
7.325714285714285401e-01
7.325714285714285401e-01
7.325714285714285401e-01
7.325714285714285401e-01
7.325714285714285401e-01
7.325714285714285401e-01
7.325714285714285401e-01
7.325714285714285401e-01
7.325714285714285401e-01
7.325714285714285401e-01
7.325714285714285401e-01
7.325714285714285401e-01
7.325714285714285401e-01
7.325714285714285401e-01
7.325714285714285401e-01
7.322857142857143176e-01
7.322857142857143176e-01
7.322857142857143176e-01
7.322857142857143176e-01
7.322857142857143176e-01
7.322857142857143176e-01
7.322857142857143176e-01
7.322857142857143176e-01
7.322857142857143176e-01
7.322857142857143176e-01
7.322857142857143176e-01
7.322857142857143176e-01
7.322857142857143176e-01
7.322857142857143176e-01
7.322857142857143176e-01
7.322857142857143176e-01
7.322857142857143176e-01
7.322857142857143176e-01
7.322857142857143176e-01
7.322857142857143176e-01
7.322857142857143176e-01
7.322857142857143176e-01
7.322857142857143176e-01
7.322857142857143176e-01
7.322857142857143176e-01
7.322857142857143176e-01
7.322857142857143176e-01
7.322857142857143176e-01
7.322857142857143176e-01
7.322857142857143176e-01
7.319999999999999840e-01
7.319999999999999840e-01
7.319999999999999840e-01
7.319999999999999840e-01
7.319999999999999840e-01
7.319999999999999840e-01
7.319999999999999840e-01
7.319999999999999840e-01
7.319999999999999840e-01
7.319999999999999840e-01
7.319999999999999840e-01
7.319999999999999840e-01
7.319999999999999840e-01
7.319999999999999840e-01
7.319999999999999840e-01
7.319999999999999840e-01
7.319999999999999840e-01
7.319999999999999840e-01
7.319999999999999840e-01
7.319999999999999840e-01
7.319999999999999840e-01
7.319999999999999840e-01
7.319999999999999840e-01
7.319999999999999840e-01
7.319999999999999840e-01
7.319999999999999840e-01
7.319999999999999840e-01
7.319999999999999840e-01
7.319999999999999840e-01
7.319999999999999840e-01
7.319999999999999840e-01
7.319999999999999840e-01
7.319999999999999840e-01
7.319999999999999840e-01
7.319999999999999840e-01
7.319999999999999840e-01
7.319999999999999840e-01
7.319999999999999840e-01
7.319999999999999840e-01
7.319999999999999840e-01
7.319999999999999840e-01
7.319999999999999840e-01
7.319999999999999840e-01
7.319999999999999840e-01
7.319999999999999840e-01
7.319999999999999840e-01
7.319999999999999840e-01
7.319999999999999840e-01
7.319999999999999840e-01
7.319999999999999840e-01
7.319999999999999840e-01
7.319999999999999840e-01
7.319999999999999840e-01
7.319999999999999840e-01
7.319999999999999840e-01
7.319999999999999840e-01
7.319999999999999840e-01
7.319999999999999840e-01
7.319999999999999840e-01
7.319999999999999840e-01
7.319999999999999840e-01
7.319999999999999840e-01
7.319999999999999840e-01
7.319999999999999840e-01
7.319999999999999840e-01
7.319999999999999840e-01
7.319999999999999840e-01
7.319999999999999840e-01
7.319999999999999840e-01
7.319999999999999840e-01
7.319999999999999840e-01
7.319999999999999840e-01
7.319999999999999840e-01
7.319999999999999840e-01
7.319999999999999840e-01
7.319999999999999840e-01
7.319999999999999840e-01
7.319999999999999840e-01
7.319999999999999840e-01
7.319999999999999840e-01
7.319999999999999840e-01
7.319999999999999840e-01
7.319999999999999840e-01
7.319999999999999840e-01
7.319999999999999840e-01
7.319999999999999840e-01
7.319999999999999840e-01
7.319999999999999840e-01
7.319999999999999840e-01
7.319999999999999840e-01
7.319999999999999840e-01
7.319999999999999840e-01
7.319999999999999840e-01
7.319999999999999840e-01
7.319999999999999840e-01
7.319999999999999840e-01
7.319999999999999840e-01
7.319999999999999840e-01
7.317142857142857615e-01
7.317142857142857615e-01
7.317142857142857615e-01
7.317142857142857615e-01
7.317142857142857615e-01
7.317142857142857615e-01
7.317142857142857615e-01
7.317142857142857615e-01
7.317142857142857615e-01
7.317142857142857615e-01
7.317142857142857615e-01
7.317142857142857615e-01
7.317142857142857615e-01
7.317142857142857615e-01
7.317142857142857615e-01
7.317142857142857615e-01
7.317142857142857615e-01
7.317142857142857615e-01
7.317142857142857615e-01
7.317142857142857615e-01
7.317142857142857615e-01
7.317142857142857615e-01
7.317142857142857615e-01
7.317142857142857615e-01
7.317142857142857615e-01
7.317142857142857615e-01
7.317142857142857615e-01
7.317142857142857615e-01
7.317142857142857615e-01
7.317142857142857615e-01
7.317142857142857615e-01
7.317142857142857615e-01
7.317142857142857615e-01
7.317142857142857615e-01
7.317142857142857615e-01
7.317142857142857615e-01
7.317142857142857615e-01
7.317142857142857615e-01
7.317142857142857615e-01
7.317142857142857615e-01
7.317142857142857615e-01
7.317142857142857615e-01
7.317142857142857615e-01
7.317142857142857615e-01
7.317142857142857615e-01
7.317142857142857615e-01
7.317142857142857615e-01
7.317142857142857615e-01
7.317142857142857615e-01
7.317142857142857615e-01
7.317142857142857615e-01
7.317142857142857615e-01
7.317142857142857615e-01
7.317142857142857615e-01
7.317142857142857615e-01
7.317142857142857615e-01
7.317142857142857615e-01
7.317142857142857615e-01
7.317142857142857615e-01
7.317142857142857615e-01
7.317142857142857615e-01
7.317142857142857615e-01
7.317142857142857615e-01
7.317142857142857615e-01
7.317142857142857615e-01
7.317142857142857615e-01
7.317142857142857615e-01
7.317142857142857615e-01
7.317142857142857615e-01
7.317142857142857615e-01
7.317142857142857615e-01
7.317142857142857615e-01
7.317142857142857615e-01
7.317142857142857615e-01
7.317142857142857615e-01
7.317142857142857615e-01
7.317142857142857615e-01
7.317142857142857615e-01
7.317142857142857615e-01
7.317142857142857615e-01
7.317142857142857615e-01
7.317142857142857615e-01
7.317142857142857615e-01
7.317142857142857615e-01
7.317142857142857615e-01
7.317142857142857615e-01
7.317142857142857615e-01
7.317142857142857615e-01
7.317142857142857615e-01
7.317142857142857615e-01
7.317142857142857615e-01
7.317142857142857615e-01
7.317142857142857615e-01
7.317142857142857615e-01
7.317142857142857615e-01
7.317142857142857615e-01
7.317142857142857615e-01
7.317142857142857615e-01
7.317142857142857615e-01
7.317142857142857615e-01
7.317142857142857615e-01
7.317142857142857615e-01
7.317142857142857615e-01
7.317142857142857615e-01
7.317142857142857615e-01
7.317142857142857615e-01
7.317142857142857615e-01
7.317142857142857615e-01
7.317142857142857615e-01
7.317142857142857615e-01
7.317142857142857615e-01
7.317142857142857615e-01
7.317142857142857615e-01
7.317142857142857615e-01
7.317142857142857615e-01
7.317142857142857615e-01
7.317142857142857615e-01
7.317142857142857615e-01
7.317142857142857615e-01
7.317142857142857615e-01
7.317142857142857615e-01
7.317142857142857615e-01
7.317142857142857615e-01
7.317142857142857615e-01
7.317142857142857615e-01
7.317142857142857615e-01
7.317142857142857615e-01
7.317142857142857615e-01
7.317142857142857615e-01
7.317142857142857615e-01
7.317142857142857615e-01
7.317142857142857615e-01
7.317142857142857615e-01
7.317142857142857615e-01
7.317142857142857615e-01
7.317142857142857615e-01
7.317142857142857615e-01
7.317142857142857615e-01
7.317142857142857615e-01
7.317142857142857615e-01
7.317142857142857615e-01
7.317142857142857615e-01
7.314285714285714279e-01
7.314285714285714279e-01
7.314285714285714279e-01
7.314285714285714279e-01
7.314285714285714279e-01
7.314285714285714279e-01
7.314285714285714279e-01
7.314285714285714279e-01
7.314285714285714279e-01
7.314285714285714279e-01
7.314285714285714279e-01
7.314285714285714279e-01
7.314285714285714279e-01
7.314285714285714279e-01
7.314285714285714279e-01
7.314285714285714279e-01
7.314285714285714279e-01
7.314285714285714279e-01
7.314285714285714279e-01
7.314285714285714279e-01
7.314285714285714279e-01
7.314285714285714279e-01
7.314285714285714279e-01
7.314285714285714279e-01
7.314285714285714279e-01
7.314285714285714279e-01
7.314285714285714279e-01
7.314285714285714279e-01
7.314285714285714279e-01
7.314285714285714279e-01
7.314285714285714279e-01
7.314285714285714279e-01
7.314285714285714279e-01
7.311428571428570944e-01
7.311428571428570944e-01
7.311428571428570944e-01
7.311428571428570944e-01
7.311428571428570944e-01
7.311428571428570944e-01
7.311428571428570944e-01
7.311428571428570944e-01
7.311428571428570944e-01
7.311428571428570944e-01
7.311428571428570944e-01
7.311428571428570944e-01
7.311428571428570944e-01
7.311428571428570944e-01
7.311428571428570944e-01
7.311428571428570944e-01
7.311428571428570944e-01
7.311428571428570944e-01
7.311428571428570944e-01
7.311428571428570944e-01
7.311428571428570944e-01
7.311428571428570944e-01
7.311428571428570944e-01
7.311428571428570944e-01
7.311428571428570944e-01
7.311428571428570944e-01
7.311428571428570944e-01
7.311428571428570944e-01
7.311428571428570944e-01
7.311428571428570944e-01
7.311428571428570944e-01
7.308571428571428719e-01
7.308571428571428719e-01
7.308571428571428719e-01
7.308571428571428719e-01
7.308571428571428719e-01
7.308571428571428719e-01
7.308571428571428719e-01
7.308571428571428719e-01
7.308571428571428719e-01
7.308571428571428719e-01
7.308571428571428719e-01
7.308571428571428719e-01
7.308571428571428719e-01
7.308571428571428719e-01
7.308571428571428719e-01
7.308571428571428719e-01
7.308571428571428719e-01
7.308571428571428719e-01
7.308571428571428719e-01
7.308571428571428719e-01
7.308571428571428719e-01
7.308571428571428719e-01
7.308571428571428719e-01
7.308571428571428719e-01
7.308571428571428719e-01
7.308571428571428719e-01
7.308571428571428719e-01
7.308571428571428719e-01
7.308571428571428719e-01
7.308571428571428719e-01
7.308571428571428719e-01
7.308571428571428719e-01
7.308571428571428719e-01
7.308571428571428719e-01
7.308571428571428719e-01
7.308571428571428719e-01
7.308571428571428719e-01
7.308571428571428719e-01
7.308571428571428719e-01
7.308571428571428719e-01
7.308571428571428719e-01
7.308571428571428719e-01
7.308571428571428719e-01
7.308571428571428719e-01
7.308571428571428719e-01
7.308571428571428719e-01
7.308571428571428719e-01
7.308571428571428719e-01
7.308571428571428719e-01
7.308571428571428719e-01
7.308571428571428719e-01
7.308571428571428719e-01
7.308571428571428719e-01
7.308571428571428719e-01
7.308571428571428719e-01
7.308571428571428719e-01
7.308571428571428719e-01
7.308571428571428719e-01
7.308571428571428719e-01
7.308571428571428719e-01
7.308571428571428719e-01
7.308571428571428719e-01
7.308571428571428719e-01
7.308571428571428719e-01
7.308571428571428719e-01
7.308571428571428719e-01
7.308571428571428719e-01
7.308571428571428719e-01
7.308571428571428719e-01
7.308571428571428719e-01
7.308571428571428719e-01
7.308571428571428719e-01
7.308571428571428719e-01
7.308571428571428719e-01
7.308571428571428719e-01
7.308571428571428719e-01
7.308571428571428719e-01
7.308571428571428719e-01
7.308571428571428719e-01
7.308571428571428719e-01
7.305714285714285383e-01
7.305714285714285383e-01
7.305714285714285383e-01
7.305714285714285383e-01
7.305714285714285383e-01
7.305714285714285383e-01
7.305714285714285383e-01
7.305714285714285383e-01
7.305714285714285383e-01
7.305714285714285383e-01
7.305714285714285383e-01
7.305714285714285383e-01
7.305714285714285383e-01
7.305714285714285383e-01
7.305714285714285383e-01
7.305714285714285383e-01
7.305714285714285383e-01
7.305714285714285383e-01
7.305714285714285383e-01
7.305714285714285383e-01
7.305714285714285383e-01
7.302857142857143158e-01
7.302857142857143158e-01
7.302857142857143158e-01
7.302857142857143158e-01
7.302857142857143158e-01
7.302857142857143158e-01
7.302857142857143158e-01
7.302857142857143158e-01
7.302857142857143158e-01
7.302857142857143158e-01
7.302857142857143158e-01
7.302857142857143158e-01
7.299999999999999822e-01
7.299999999999999822e-01
7.299999999999999822e-01
7.299999999999999822e-01
7.299999999999999822e-01
7.299999999999999822e-01
7.299999999999999822e-01
7.299999999999999822e-01
7.299999999999999822e-01
7.299999999999999822e-01
7.299999999999999822e-01
7.299999999999999822e-01
7.299999999999999822e-01
7.299999999999999822e-01
7.299999999999999822e-01
7.299999999999999822e-01
7.299999999999999822e-01
7.299999999999999822e-01
7.299999999999999822e-01
7.299999999999999822e-01
7.299999999999999822e-01
7.299999999999999822e-01
7.299999999999999822e-01
7.299999999999999822e-01
7.299999999999999822e-01
7.299999999999999822e-01
7.299999999999999822e-01
7.299999999999999822e-01
7.299999999999999822e-01
7.299999999999999822e-01
7.297142857142857597e-01
7.297142857142857597e-01
7.297142857142857597e-01
7.297142857142857597e-01
7.297142857142857597e-01
7.297142857142857597e-01
7.297142857142857597e-01
7.297142857142857597e-01
7.297142857142857597e-01
7.297142857142857597e-01
7.297142857142857597e-01
7.297142857142857597e-01
7.297142857142857597e-01
7.297142857142857597e-01
7.297142857142857597e-01
7.297142857142857597e-01
7.297142857142857597e-01
7.297142857142857597e-01
7.297142857142857597e-01
7.297142857142857597e-01
7.297142857142857597e-01
7.297142857142857597e-01
7.297142857142857597e-01
7.297142857142857597e-01
7.297142857142857597e-01
7.297142857142857597e-01
7.297142857142857597e-01
7.297142857142857597e-01
7.297142857142857597e-01
7.297142857142857597e-01
7.297142857142857597e-01
7.297142857142857597e-01
7.297142857142857597e-01
7.297142857142857597e-01
7.297142857142857597e-01
7.297142857142857597e-01
7.297142857142857597e-01
7.297142857142857597e-01
7.297142857142857597e-01
7.297142857142857597e-01
7.297142857142857597e-01
7.297142857142857597e-01
7.297142857142857597e-01
7.297142857142857597e-01
7.297142857142857597e-01
7.297142857142857597e-01
7.297142857142857597e-01
7.297142857142857597e-01
7.297142857142857597e-01
7.297142857142857597e-01
7.297142857142857597e-01
7.297142857142857597e-01
7.297142857142857597e-01
7.297142857142857597e-01
7.297142857142857597e-01
7.297142857142857597e-01
7.297142857142857597e-01
7.297142857142857597e-01
7.297142857142857597e-01
7.297142857142857597e-01
7.297142857142857597e-01
7.297142857142857597e-01
7.297142857142857597e-01
7.297142857142857597e-01
7.297142857142857597e-01
7.297142857142857597e-01
7.297142857142857597e-01
7.297142857142857597e-01
7.297142857142857597e-01
7.297142857142857597e-01
7.294285714285714262e-01
7.294285714285714262e-01
7.294285714285714262e-01
7.294285714285714262e-01
7.294285714285714262e-01
7.294285714285714262e-01
7.294285714285714262e-01
7.294285714285714262e-01
7.294285714285714262e-01
7.294285714285714262e-01
7.294285714285714262e-01
7.294285714285714262e-01
7.294285714285714262e-01
7.294285714285714262e-01
7.294285714285714262e-01
7.294285714285714262e-01
7.294285714285714262e-01
7.294285714285714262e-01
7.294285714285714262e-01
7.294285714285714262e-01
7.294285714285714262e-01
7.294285714285714262e-01
7.294285714285714262e-01
7.294285714285714262e-01
7.294285714285714262e-01
7.294285714285714262e-01
7.294285714285714262e-01
7.294285714285714262e-01
7.294285714285714262e-01
7.294285714285714262e-01
7.294285714285714262e-01
7.294285714285714262e-01
7.294285714285714262e-01
7.294285714285714262e-01
7.294285714285714262e-01
7.294285714285714262e-01
7.294285714285714262e-01
7.294285714285714262e-01
7.294285714285714262e-01
7.294285714285714262e-01
7.294285714285714262e-01
7.294285714285714262e-01
7.294285714285714262e-01
7.294285714285714262e-01
7.294285714285714262e-01
7.294285714285714262e-01
7.294285714285714262e-01
7.294285714285714262e-01
7.294285714285714262e-01
7.294285714285714262e-01
7.294285714285714262e-01
7.294285714285714262e-01
7.294285714285714262e-01
7.294285714285714262e-01
7.294285714285714262e-01
7.294285714285714262e-01
7.294285714285714262e-01
7.294285714285714262e-01
7.294285714285714262e-01
7.294285714285714262e-01
7.294285714285714262e-01
7.294285714285714262e-01
7.294285714285714262e-01
7.294285714285714262e-01
7.294285714285714262e-01
7.294285714285714262e-01
7.294285714285714262e-01
