periods   1 
begin filament 
mirror NIL 
  4.312500056107831E-01  -1.945603750138971E-02  -1.487328606813766E-01   1.000000000000000E+05
  4.155707361246769E-01  -1.934945464607795E-02  -1.479180865380026E-01   1.000000000000000E+05
  4.000632520042421E-01  -1.903087501337293E-02  -1.454826909438977E-01   1.000000000000000E+05
  3.848974564906517E-01  -1.850378902839758E-02  -1.414533566028302E-01   1.000000000000000E+05
  3.702395092131995E-01  -1.777397155550317E-02  -1.358742297450332E-01   1.000000000000000E+05
  3.562500057096303E-01  -1.684941862764685E-02  -1.288064364518682E-01   1.000000000000000E+05
  3.430822179078201E-01  -1.574025984018131E-02  -1.203274129456860E-01   1.000000000000000E+05
  3.308804148464629E-01  -1.445864736888848E-02  -1.105300571823698E-01   1.000000000000000E+05
  3.197782820332904E-01  -1.301862282819846E-02  -9.952171104189123E-02   1.000000000000000E+05
  3.098974567586747E-01  -1.143596342832358E-02  -8.742298426820987E-02   1.000000000000000E+05
  3.013461954120189E-01  -9.728009116841617E-03  -7.436643304367946E-02   1.000000000000000E+05
  2.942181874021044E-01  -7.913472598601583E-03  -6.049510767577494E-02   1.000000000000000E+05
  2.885915286763195E-01  -6.012234315413523E-03  -4.596098530798874E-02   1.000000000000000E+05
  2.845278660851177E-01  -4.045124631767715E-03  -3.092330482644260E-02   1.000000000000000E+05
  2.820717219662237E-01  -2.033695613002343E-03  -1.554682220532957E-02   1.000000000000000E+05
  2.812500063485862E-01   1.510363440360969E-08  -5.405982180118778E-09   1.000000000000000E+05
  2.820717221204667E-01   2.033725757949732E-03   1.554681139336503E-02   1.000000000000000E+05
  2.845278663919131E-01   4.045154590433645E-03   3.092329401447802E-02   1.000000000000000E+05
  2.885915291323066E-01   6.012263965878915E-03   4.596097449602424E-02   1.000000000000000E+05
  2.942181880022875E-01   7.913501822324042E-03   6.049509686381056E-02   1.000000000000000E+05
  3.013461961498217E-01   9.728037799954237E-03   7.436642223171493E-02   1.000000000000000E+05
  3.098974576260137E-01   1.143599146288252E-02   8.742297345624542E-02   1.000000000000000E+05
  3.197782830206635E-01   1.301865011336552E-02   9.952170022992671E-02   1.000000000000000E+05
  3.308804159430516E-01   1.445867381203601E-02   1.105300463704054E-01   1.000000000000000E+05
  3.430822191016103E-01   1.574028535790697E-02   1.203274021337215E-01   1.000000000000000E+05
  3.562500069875422E-01   1.684944314668739E-02   1.288064256399037E-01   1.000000000000000E+05
  3.702395105612327E-01   1.777399501353720E-02   1.358742189330688E-01   1.000000000000000E+05
  3.848974578940362E-01   1.850381137472828E-02   1.414533457908657E-01   1.000000000000000E+05
  4.000632534476025E-01   1.903089620948352E-02   1.454826801319332E-01   1.000000000000000E+05
  4.155707375921993E-01   1.934947466605377E-02   1.479180757260382E-01   1.000000000000000E+05
  4.312500070863886E-01   1.945605633220199E-02   1.487328498694122E-01   1.000000000000000E+05
  4.469292765724952E-01   1.934947347689025E-02   1.479180757260382E-01   1.000000000000000E+05
  4.624367606929305E-01   1.903089384418520E-02   1.454826801319333E-01   1.000000000000000E+05
  4.776025562065205E-01   1.850380785920988E-02   1.414533457908658E-01   1.000000000000000E+05
  4.922605034839722E-01   1.777399038631547E-02   1.358742189330688E-01   1.000000000000000E+05
  5.062500069875421E-01   1.684943745845912E-02   1.288064256399037E-01   1.000000000000000E+05
  5.194177947893521E-01   1.574027867099360E-02   1.203274021337215E-01   1.000000000000000E+05
  5.316195978507092E-01   1.445866619970076E-02   1.105300463704054E-01   1.000000000000000E+05
  5.427217306638816E-01   1.301864165901075E-02   9.952170022992683E-02   1.000000000000000E+05
  5.526025559384978E-01   1.143598225913585E-02   8.742297345624547E-02   1.000000000000000E+05
  5.611538172851531E-01   9.728027947653900E-03   7.436642223171508E-02   1.000000000000000E+05
  5.682818252950677E-01   7.913491429413864E-03   6.049509686381056E-02   1.000000000000000E+05
  5.739084840208527E-01   6.012253146225816E-03   4.596097449602429E-02   1.000000000000000E+05
  5.779721466120548E-01   4.045143462579998E-03   3.092329401447820E-02   1.000000000000000E+05
  5.804282907309485E-01   2.033714443814666E-03   1.554681139336541E-02   1.000000000000000E+05
  5.812500063485860E-01   3.727177879157752E-09  -5.405982257440336E-09   1.000000000000000E+05
  5.804282905767056E-01  -2.033706927137428E-03  -1.554682220532932E-02   1.000000000000000E+05
  5.779721463052591E-01  -4.045135759621366E-03  -3.092330482644257E-02   1.000000000000000E+05
  5.739084835648655E-01  -6.012245135066622E-03  -4.596098530798861E-02   1.000000000000000E+05
  5.682818246948848E-01  -7.913482991511765E-03  -6.049510767577486E-02   1.000000000000000E+05
  5.611538165473505E-01  -9.728018969141959E-03  -7.436643304367940E-02   1.000000000000000E+05
  5.526025550711585E-01  -1.143597263207023E-02  -8.742298426820988E-02   1.000000000000000E+05
  5.427217296765088E-01  -1.301863128255325E-02  -9.952171104189121E-02   1.000000000000000E+05
  5.316195967541205E-01  -1.445865498122373E-02  -1.105300571823697E-01   1.000000000000000E+05
  5.194177935955621E-01  -1.574026652709467E-02  -1.203274129456859E-01   1.000000000000000E+05
  5.062500057096302E-01  -1.684942431587510E-02  -1.288064364518681E-01   1.000000000000000E+05
  4.922605021359398E-01  -1.777397618272491E-02  -1.358742297450332E-01   1.000000000000000E+05
  4.776025548031360E-01  -1.850379254391598E-02  -1.414533566028301E-01   1.000000000000000E+05
  4.624367592495700E-01  -1.903087737867123E-02  -1.454826909438977E-01   1.000000000000000E+05
  4.469292751049732E-01  -1.934945583524147E-02  -1.479180865380026E-01   1.000000000000000E+05
  4.312500056107831E-01  -1.945603750138971E-02  -1.487328606813766E-01   0.000000000000000E+00 1 CurveXYZFourier1 
  1.219625697880014E-01   2.577617613181671E-01  -1.480897390018938E-01   1.000000000000000E+05
  1.142297206714599E-01   2.441214501986290E-01  -1.472775410391333E-01   1.000000000000000E+05
  1.067975773053128E-01   2.305058617408124E-01  -1.448498457616954E-01   1.000000000000000E+05
  9.974756780755521E-02   2.170641711811051E-01  -1.408332515070674E-01   1.000000000000000E+05
  9.315693355755406E-02   2.039436484941348E-01  -1.352717649224294E-01   1.000000000000000E+05
  8.709788292333154E-02   1.912880448721055E-01  -1.282263188186187E-01   1.000000000000000E+05
  8.163680013157358E-02   1.792360177566550E-01  -1.197741045775030E-01   1.000000000000000E+05
  7.683351794815221E-02   1.679196116789100E-01  -1.100077264270474E-01   1.000000000000000E+05
  7.274066213781993E-02   1.574628115519674E-01  -9.903418685001456E-02   1.000000000000000E+05
  6.940307488532022E-02   1.479801842662451E-01  -8.697371424237088E-02   1.000000000000000E+05
  6.685732349502646E-02   1.395756234706521E-01  -7.395844566582217E-02   1.000000000000000E+05
  6.513129975190317E-02   1.323412112920324E-01  -6.013097912651288E-02   1.000000000000000E+05
  6.424391433327421E-02   1.263562094641134E-01  -4.564281124143139E-02   1.000000000000000E+05
  6.420488961948291E-02   1.216861909193636E-01  -3.065267740977037E-02   1.000000000000000E+05
  6.501465317346021E-02   1.183823213582237E-01  -1.532481267467688E-02   1.000000000000000E+05
  6.666433305625472E-02   1.164807986669845E-01   1.728476702496113E-04   1.000000000000000E+05
  6.913585502985309E-02   1.160024563261705E-01   1.567050801517597E-02   1.000000000000000E+05
  7.240214058231308E-02   1.169525351545675E-01   3.099837275026939E-02   1.000000000000000E+05
  7.642740360560793E-02   1.193206258897142E-01   4.598850658193047E-02   1.000000000000000E+05
  8.116754247571391E-02   1.230807832339620E-01   6.047667446701203E-02   1.000000000000000E+05
  8.657062323923233E-02   1.281918101165838E-01   7.430414100632121E-02   1.000000000000000E+05
  9.257744861265046E-02   1.345977090575023E-01   8.731940958287000E-02   1.000000000000000E+05
  9.912220656016862E-02   1.422282956874001E-01   9.937988219051359E-02   1.000000000000000E+05
  1.061331913441349E-01   1.509999677023573E-01   1.103534217675466E-01   1.000000000000000E+05
  1.135335891481132E-01   1.608166208281879E-01   1.201197999180022E-01   1.000000000000000E+05
  1.212423196651305E-01   1.715707017589782E-01   1.285720141591179E-01   1.000000000000000E+05
  1.291749244304867E-01   1.831443865336144E-01   1.356174602629286E-01   1.000000000000000E+05
  1.372444921663681E-01   1.954108714397564E-01   1.411789468475665E-01   1.000000000000000E+05
  1.453626109999952E-01   2.082357623018458E-01   1.451955411021945E-01   1.000000000000000E+05
  1.534403371226009E-01   2.214785469318160E-01   1.476232363796326E-01   1.000000000000000E+05
  1.613891692764130E-01   2.349941346100306E-01   1.484354343423930E-01   1.000000000000000E+05
  1.691220183929545E-01   2.486344457295687E-01   1.476232363796326E-01   1.000000000000000E+05
  1.765541617591018E-01   2.622500341873857E-01   1.451955411021946E-01   1.000000000000000E+05
  1.836041712568593E-01   2.756917247470926E-01   1.411789468475666E-01   1.000000000000000E+05
  1.901948055068604E-01   2.888122474340630E-01   1.356174602629286E-01   1.000000000000000E+05
  1.962538561410830E-01   3.014678510560927E-01   1.285720141591179E-01   1.000000000000000E+05
  2.017149389328408E-01   3.135198781715428E-01   1.201197999180022E-01   1.000000000000000E+05
  2.065182211162624E-01   3.248362842492881E-01   1.103534217675467E-01   1.000000000000000E+05
  2.106110769265944E-01   3.352930843762304E-01   9.937988219051376E-02   1.000000000000000E+05
  2.139486641790943E-01   3.447757116619530E-01   8.731940958287011E-02   1.000000000000000E+05
  2.164944155693880E-01   3.531802724575459E-01   7.430414100632138E-02   1.000000000000000E+05
  2.182204393125113E-01   3.604146846361654E-01   6.047667446701208E-02   1.000000000000000E+05
  2.191078247311404E-01   3.663996864640845E-01   4.598850658193061E-02   1.000000000000000E+05
  2.191468494449316E-01   3.710697050088343E-01   3.099837275026958E-02   1.000000000000000E+05
  2.183370858909543E-01   3.743735745699744E-01   1.567050801517633E-02   1.000000000000000E+05
  2.166874060081598E-01   3.762750972612133E-01   1.728476702495918E-04   1.000000000000000E+05
  2.142158840345614E-01   3.767534396020274E-01  -1.532481267467663E-02   1.000000000000000E+05
  2.109495984821014E-01   3.758033607736306E-01  -3.065267740977039E-02   1.000000000000000E+05
  2.069243354588067E-01   3.734352700384836E-01  -4.564281124143117E-02   1.000000000000000E+05
  2.021841965887006E-01   3.696751126942358E-01  -6.013097912651288E-02   1.000000000000000E+05
  1.967811158251823E-01   3.645640858116142E-01  -7.395844566582199E-02   1.000000000000000E+05
  1.907742904517639E-01   3.581581868706957E-01  -8.697371424237092E-02   1.000000000000000E+05
  1.842295325042459E-01   3.505276002407979E-01  -9.903418685001440E-02   1.000000000000000E+05
  1.772185477202797E-01   3.417559282258406E-01  -1.100077264270474E-01   1.000000000000000E+05
  1.698181499163013E-01   3.319392751000102E-01  -1.197741045775028E-01   1.000000000000000E+05
  1.621094193992841E-01   3.211851941692198E-01  -1.282263188186187E-01   1.000000000000000E+05
  1.541768146339279E-01   3.096115093945835E-01  -1.352717649224294E-01   1.000000000000000E+05
  1.461072468980464E-01   2.973450244884415E-01  -1.408332515070674E-01   1.000000000000000E+05
  1.379891280644195E-01   2.845201336263524E-01  -1.448498457616954E-01   1.000000000000000E+05
  1.299114019418137E-01   2.712773489963820E-01  -1.472775410391333E-01   1.000000000000000E+05
  1.219625697880014E-01   2.577617613181671E-01  -1.480897390018938E-01   0.000000000000000E+00 2 CurveXYZFourier2 
 -2.107457298859993E-01   4.097355874195577E-01  -1.502935345637178E-01   1.000000000000000E+05
 -2.029922035764768E-01   3.961071746941482E-01  -1.494787310406942E-01   1.000000000000000E+05
 -1.955077961528654E-01   3.825216392060261E-01  -1.470432476295307E-01   1.000000000000000E+05
 -1.883745083491099E-01   3.691278269249548E-01  -1.430137679961373E-01   1.000000000000000E+05
 -1.816704939591259E-01   3.560724832611221E-01  -1.374344399626005E-01   1.000000000000000E+05
 -1.754692035674751E-01   3.434986452917151E-01  -1.303663918144052E-01   1.000000000000000E+05
 -1.698385798093913E-01   3.315440746167704E-01  -1.218870625661470E-01   1.000000000000000E+05
 -1.648403129770524E-01   3.203397480142591E-01  -1.120893535234838E-01   1.000000000000000E+05
 -1.605291651278275E-01   3.100084224310926E-01  -1.010806104369891E-01   1.000000000000000E+05
 -1.569523700997193E-01   3.006632900323301E-01  -8.898144739964656E-02   1.000000000000000E+05
 -1.541491160075472E-01   2.924067380441270E-01  -7.592442537360557E-02   1.000000000000000E+05
 -1.521501158897642E-01   2.853292269778603E-01  -6.205259982454110E-02   1.000000000000000E+05
 -1.509772712099787E-01   2.795082995258368E-01  -4.751795337603492E-02   1.000000000000000E+05
 -1.506434318999353E-01   2.750077309873276E-01  -3.247973065614698E-02   1.000000000000000E+05
 -1.511522555729755E-01   2.718768305330459E-01  -1.710269357994692E-02   1.000000000000000E+05
 -1.524981674504593E-01   2.701499009635512E-01  -1.555316183493404E-03   1.000000000000000E+05
 -1.546664214402070E-01   2.698458628805908E-01   1.399206121296009E-02   1.000000000000000E+05
 -1.576332616977705E-01   2.709680473890252E-01   2.936909828916008E-02   1.000000000000000E+05
 -1.613661829004363E-01   2.735041596005476E-01   4.440732100904814E-02   1.000000000000000E+05
 -1.658242863823442E-01   2.774264133390535E-01   5.894196745755427E-02   1.000000000000000E+05
 -1.709587282288285E-01   2.826918355717991E-01   7.281379300661872E-02   1.000000000000000E+05
 -1.767132544205683E-01   2.892427372309425E-01   8.587081503265967E-02   1.000000000000000E+05
 -1.830248171643945E-01   2.970073452670410E-01   9.796997807000225E-02   1.000000000000000E+05
 -1.898242656581060E-01   3.059005890096031E-01   1.089787211564970E-01   1.000000000000000E+05
 -1.970371037211305E-01   3.158250322191540E-01   1.187764301991603E-01   1.000000000000000E+05
 -2.045843059902654E-01   3.266719406190668E-01   1.272557594474183E-01   1.000000000000000E+05
 -2.123831837380968E-01   3.383224732110505E-01   1.343238075956138E-01   1.000000000000000E+05
 -2.203482908279989E-01   3.506489843219966E-01   1.399031356291505E-01   1.000000000000000E+05
 -2.283923598798895E-01   3.635164221166856E-01   1.439326152625439E-01   1.000000000000000E+05
 -2.364272583899062E-01   3.767838082539537E-01   1.463680986737074E-01   1.000000000000000E+05
 -2.443649543285624E-01   3.903057824749024E-01   1.471829021967309E-01   1.000000000000000E+05
 -2.521184806380850E-01   4.039341952003124E-01   1.463680986737075E-01   1.000000000000000E+05
 -2.596028880616968E-01   4.175197306884347E-01   1.439326152625439E-01   1.000000000000000E+05
 -2.667361758654520E-01   4.309135429695057E-01   1.399031356291506E-01   1.000000000000000E+05
 -2.734401902554360E-01   4.439688866333384E-01   1.343238075956139E-01   1.000000000000000E+05
 -2.796414806470869E-01   4.565427246027457E-01   1.272557594474184E-01   1.000000000000000E+05
 -2.852721044051706E-01   4.684972952776901E-01   1.187764301991603E-01   1.000000000000000E+05
 -2.902703712375097E-01   4.797016218802018E-01   1.089787211564970E-01   1.000000000000000E+05
 -2.945815190867343E-01   4.900329474633676E-01   9.796997807000246E-02   1.000000000000000E+05
 -2.981583141148428E-01   4.993780798621303E-01   8.587081503265984E-02   1.000000000000000E+05
 -3.009615682070148E-01   5.076346318503335E-01   7.281379300661880E-02   1.000000000000000E+05
 -3.029605683247977E-01   5.147121429166003E-01   5.894196745755436E-02   1.000000000000000E+05
 -3.041334130045834E-01   5.205330703686240E-01   4.440732100904816E-02   1.000000000000000E+05
 -3.044672523146267E-01   5.250336389071329E-01   2.936909828916028E-02   1.000000000000000E+05
 -3.039584286415865E-01   5.281645393614147E-01   1.399206121296043E-02   1.000000000000000E+05
 -3.026125167641025E-01   5.298914689309092E-01  -1.555316183493410E-03   1.000000000000000E+05
 -3.004442627743550E-01   5.301955070138697E-01  -1.710269357994669E-02   1.000000000000000E+05
 -2.974774225167917E-01   5.290733225054355E-01  -3.247973065614700E-02   1.000000000000000E+05
 -2.937445013141257E-01   5.265372102939129E-01  -4.751795337603475E-02   1.000000000000000E+05
 -2.892863978322177E-01   5.226149565554070E-01  -6.205259982454103E-02   1.000000000000000E+05
 -2.841519559857333E-01   5.173495343226613E-01  -7.592442537360553E-02   1.000000000000000E+05
 -2.783974297939936E-01   5.107986326635182E-01  -8.898144739964650E-02   1.000000000000000E+05
 -2.720858670501675E-01   5.030340246274195E-01  -1.010806104369891E-01   1.000000000000000E+05
 -2.652864185564558E-01   4.941407808848574E-01  -1.120893535234837E-01   1.000000000000000E+05
 -2.580735804934315E-01   4.842163376753067E-01  -1.218870625661469E-01   1.000000000000000E+05
 -2.505263782242966E-01   4.733694292753937E-01  -1.303663918144052E-01   1.000000000000000E+05
 -2.427275004764653E-01   4.617188966834103E-01  -1.374344399626005E-01   1.000000000000000E+05
 -2.347623933865630E-01   4.493923855724639E-01  -1.430137679961373E-01   1.000000000000000E+05
 -2.267183243346724E-01   4.365249477777752E-01  -1.470432476295306E-01   1.000000000000000E+05
 -2.186834258246561E-01   4.232575616405071E-01  -1.494787310406942E-01   1.000000000000000E+05
 -2.107457298859993E-01   4.097355874195577E-01  -1.502935345637178E-01   0.000000000000000E+00 3 CurveXYZFourier3 
 -2.819597099900144E-01  -2.277018789891581E-02  -1.482616818859845E-01   1.000000000000000E+05
 -2.662804405010788E-01  -2.264545014858391E-02  -1.474494890427014E-01   1.000000000000000E+05
 -2.507729563721877E-01  -2.227260385532258E-02  -1.450218090676055E-01   1.000000000000000E+05
 -2.356071608446058E-01  -2.165573400114391E-02  -1.410052401305285E-01   1.000000000000000E+05
 -2.209492135477810E-01  -2.080159914125860E-02  -1.354437886012660E-01   1.000000000000000E+05
 -2.069597100196698E-01  -1.971955735593073E-02  -1.283983869065815E-01   1.000000000000000E+05
 -1.937919221884176E-01  -1.842146372139220E-02  -1.199462259417868E-01   1.000000000000000E+05
 -1.815901190930407E-01  -1.692154042314654E-02  -1.101799093511407E-01   1.000000000000000E+05
 -1.704879862416433E-01  -1.523622093472845E-02  -9.920643894294316E-02   1.000000000000000E+05
 -1.606071609250163E-01  -1.338396996912886E-02  -8.714604235533321E-02   1.000000000000000E+05
 -1.520558995330239E-01  -1.138508117553526E-02  -7.413085581712467E-02   1.000000000000000E+05
 -1.449278914749435E-01  -9.261454797864638E-03  -6.030347643563280E-02   1.000000000000000E+05
 -1.393012326986910E-01  -7.036357731108198E-03  -4.581539987292690E-02   1.000000000000000E+05
 -1.352375700552729E-01  -4.734168604360765E-03  -3.082536052765246E-02   1.000000000000000E+05
 -1.327814258829867E-01  -2.380110683459054E-03  -1.549759240774391E-02   1.000000000000000E+05
 -1.319597102113653E-01   2.448039725681253E-08  -2.974826462322908E-08   1.000000000000000E+05
 -1.327814259292617E-01   2.380159628277645E-03   1.549753291121457E-02   1.000000000000000E+05
 -1.352375701473158E-01   4.734217501426627E-03   3.082530103112305E-02   1.000000000000000E+05
 -1.393012328354934E-01   7.036406549167734E-03   4.581534037639758E-02   1.000000000000000E+05
 -1.449278916550066E-01   9.261503506529845E-03   6.030341693910349E-02   1.000000000000000E+05
 -1.520558997543749E-01   1.138512974561665E-02   7.413079632059523E-02   1.000000000000000E+05
 -1.606071611852298E-01   1.338401837295536E-02   8.714598285880394E-02   1.000000000000000E+05
 -1.704879865378686E-01   1.523626914645048E-02   9.920637944641379E-02   1.000000000000000E+05
 -1.815901194220323E-01   1.692158841901924E-02   1.101798498546113E-01   1.000000000000000E+05
 -1.937919225465706E-01   1.842151148003563E-02   1.199461664452574E-01   1.000000000000000E+05
 -2.069597104030609E-01   1.971960485856409E-02   1.283983274100522E-01   1.000000000000000E+05
 -2.209492139522094E-01   2.080164637190594E-02   1.354437291047367E-01   1.000000000000000E+05
 -2.356071612656404E-01   2.165578094680926E-02   1.410051806339991E-01   1.000000000000000E+05
 -2.507729568052153E-01   2.227265050613228E-02   1.450217495710761E-01   1.000000000000000E+05
 -2.662804409413553E-01   2.264549649789480E-02   1.474494295461722E-01   1.000000000000000E+05
 -2.819597104327159E-01   2.277023394338800E-02   1.482616223894552E-01   1.000000000000000E+05
 -2.976389799216515E-01   2.264549619305610E-02   1.474494295461722E-01   1.000000000000000E+05
 -3.131464640505429E-01   2.227264989979478E-02   1.450217495710761E-01   1.000000000000000E+05
 -3.283122595781247E-01   2.165578004561611E-02   1.410051806339991E-01   1.000000000000000E+05
 -3.429702068749492E-01   2.080164518573079E-02   1.354437291047368E-01   1.000000000000000E+05
 -3.569597104030608E-01   1.971960340040294E-02   1.283983274100522E-01   1.000000000000000E+05
 -3.701274982343129E-01   1.842150976586439E-02   1.199461664452575E-01   1.000000000000000E+05
 -3.823293013296898E-01   1.692158646761873E-02   1.101798498546114E-01   1.000000000000000E+05
 -3.934314341810869E-01   1.523626697920065E-02   9.920637944641400E-02   1.000000000000000E+05
 -4.033122594977140E-01   1.338401601360104E-02   8.714598285880391E-02   1.000000000000000E+05
 -4.118635208897062E-01   1.138512722000745E-02   7.413079632059541E-02   1.000000000000000E+05
 -4.189915289477866E-01   9.261500842336840E-03   6.030341693910362E-02   1.000000000000000E+05
 -4.246181877240396E-01   7.036403775580399E-03   4.581534037639759E-02   1.000000000000000E+05
 -4.286818503674574E-01   4.734214648832964E-03   3.082530103112325E-02   1.000000000000000E+05
 -4.311379945397438E-01   2.380156727931288E-03   1.549753291121495E-02   1.000000000000000E+05
 -4.319597102113651E-01   2.156407493022684E-08  -2.974826467167241E-08   1.000000000000000E+05
 -4.311379944934688E-01  -2.380113583805435E-03  -1.549759240774375E-02   1.000000000000000E+05
 -4.286818502754147E-01  -4.734171456954443E-03  -3.082536052765243E-02   1.000000000000000E+05
 -4.246181875872372E-01  -7.036360504695541E-03  -4.581539987292672E-02   1.000000000000000E+05
 -4.189915287677239E-01  -9.261457462057658E-03  -6.030347643563279E-02   1.000000000000000E+05
 -4.118635206683554E-01  -1.138508370114445E-02  -7.413085581712453E-02   1.000000000000000E+05
 -4.033122592375006E-01  -1.338397232848316E-02  -8.714604235533313E-02   1.000000000000000E+05
 -3.934314338848617E-01  -1.523622310197829E-02  -9.920643894294323E-02   1.000000000000000E+05
 -3.823293010006985E-01  -1.692154237454704E-02  -1.101799093511405E-01   1.000000000000000E+05
 -3.701274978761600E-01  -1.842146543556343E-02  -1.199462259417867E-01   1.000000000000000E+05
 -3.569597100196700E-01  -1.971955881409189E-02  -1.283983869065814E-01   1.000000000000000E+05
 -3.429702064705212E-01  -2.080160032743374E-02  -1.354437886012661E-01   1.000000000000000E+05
 -3.283122591570901E-01  -2.165573490233706E-02  -1.410052401305284E-01   1.000000000000000E+05
 -3.131464636175154E-01  -2.227260446166009E-02  -1.450218090676054E-01   1.000000000000000E+05
 -2.976389794813751E-01  -2.264545045342260E-02  -1.474494890427014E-01   1.000000000000000E+05
 -2.819597099900144E-01  -2.277018789891581E-02  -1.482616818859845E-01   0.000000000000000E+00 4 CurveXYZFourier4 
 -2.443651725511236E-01  -3.903061147449712E-01  -1.471828900093983E-01   1.000000000000000E+05
 -2.364274774581128E-01  -3.767841400275985E-01  -1.463680864865584E-01   1.000000000000000E+05
 -2.283925797753757E-01  -3.635167533892187E-01  -1.439326030759435E-01   1.000000000000000E+05
 -2.203485115233341E-01  -3.506493150942204E-01  -1.399031234434579E-01   1.000000000000000E+05
 -2.123834051970874E-01  -3.383228034892491E-01  -1.343237954111781E-01   1.000000000000000E+05
 -2.045845281683516E-01  -3.266722704149359E-01  -1.272557472645751E-01   1.000000000000000E+05
 -1.970373265658735E-01  -3.158253615496750E-01  -1.187764180182272E-01   1.000000000000000E+05
 -1.898244891097633E-01  -3.059009178968547E-01  -1.089787089777712E-01   1.000000000000000E+05
 -1.830250411565730E-01  -2.970076737379599E-01  -9.796996589375676E-02   1.000000000000000E+05
 -1.767134788809543E-01  -2.892430653170258E-01  -8.587080285913982E-02   1.000000000000000E+05
 -1.709589530799779E-01  -2.826921633087604E-01  -7.281378083604044E-02   1.000000000000000E+05
 -1.658245115425308E-01  -2.774267407664309E-01  -5.894195529010103E-02   1.000000000000000E+05
 -1.613664082845493E-01  -2.735044867612725E-01  -4.440730884486932E-02   1.000000000000000E+05
 -1.576334872182452E-01  -2.709683743289495E-01  -2.936908612836926E-02   1.000000000000000E+05
 -1.546666470079850E-01  -2.698461896479858E-01  -1.399204905563335E-02   1.000000000000000E+05
 -1.524983929759634E-01  -2.701502276085782E-01   1.555328337317542E-03   1.000000000000000E+05
 -1.511524809670918E-01  -2.718771571072068E-01   1.710270573026846E-02   1.000000000000000E+05
 -1.506436570749896E-01  -2.750080575429012E-01   3.247974280300417E-02   1.000000000000000E+05
 -1.509774960806967E-01  -2.795086261153054E-01   4.751796551950431E-02   1.000000000000000E+05
 -1.521503403742065E-01  -2.853295536533353E-01   6.205261196473608E-02   1.000000000000000E+05
 -1.541493400280056E-01  -2.924070648567763E-01   7.592443751067540E-02   1.000000000000000E+05
 -1.569525935835696E-01  -3.006636170318197E-01   8.898145953377490E-02   1.000000000000000E+05
 -1.605293880083253E-01  -3.100087496650407E-01   1.010806225683917E-01   1.000000000000000E+05
 -1.648405351940625E-01  -3.203400755277158E-01   1.120893656524063E-01   1.000000000000000E+05
 -1.698388013100487E-01  -3.315444024517236E-01   1.218870746928623E-01   1.000000000000000E+05
 -1.754694243067632E-01  -3.434989734866293E-01   1.303664039392101E-01   1.000000000000000E+05
 -1.816707139003697E-01  -3.560728118505190E-01   1.374344520858133E-01   1.000000000000000E+05
 -1.883747274643776E-01  -3.691281559390335E-01   1.430137801180930E-01   1.000000000000000E+05
 -1.955080144232751E-01  -3.825219686703327E-01   1.470432597505786E-01   1.000000000000000E+05
 -2.029924209924036E-01  -3.961075046292967E-01   1.494787431611935E-01   1.000000000000000E+05
 -2.107459464471792E-01  -4.097359178410028E-01   1.502935466840334E-01   1.000000000000000E+05
 -2.186836415401901E-01  -4.232578925583755E-01   1.494787431611935E-01   1.000000000000000E+05
 -2.267185392229275E-01  -4.365252791967556E-01   1.470432597505786E-01   1.000000000000000E+05
 -2.347626074749686E-01  -4.493927174917534E-01   1.430137801180930E-01   1.000000000000000E+05
 -2.427277138012153E-01  -4.617192290967255E-01   1.374344520858133E-01   1.000000000000000E+05
 -2.505265908299511E-01  -4.733697621710382E-01   1.303664039392102E-01   1.000000000000000E+05
 -2.580737924324294E-01  -4.842166710362994E-01   1.218870746928623E-01   1.000000000000000E+05
 -2.652866298885396E-01  -4.941411146891193E-01   1.120893656524063E-01   1.000000000000000E+05
 -2.720860778417298E-01  -5.030343588480144E-01   1.010806225683918E-01   1.000000000000000E+05
 -2.783976401173486E-01  -5.107989672689486E-01   8.898145953377498E-02   1.000000000000000E+05
 -2.841521659183252E-01  -5.173498692772137E-01   7.592443751067564E-02   1.000000000000000E+05
 -2.892866074557718E-01  -5.226152918195430E-01   6.205261196473621E-02   1.000000000000000E+05
 -2.937447107137537E-01  -5.265375458247017E-01   4.751796551950443E-02   1.000000000000000E+05
 -2.974776317800576E-01  -5.290736582570249E-01   3.247974280300443E-02   1.000000000000000E+05
 -3.004444719903180E-01  -5.301958429379887E-01   1.710270573026875E-02   1.000000000000000E+05
 -3.026127260223395E-01  -5.298918049773960E-01   1.555328337317548E-03   1.000000000000000E+05
 -3.039586380312112E-01  -5.281648754787673E-01  -1.399204905563319E-02   1.000000000000000E+05
 -3.044674619233134E-01  -5.250339750430727E-01  -2.936908612836921E-02   1.000000000000000E+05
 -3.041336229176062E-01  -5.205334064706688E-01  -4.440730884486914E-02   1.000000000000000E+05
 -3.029607786240964E-01  -5.147124789326389E-01  -5.894195529010104E-02   1.000000000000000E+05
 -3.009617789702974E-01  -5.076349677291978E-01  -7.281378083604030E-02   1.000000000000000E+05
 -2.981585254147333E-01  -4.993784155541545E-01  -8.587080285913973E-02   1.000000000000000E+05
 -2.945817309899778E-01  -4.900332829209332E-01  -9.796996589375664E-02   1.000000000000000E+05
 -2.902705838042404E-01  -4.797019570582585E-01  -1.089787089777711E-01   1.000000000000000E+05
 -2.852723176882542E-01  -4.684976301342509E-01  -1.187764180182271E-01   1.000000000000000E+05
 -2.796416946915398E-01  -4.565430590993450E-01  -1.272557472645750E-01   1.000000000000000E+05
 -2.734404050979333E-01  -4.439692207354551E-01  -1.343237954111781E-01   1.000000000000000E+05
 -2.667363915339251E-01  -4.309138766469405E-01  -1.399031234434579E-01   1.000000000000000E+05
 -2.596031045750279E-01  -4.175200639156417E-01  -1.439326030759435E-01   1.000000000000000E+05
 -2.521186980058993E-01  -4.039345279566777E-01  -1.463680864865584E-01   1.000000000000000E+05
 -2.443651725511236E-01  -3.903061147449712E-01  -1.471828900093983E-01   0.000000000000000E+00 5 CurveXYZFourier5 
  1.613890630996254E-01  -2.349942104095439E-01  -1.484354800845716E-01   1.000000000000000E+05
  1.534402303991735E-01  -2.214786230528271E-01  -1.476232821217077E-01   1.000000000000000E+05
  1.453625037421334E-01  -2.082358387489039E-01  -1.451955868439607E-01   1.000000000000000E+05
  1.372443843921325E-01  -1.954109482138373E-01  -1.411789925888213E-01   1.000000000000000E+05
  1.291748161635954E-01  -1.831444636321123E-01  -1.356175060034753E-01   1.000000000000000E+05
  1.212422109346999E-01  -1.715707791757322E-01  -1.285720598987677E-01   1.000000000000000E+05
  1.135334799883373E-01  -1.608166985535504E-01  -1.201198456565758E-01   1.000000000000000E+05
  1.061330817939127E-01  -1.510000457232998E-01  -1.103534675048768E-01   1.000000000000000E+05
  9.912209666267607E-02  -1.422283739876547E-01  -9.937992792644676E-02   1.000000000000000E+05
  9.257733841486890E-02  -1.345977876177420E-01  -8.731945531726765E-02   1.000000000000000E+05
  8.657051279143255E-02  -1.281918889146328E-01  -7.430418673906192E-02   1.000000000000000E+05
  8.116743183090647E-02  -1.230808622450386E-01  -6.047672019799220E-02   1.000000000000000E+05
  7.642729281896186E-02  -1.193207050867034E-01  -4.598855231106604E-02   1.000000000000000E+05
  7.240202971055112E-02  -1.169526145083165E-01  -3.099841847749659E-02   1.000000000000000E+05
  6.913574413063059E-02  -1.160025358058102E-01  -1.567055374045163E-02   1.000000000000000E+05
  6.666422218752809E-02  -1.164808782402655E-01  -1.728933935520947E-04   1.000000000000000E+05
  6.501454239285127E-02  -1.183824009918709E-01   1.532476695334740E-02   1.000000000000000E+05
  6.420477898364871E-02  -1.216862705794410E-01   3.065263169039229E-02   1.000000000000000E+05
  6.424380389728487E-02  -1.263562891163945E-01   4.564276552396185E-02   1.000000000000000E+05
  6.513118956864024E-02  -1.323412909023773E-01   6.013093341088792E-02   1.000000000000000E+05
  6.685721361460160E-02  -1.395757030053794E-01   7.395839995195759E-02   1.000000000000000E+05
  6.940296535452761E-02  -1.479802636925022E-01   8.697366853016351E-02   1.000000000000000E+05
  7.274055299962304E-02  -1.574628908380905E-01   9.903414113934245E-02   1.000000000000000E+05
  7.683340924121314E-02  -1.679196907947697E-01   1.100076807177726E-01   1.000000000000000E+05
  8.163669188982949E-02  -1.792360966739885E-01   1.197740588694715E-01   1.000000000000000E+05
  8.709777517562281E-02  -1.912881235648240E-01   1.282262731116634E-01   1.000000000000000E+05
  9.315682632730830E-02  -2.039437269386112E-01   1.352717192163711E-01   1.000000000000000E+05
  9.974746111253044E-02  -2.170642493564318E-01   1.408332058017171E-01   1.000000000000000E+05
  1.067974711574034E-01  -2.305059396290305E-01   1.448498000568565E-01   1.000000000000000E+05
  1.142296150765658E-01  -2.441215277849260E-01   1.472774953346035E-01   1.000000000000000E+05
  1.219624647459633E-01  -2.577618385910371E-01   1.480896932974674E-01   1.000000000000000E+05
  1.299112974464155E-01  -2.712774259477539E-01   1.472774953346035E-01   1.000000000000000E+05
  1.379890241034556E-01  -2.845202102516779E-01   1.448498000568564E-01   1.000000000000000E+05
  1.461071434534564E-01  -2.973451007867436E-01   1.408332058017171E-01   1.000000000000000E+05
  1.541767116819933E-01  -3.096115853684688E-01   1.352717192163712E-01   1.000000000000000E+05
  1.621093169108892E-01  -3.211852698248490E-01   1.282262731116634E-01   1.000000000000000E+05
  1.698180478572514E-01  -3.319393504470309E-01   1.197740588694717E-01   1.000000000000000E+05
  1.772184460516764E-01  -3.417560032772816E-01   1.100076807177726E-01   1.000000000000000E+05
  1.842294311829127E-01  -3.505276750129265E-01   9.903414113934259E-02   1.000000000000000E+05
  1.907741894307200E-01  -3.581582613828392E-01   8.697366853016353E-02   1.000000000000000E+05
  1.967810150541563E-01  -3.645641600859486E-01   7.395839995195770E-02   1.000000000000000E+05
  2.021840960146823E-01  -3.696751867555424E-01   6.013093341088806E-02   1.000000000000000E+05
  2.069242350266270E-01  -3.734353439138780E-01   4.564276552396191E-02   1.000000000000000E+05
  2.109494981350377E-01  -3.758034344922646E-01   3.065263169039245E-02   1.000000000000000E+05
  2.142157837149583E-01  -3.767535131947711E-01   1.532476695334772E-02   1.000000000000000E+05
  2.166873056580608E-01  -3.762751707603156E-01  -1.728933935520613E-04   1.000000000000000E+05
  2.183369854527376E-01  -3.743736480087105E-01  -1.567055374045145E-02   1.000000000000000E+05
  2.191467488619404E-01  -3.710697784211403E-01  -3.099841847749656E-02   1.000000000000000E+05
  2.191077239483039E-01  -3.663997598841866E-01  -4.598855231106597E-02   1.000000000000000E+05
  2.182203382769487E-01  -3.604147580982039E-01  -6.047672019799210E-02   1.000000000000000E+05
  2.164943142309873E-01  -3.531803459952020E-01  -7.430418673906179E-02   1.000000000000000E+05
  2.139485624910613E-01  -3.447757853080790E-01  -8.731945531726758E-02   1.000000000000000E+05
  2.106109748459658E-01  -3.352931581624908E-01  -9.937992792644673E-02   1.000000000000000E+05
  2.065181186043758E-01  -3.248363582058116E-01  -1.103534675048767E-01   1.000000000000000E+05
  2.017148359557594E-01  -3.135199523265928E-01  -1.201198456565757E-01   1.000000000000000E+05
  1.962537526699663E-01  -3.014679254357574E-01  -1.285720598987676E-01   1.000000000000000E+05
  1.901947015182806E-01  -2.888123220619701E-01  -1.356175060034752E-01   1.000000000000000E+05
  1.836040667330586E-01  -2.756917996441493E-01  -1.411789925888212E-01   1.000000000000000E+05
  1.765540566881856E-01  -2.622501093715510E-01  -1.451955868439607E-01   1.000000000000000E+05
  1.691219127690233E-01  -2.486345212156555E-01  -1.476232821217077E-01   1.000000000000000E+05
  1.613890630996254E-01  -2.349942104095439E-01  -1.484354800845716E-01   0.000000000000000E+00 6 CurveXYZFourier6 
  4.312500056107831E-01   1.945603750138971E-02   1.487328606813766E-01  -1.000000000000000E+05
  4.155707361246769E-01   1.934945464607795E-02   1.479180865380026E-01  -1.000000000000000E+05
  4.000632520042421E-01   1.903087501337293E-02   1.454826909438977E-01  -1.000000000000000E+05
  3.848974564906517E-01   1.850378902839758E-02   1.414533566028302E-01  -1.000000000000000E+05
  3.702395092131995E-01   1.777397155550317E-02   1.358742297450332E-01  -1.000000000000000E+05
  3.562500057096303E-01   1.684941862764685E-02   1.288064364518682E-01  -1.000000000000000E+05
  3.430822179078201E-01   1.574025984018131E-02   1.203274129456860E-01  -1.000000000000000E+05
  3.308804148464629E-01   1.445864736888848E-02   1.105300571823698E-01  -1.000000000000000E+05
  3.197782820332904E-01   1.301862282819846E-02   9.952171104189123E-02  -1.000000000000000E+05
  3.098974567586747E-01   1.143596342832358E-02   8.742298426820987E-02  -1.000000000000000E+05
  3.013461954120189E-01   9.728009116841617E-03   7.436643304367946E-02  -1.000000000000000E+05
  2.942181874021044E-01   7.913472598601583E-03   6.049510767577494E-02  -1.000000000000000E+05
  2.885915286763195E-01   6.012234315413523E-03   4.596098530798874E-02  -1.000000000000000E+05
  2.845278660851177E-01   4.045124631767715E-03   3.092330482644260E-02  -1.000000000000000E+05
  2.820717219662237E-01   2.033695613002343E-03   1.554682220532957E-02  -1.000000000000000E+05
  2.812500063485862E-01  -1.510363440360969E-08   5.405982180118778E-09  -1.000000000000000E+05
  2.820717221204667E-01  -2.033725757949732E-03  -1.554681139336503E-02  -1.000000000000000E+05
  2.845278663919131E-01  -4.045154590433645E-03  -3.092329401447802E-02  -1.000000000000000E+05
  2.885915291323066E-01  -6.012263965878915E-03  -4.596097449602424E-02  -1.000000000000000E+05
  2.942181880022875E-01  -7.913501822324042E-03  -6.049509686381056E-02  -1.000000000000000E+05
  3.013461961498217E-01  -9.728037799954237E-03  -7.436642223171493E-02  -1.000000000000000E+05
  3.098974576260137E-01  -1.143599146288252E-02  -8.742297345624542E-02  -1.000000000000000E+05
  3.197782830206635E-01  -1.301865011336552E-02  -9.952170022992671E-02  -1.000000000000000E+05
  3.308804159430516E-01  -1.445867381203601E-02  -1.105300463704054E-01  -1.000000000000000E+05
  3.430822191016103E-01  -1.574028535790697E-02  -1.203274021337215E-01  -1.000000000000000E+05
  3.562500069875422E-01  -1.684944314668739E-02  -1.288064256399037E-01  -1.000000000000000E+05
  3.702395105612327E-01  -1.777399501353720E-02  -1.358742189330688E-01  -1.000000000000000E+05
  3.848974578940362E-01  -1.850381137472828E-02  -1.414533457908657E-01  -1.000000000000000E+05
  4.000632534476025E-01  -1.903089620948352E-02  -1.454826801319332E-01  -1.000000000000000E+05
  4.155707375921993E-01  -1.934947466605377E-02  -1.479180757260382E-01  -1.000000000000000E+05
  4.312500070863886E-01  -1.945605633220199E-02  -1.487328498694122E-01  -1.000000000000000E+05
  4.469292765724952E-01  -1.934947347689025E-02  -1.479180757260382E-01  -1.000000000000000E+05
  4.624367606929305E-01  -1.903089384418520E-02  -1.454826801319333E-01  -1.000000000000000E+05
  4.776025562065205E-01  -1.850380785920988E-02  -1.414533457908658E-01  -1.000000000000000E+05
  4.922605034839722E-01  -1.777399038631547E-02  -1.358742189330688E-01  -1.000000000000000E+05
  5.062500069875421E-01  -1.684943745845912E-02  -1.288064256399037E-01  -1.000000000000000E+05
  5.194177947893521E-01  -1.574027867099360E-02  -1.203274021337215E-01  -1.000000000000000E+05
  5.316195978507092E-01  -1.445866619970076E-02  -1.105300463704054E-01  -1.000000000000000E+05
  5.427217306638816E-01  -1.301864165901075E-02  -9.952170022992683E-02  -1.000000000000000E+05
  5.526025559384978E-01  -1.143598225913585E-02  -8.742297345624547E-02  -1.000000000000000E+05
  5.611538172851531E-01  -9.728027947653900E-03  -7.436642223171508E-02  -1.000000000000000E+05
  5.682818252950677E-01  -7.913491429413864E-03  -6.049509686381056E-02  -1.000000000000000E+05
  5.739084840208527E-01  -6.012253146225816E-03  -4.596097449602429E-02  -1.000000000000000E+05
  5.779721466120548E-01  -4.045143462579998E-03  -3.092329401447820E-02  -1.000000000000000E+05
  5.804282907309485E-01  -2.033714443814666E-03  -1.554681139336541E-02  -1.000000000000000E+05
  5.812500063485860E-01  -3.727177879157752E-09   5.405982257440336E-09  -1.000000000000000E+05
  5.804282905767056E-01   2.033706927137428E-03   1.554682220532932E-02  -1.000000000000000E+05
  5.779721463052591E-01   4.045135759621366E-03   3.092330482644257E-02  -1.000000000000000E+05
  5.739084835648655E-01   6.012245135066622E-03   4.596098530798861E-02  -1.000000000000000E+05
  5.682818246948848E-01   7.913482991511765E-03   6.049510767577486E-02  -1.000000000000000E+05
  5.611538165473505E-01   9.728018969141959E-03   7.436643304367940E-02  -1.000000000000000E+05
  5.526025550711585E-01   1.143597263207023E-02   8.742298426820988E-02  -1.000000000000000E+05
  5.427217296765088E-01   1.301863128255325E-02   9.952171104189121E-02  -1.000000000000000E+05
  5.316195967541205E-01   1.445865498122373E-02   1.105300571823697E-01  -1.000000000000000E+05
  5.194177935955621E-01   1.574026652709467E-02   1.203274129456859E-01  -1.000000000000000E+05
  5.062500057096302E-01   1.684942431587510E-02   1.288064364518681E-01  -1.000000000000000E+05
  4.922605021359398E-01   1.777397618272491E-02   1.358742297450332E-01  -1.000000000000000E+05
  4.776025548031360E-01   1.850379254391598E-02   1.414533566028301E-01  -1.000000000000000E+05
  4.624367592495700E-01   1.903087737867123E-02   1.454826909438977E-01  -1.000000000000000E+05
  4.469292751049732E-01   1.934945583524147E-02   1.479180865380026E-01  -1.000000000000000E+05
  4.312500056107831E-01   1.945603750138971E-02   1.487328606813766E-01   0.000000000000000E+00 7 RotatedCurve1 
  1.219625697880014E-01  -2.577617613181671E-01   1.480897390018938E-01  -1.000000000000000E+05
  1.142297206714599E-01  -2.441214501986290E-01   1.472775410391333E-01  -1.000000000000000E+05
  1.067975773053128E-01  -2.305058617408124E-01   1.448498457616954E-01  -1.000000000000000E+05
  9.974756780755521E-02  -2.170641711811051E-01   1.408332515070674E-01  -1.000000000000000E+05
  9.315693355755406E-02  -2.039436484941348E-01   1.352717649224294E-01  -1.000000000000000E+05
  8.709788292333154E-02  -1.912880448721055E-01   1.282263188186187E-01  -1.000000000000000E+05
  8.163680013157358E-02  -1.792360177566550E-01   1.197741045775030E-01  -1.000000000000000E+05
  7.683351794815221E-02  -1.679196116789100E-01   1.100077264270474E-01  -1.000000000000000E+05
  7.274066213781993E-02  -1.574628115519674E-01   9.903418685001456E-02  -1.000000000000000E+05
  6.940307488532022E-02  -1.479801842662451E-01   8.697371424237088E-02  -1.000000000000000E+05
  6.685732349502646E-02  -1.395756234706521E-01   7.395844566582217E-02  -1.000000000000000E+05
  6.513129975190317E-02  -1.323412112920324E-01   6.013097912651288E-02  -1.000000000000000E+05
  6.424391433327421E-02  -1.263562094641134E-01   4.564281124143139E-02  -1.000000000000000E+05
  6.420488961948291E-02  -1.216861909193636E-01   3.065267740977037E-02  -1.000000000000000E+05
  6.501465317346021E-02  -1.183823213582237E-01   1.532481267467688E-02  -1.000000000000000E+05
  6.666433305625472E-02  -1.164807986669845E-01  -1.728476702496113E-04  -1.000000000000000E+05
  6.913585502985309E-02  -1.160024563261705E-01  -1.567050801517597E-02  -1.000000000000000E+05
  7.240214058231308E-02  -1.169525351545675E-01  -3.099837275026939E-02  -1.000000000000000E+05
  7.642740360560793E-02  -1.193206258897142E-01  -4.598850658193047E-02  -1.000000000000000E+05
  8.116754247571391E-02  -1.230807832339620E-01  -6.047667446701203E-02  -1.000000000000000E+05
  8.657062323923233E-02  -1.281918101165838E-01  -7.430414100632121E-02  -1.000000000000000E+05
  9.257744861265046E-02  -1.345977090575023E-01  -8.731940958287000E-02  -1.000000000000000E+05
  9.912220656016862E-02  -1.422282956874001E-01  -9.937988219051359E-02  -1.000000000000000E+05
  1.061331913441349E-01  -1.509999677023573E-01  -1.103534217675466E-01  -1.000000000000000E+05
  1.135335891481132E-01  -1.608166208281879E-01  -1.201197999180022E-01  -1.000000000000000E+05
  1.212423196651305E-01  -1.715707017589782E-01  -1.285720141591179E-01  -1.000000000000000E+05
  1.291749244304867E-01  -1.831443865336144E-01  -1.356174602629286E-01  -1.000000000000000E+05
  1.372444921663681E-01  -1.954108714397564E-01  -1.411789468475665E-01  -1.000000000000000E+05
  1.453626109999952E-01  -2.082357623018458E-01  -1.451955411021945E-01  -1.000000000000000E+05
  1.534403371226009E-01  -2.214785469318160E-01  -1.476232363796326E-01  -1.000000000000000E+05
  1.613891692764130E-01  -2.349941346100306E-01  -1.484354343423930E-01  -1.000000000000000E+05
  1.691220183929545E-01  -2.486344457295687E-01  -1.476232363796326E-01  -1.000000000000000E+05
  1.765541617591018E-01  -2.622500341873857E-01  -1.451955411021946E-01  -1.000000000000000E+05
  1.836041712568593E-01  -2.756917247470926E-01  -1.411789468475666E-01  -1.000000000000000E+05
  1.901948055068604E-01  -2.888122474340630E-01  -1.356174602629286E-01  -1.000000000000000E+05
  1.962538561410830E-01  -3.014678510560927E-01  -1.285720141591179E-01  -1.000000000000000E+05
  2.017149389328408E-01  -3.135198781715428E-01  -1.201197999180022E-01  -1.000000000000000E+05
  2.065182211162624E-01  -3.248362842492881E-01  -1.103534217675467E-01  -1.000000000000000E+05
  2.106110769265944E-01  -3.352930843762304E-01  -9.937988219051376E-02  -1.000000000000000E+05
  2.139486641790943E-01  -3.447757116619530E-01  -8.731940958287011E-02  -1.000000000000000E+05
  2.164944155693880E-01  -3.531802724575459E-01  -7.430414100632138E-02  -1.000000000000000E+05
  2.182204393125113E-01  -3.604146846361654E-01  -6.047667446701208E-02  -1.000000000000000E+05
  2.191078247311404E-01  -3.663996864640845E-01  -4.598850658193061E-02  -1.000000000000000E+05
  2.191468494449316E-01  -3.710697050088343E-01  -3.099837275026958E-02  -1.000000000000000E+05
  2.183370858909543E-01  -3.743735745699744E-01  -1.567050801517633E-02  -1.000000000000000E+05
  2.166874060081598E-01  -3.762750972612133E-01  -1.728476702495918E-04  -1.000000000000000E+05
  2.142158840345614E-01  -3.767534396020274E-01   1.532481267467663E-02  -1.000000000000000E+05
  2.109495984821014E-01  -3.758033607736306E-01   3.065267740977039E-02  -1.000000000000000E+05
  2.069243354588067E-01  -3.734352700384836E-01   4.564281124143117E-02  -1.000000000000000E+05
  2.021841965887006E-01  -3.696751126942358E-01   6.013097912651288E-02  -1.000000000000000E+05
  1.967811158251823E-01  -3.645640858116142E-01   7.395844566582199E-02  -1.000000000000000E+05
  1.907742904517639E-01  -3.581581868706957E-01   8.697371424237092E-02  -1.000000000000000E+05
  1.842295325042459E-01  -3.505276002407979E-01   9.903418685001440E-02  -1.000000000000000E+05
  1.772185477202797E-01  -3.417559282258406E-01   1.100077264270474E-01  -1.000000000000000E+05
  1.698181499163013E-01  -3.319392751000102E-01   1.197741045775028E-01  -1.000000000000000E+05
  1.621094193992841E-01  -3.211851941692198E-01   1.282263188186187E-01  -1.000000000000000E+05
  1.541768146339279E-01  -3.096115093945835E-01   1.352717649224294E-01  -1.000000000000000E+05
  1.461072468980464E-01  -2.973450244884415E-01   1.408332515070674E-01  -1.000000000000000E+05
  1.379891280644195E-01  -2.845201336263524E-01   1.448498457616954E-01  -1.000000000000000E+05
  1.299114019418137E-01  -2.712773489963820E-01   1.472775410391333E-01  -1.000000000000000E+05
  1.219625697880014E-01  -2.577617613181671E-01   1.480897390018938E-01   0.000000000000000E+00 8 RotatedCurve2 
 -2.107457298859993E-01  -4.097355874195577E-01   1.502935345637178E-01  -1.000000000000000E+05
 -2.029922035764768E-01  -3.961071746941482E-01   1.494787310406942E-01  -1.000000000000000E+05
 -1.955077961528654E-01  -3.825216392060261E-01   1.470432476295307E-01  -1.000000000000000E+05
 -1.883745083491099E-01  -3.691278269249548E-01   1.430137679961373E-01  -1.000000000000000E+05
 -1.816704939591259E-01  -3.560724832611221E-01   1.374344399626005E-01  -1.000000000000000E+05
 -1.754692035674751E-01  -3.434986452917151E-01   1.303663918144052E-01  -1.000000000000000E+05
 -1.698385798093913E-01  -3.315440746167704E-01   1.218870625661470E-01  -1.000000000000000E+05
 -1.648403129770524E-01  -3.203397480142591E-01   1.120893535234838E-01  -1.000000000000000E+05
 -1.605291651278275E-01  -3.100084224310926E-01   1.010806104369891E-01  -1.000000000000000E+05
 -1.569523700997193E-01  -3.006632900323301E-01   8.898144739964656E-02  -1.000000000000000E+05
 -1.541491160075472E-01  -2.924067380441270E-01   7.592442537360557E-02  -1.000000000000000E+05
 -1.521501158897642E-01  -2.853292269778603E-01   6.205259982454110E-02  -1.000000000000000E+05
 -1.509772712099787E-01  -2.795082995258368E-01   4.751795337603492E-02  -1.000000000000000E+05
 -1.506434318999353E-01  -2.750077309873276E-01   3.247973065614698E-02  -1.000000000000000E+05
 -1.511522555729755E-01  -2.718768305330459E-01   1.710269357994692E-02  -1.000000000000000E+05
 -1.524981674504593E-01  -2.701499009635512E-01   1.555316183493404E-03  -1.000000000000000E+05
 -1.546664214402070E-01  -2.698458628805908E-01  -1.399206121296009E-02  -1.000000000000000E+05
 -1.576332616977705E-01  -2.709680473890252E-01  -2.936909828916008E-02  -1.000000000000000E+05
 -1.613661829004363E-01  -2.735041596005476E-01  -4.440732100904814E-02  -1.000000000000000E+05
 -1.658242863823442E-01  -2.774264133390535E-01  -5.894196745755427E-02  -1.000000000000000E+05
 -1.709587282288285E-01  -2.826918355717991E-01  -7.281379300661872E-02  -1.000000000000000E+05
 -1.767132544205683E-01  -2.892427372309425E-01  -8.587081503265967E-02  -1.000000000000000E+05
 -1.830248171643945E-01  -2.970073452670410E-01  -9.796997807000225E-02  -1.000000000000000E+05
 -1.898242656581060E-01  -3.059005890096031E-01  -1.089787211564970E-01  -1.000000000000000E+05
 -1.970371037211305E-01  -3.158250322191540E-01  -1.187764301991603E-01  -1.000000000000000E+05
 -2.045843059902654E-01  -3.266719406190668E-01  -1.272557594474183E-01  -1.000000000000000E+05
 -2.123831837380968E-01  -3.383224732110505E-01  -1.343238075956138E-01  -1.000000000000000E+05
 -2.203482908279989E-01  -3.506489843219966E-01  -1.399031356291505E-01  -1.000000000000000E+05
 -2.283923598798895E-01  -3.635164221166856E-01  -1.439326152625439E-01  -1.000000000000000E+05
 -2.364272583899062E-01  -3.767838082539537E-01  -1.463680986737074E-01  -1.000000000000000E+05
 -2.443649543285624E-01  -3.903057824749024E-01  -1.471829021967309E-01  -1.000000000000000E+05
 -2.521184806380850E-01  -4.039341952003124E-01  -1.463680986737075E-01  -1.000000000000000E+05
 -2.596028880616968E-01  -4.175197306884347E-01  -1.439326152625439E-01  -1.000000000000000E+05
 -2.667361758654520E-01  -4.309135429695057E-01  -1.399031356291506E-01  -1.000000000000000E+05
 -2.734401902554360E-01  -4.439688866333384E-01  -1.343238075956139E-01  -1.000000000000000E+05
 -2.796414806470869E-01  -4.565427246027457E-01  -1.272557594474184E-01  -1.000000000000000E+05
 -2.852721044051706E-01  -4.684972952776901E-01  -1.187764301991603E-01  -1.000000000000000E+05
 -2.902703712375097E-01  -4.797016218802018E-01  -1.089787211564970E-01  -1.000000000000000E+05
 -2.945815190867343E-01  -4.900329474633676E-01  -9.796997807000246E-02  -1.000000000000000E+05
 -2.981583141148428E-01  -4.993780798621303E-01  -8.587081503265984E-02  -1.000000000000000E+05
 -3.009615682070148E-01  -5.076346318503335E-01  -7.281379300661880E-02  -1.000000000000000E+05
 -3.029605683247977E-01  -5.147121429166003E-01  -5.894196745755436E-02  -1.000000000000000E+05
 -3.041334130045834E-01  -5.205330703686240E-01  -4.440732100904816E-02  -1.000000000000000E+05
 -3.044672523146267E-01  -5.250336389071329E-01  -2.936909828916028E-02  -1.000000000000000E+05
 -3.039584286415865E-01  -5.281645393614147E-01  -1.399206121296043E-02  -1.000000000000000E+05
 -3.026125167641025E-01  -5.298914689309092E-01   1.555316183493410E-03  -1.000000000000000E+05
 -3.004442627743550E-01  -5.301955070138697E-01   1.710269357994669E-02  -1.000000000000000E+05
 -2.974774225167917E-01  -5.290733225054355E-01   3.247973065614700E-02  -1.000000000000000E+05
 -2.937445013141257E-01  -5.265372102939129E-01   4.751795337603475E-02  -1.000000000000000E+05
 -2.892863978322177E-01  -5.226149565554070E-01   6.205259982454103E-02  -1.000000000000000E+05
 -2.841519559857333E-01  -5.173495343226613E-01   7.592442537360553E-02  -1.000000000000000E+05
 -2.783974297939936E-01  -5.107986326635182E-01   8.898144739964650E-02  -1.000000000000000E+05
 -2.720858670501675E-01  -5.030340246274195E-01   1.010806104369891E-01  -1.000000000000000E+05
 -2.652864185564558E-01  -4.941407808848574E-01   1.120893535234837E-01  -1.000000000000000E+05
 -2.580735804934315E-01  -4.842163376753067E-01   1.218870625661469E-01  -1.000000000000000E+05
 -2.505263782242966E-01  -4.733694292753937E-01   1.303663918144052E-01  -1.000000000000000E+05
 -2.427275004764653E-01  -4.617188966834103E-01   1.374344399626005E-01  -1.000000000000000E+05
 -2.347623933865630E-01  -4.493923855724639E-01   1.430137679961373E-01  -1.000000000000000E+05
 -2.267183243346724E-01  -4.365249477777752E-01   1.470432476295306E-01  -1.000000000000000E+05
 -2.186834258246561E-01  -4.232575616405071E-01   1.494787310406942E-01  -1.000000000000000E+05
 -2.107457298859993E-01  -4.097355874195577E-01   1.502935345637178E-01   0.000000000000000E+00 9 RotatedCurve3 
 -2.819597099900144E-01   2.277018789891581E-02   1.482616818859845E-01  -1.000000000000000E+05
 -2.662804405010788E-01   2.264545014858391E-02   1.474494890427014E-01  -1.000000000000000E+05
 -2.507729563721877E-01   2.227260385532258E-02   1.450218090676055E-01  -1.000000000000000E+05
 -2.356071608446058E-01   2.165573400114391E-02   1.410052401305285E-01  -1.000000000000000E+05
 -2.209492135477810E-01   2.080159914125860E-02   1.354437886012660E-01  -1.000000000000000E+05
 -2.069597100196698E-01   1.971955735593073E-02   1.283983869065815E-01  -1.000000000000000E+05
 -1.937919221884176E-01   1.842146372139220E-02   1.199462259417868E-01  -1.000000000000000E+05
 -1.815901190930407E-01   1.692154042314654E-02   1.101799093511407E-01  -1.000000000000000E+05
 -1.704879862416433E-01   1.523622093472845E-02   9.920643894294316E-02  -1.000000000000000E+05
 -1.606071609250163E-01   1.338396996912886E-02   8.714604235533321E-02  -1.000000000000000E+05
 -1.520558995330239E-01   1.138508117553526E-02   7.413085581712467E-02  -1.000000000000000E+05
 -1.449278914749435E-01   9.261454797864638E-03   6.030347643563280E-02  -1.000000000000000E+05
 -1.393012326986910E-01   7.036357731108198E-03   4.581539987292690E-02  -1.000000000000000E+05
 -1.352375700552729E-01   4.734168604360765E-03   3.082536052765246E-02  -1.000000000000000E+05
 -1.327814258829867E-01   2.380110683459054E-03   1.549759240774391E-02  -1.000000000000000E+05
 -1.319597102113653E-01  -2.448039725681253E-08   2.974826462322908E-08  -1.000000000000000E+05
 -1.327814259292617E-01  -2.380159628277645E-03  -1.549753291121457E-02  -1.000000000000000E+05
 -1.352375701473158E-01  -4.734217501426627E-03  -3.082530103112305E-02  -1.000000000000000E+05
 -1.393012328354934E-01  -7.036406549167734E-03  -4.581534037639758E-02  -1.000000000000000E+05
 -1.449278916550066E-01  -9.261503506529845E-03  -6.030341693910349E-02  -1.000000000000000E+05
 -1.520558997543749E-01  -1.138512974561665E-02  -7.413079632059523E-02  -1.000000000000000E+05
 -1.606071611852298E-01  -1.338401837295536E-02  -8.714598285880394E-02  -1.000000000000000E+05
 -1.704879865378686E-01  -1.523626914645048E-02  -9.920637944641379E-02  -1.000000000000000E+05
 -1.815901194220323E-01  -1.692158841901924E-02  -1.101798498546113E-01  -1.000000000000000E+05
 -1.937919225465706E-01  -1.842151148003563E-02  -1.199461664452574E-01  -1.000000000000000E+05
 -2.069597104030609E-01  -1.971960485856409E-02  -1.283983274100522E-01  -1.000000000000000E+05
 -2.209492139522094E-01  -2.080164637190594E-02  -1.354437291047367E-01  -1.000000000000000E+05
 -2.356071612656404E-01  -2.165578094680926E-02  -1.410051806339991E-01  -1.000000000000000E+05
 -2.507729568052153E-01  -2.227265050613228E-02  -1.450217495710761E-01  -1.000000000000000E+05
 -2.662804409413553E-01  -2.264549649789480E-02  -1.474494295461722E-01  -1.000000000000000E+05
 -2.819597104327159E-01  -2.277023394338800E-02  -1.482616223894552E-01  -1.000000000000000E+05
 -2.976389799216515E-01  -2.264549619305610E-02  -1.474494295461722E-01  -1.000000000000000E+05
 -3.131464640505429E-01  -2.227264989979478E-02  -1.450217495710761E-01  -1.000000000000000E+05
 -3.283122595781247E-01  -2.165578004561611E-02  -1.410051806339991E-01  -1.000000000000000E+05
 -3.429702068749492E-01  -2.080164518573079E-02  -1.354437291047368E-01  -1.000000000000000E+05
 -3.569597104030608E-01  -1.971960340040294E-02  -1.283983274100522E-01  -1.000000000000000E+05
 -3.701274982343129E-01  -1.842150976586439E-02  -1.199461664452575E-01  -1.000000000000000E+05
 -3.823293013296898E-01  -1.692158646761873E-02  -1.101798498546114E-01  -1.000000000000000E+05
 -3.934314341810869E-01  -1.523626697920065E-02  -9.920637944641400E-02  -1.000000000000000E+05
 -4.033122594977140E-01  -1.338401601360104E-02  -8.714598285880391E-02  -1.000000000000000E+05
 -4.118635208897062E-01  -1.138512722000745E-02  -7.413079632059541E-02  -1.000000000000000E+05
 -4.189915289477866E-01  -9.261500842336840E-03  -6.030341693910362E-02  -1.000000000000000E+05
 -4.246181877240396E-01  -7.036403775580399E-03  -4.581534037639759E-02  -1.000000000000000E+05
 -4.286818503674574E-01  -4.734214648832964E-03  -3.082530103112325E-02  -1.000000000000000E+05
 -4.311379945397438E-01  -2.380156727931288E-03  -1.549753291121495E-02  -1.000000000000000E+05
 -4.319597102113651E-01  -2.156407493022684E-08   2.974826467167241E-08  -1.000000000000000E+05
 -4.311379944934688E-01   2.380113583805435E-03   1.549759240774375E-02  -1.000000000000000E+05
 -4.286818502754147E-01   4.734171456954443E-03   3.082536052765243E-02  -1.000000000000000E+05
 -4.246181875872372E-01   7.036360504695541E-03   4.581539987292672E-02  -1.000000000000000E+05
 -4.189915287677239E-01   9.261457462057658E-03   6.030347643563279E-02  -1.000000000000000E+05
 -4.118635206683554E-01   1.138508370114445E-02   7.413085581712453E-02  -1.000000000000000E+05
 -4.033122592375006E-01   1.338397232848316E-02   8.714604235533313E-02  -1.000000000000000E+05
 -3.934314338848617E-01   1.523622310197829E-02   9.920643894294323E-02  -1.000000000000000E+05
 -3.823293010006985E-01   1.692154237454704E-02   1.101799093511405E-01  -1.000000000000000E+05
 -3.701274978761600E-01   1.842146543556343E-02   1.199462259417867E-01  -1.000000000000000E+05
 -3.569597100196700E-01   1.971955881409189E-02   1.283983869065814E-01  -1.000000000000000E+05
 -3.429702064705212E-01   2.080160032743374E-02   1.354437886012661E-01  -1.000000000000000E+05
 -3.283122591570901E-01   2.165573490233706E-02   1.410052401305284E-01  -1.000000000000000E+05
 -3.131464636175154E-01   2.227260446166009E-02   1.450218090676054E-01  -1.000000000000000E+05
 -2.976389794813751E-01   2.264545045342260E-02   1.474494890427014E-01  -1.000000000000000E+05
 -2.819597099900144E-01   2.277018789891581E-02   1.482616818859845E-01   0.000000000000000E+00 10 RotatedCurve4 
 -2.443651725511236E-01   3.903061147449712E-01   1.471828900093983E-01  -1.000000000000000E+05
 -2.364274774581128E-01   3.767841400275985E-01   1.463680864865584E-01  -1.000000000000000E+05
 -2.283925797753757E-01   3.635167533892187E-01   1.439326030759435E-01  -1.000000000000000E+05
 -2.203485115233341E-01   3.506493150942204E-01   1.399031234434579E-01  -1.000000000000000E+05
 -2.123834051970874E-01   3.383228034892491E-01   1.343237954111781E-01  -1.000000000000000E+05
 -2.045845281683516E-01   3.266722704149359E-01   1.272557472645751E-01  -1.000000000000000E+05
 -1.970373265658735E-01   3.158253615496750E-01   1.187764180182272E-01  -1.000000000000000E+05
 -1.898244891097633E-01   3.059009178968547E-01   1.089787089777712E-01  -1.000000000000000E+05
 -1.830250411565730E-01   2.970076737379599E-01   9.796996589375676E-02  -1.000000000000000E+05
 -1.767134788809543E-01   2.892430653170258E-01   8.587080285913982E-02  -1.000000000000000E+05
 -1.709589530799779E-01   2.826921633087604E-01   7.281378083604044E-02  -1.000000000000000E+05
 -1.658245115425308E-01   2.774267407664309E-01   5.894195529010103E-02  -1.000000000000000E+05
 -1.613664082845493E-01   2.735044867612725E-01   4.440730884486932E-02  -1.000000000000000E+05
 -1.576334872182452E-01   2.709683743289495E-01   2.936908612836926E-02  -1.000000000000000E+05
 -1.546666470079850E-01   2.698461896479858E-01   1.399204905563335E-02  -1.000000000000000E+05
 -1.524983929759634E-01   2.701502276085782E-01  -1.555328337317542E-03  -1.000000000000000E+05
 -1.511524809670918E-01   2.718771571072068E-01  -1.710270573026846E-02  -1.000000000000000E+05
 -1.506436570749896E-01   2.750080575429012E-01  -3.247974280300417E-02  -1.000000000000000E+05
 -1.509774960806967E-01   2.795086261153054E-01  -4.751796551950431E-02  -1.000000000000000E+05
 -1.521503403742065E-01   2.853295536533353E-01  -6.205261196473608E-02  -1.000000000000000E+05
 -1.541493400280056E-01   2.924070648567763E-01  -7.592443751067540E-02  -1.000000000000000E+05
 -1.569525935835696E-01   3.006636170318197E-01  -8.898145953377490E-02  -1.000000000000000E+05
 -1.605293880083253E-01   3.100087496650407E-01  -1.010806225683917E-01  -1.000000000000000E+05
 -1.648405351940625E-01   3.203400755277158E-01  -1.120893656524063E-01  -1.000000000000000E+05
 -1.698388013100487E-01   3.315444024517236E-01  -1.218870746928623E-01  -1.000000000000000E+05
 -1.754694243067632E-01   3.434989734866293E-01  -1.303664039392101E-01  -1.000000000000000E+05
 -1.816707139003697E-01   3.560728118505190E-01  -1.374344520858133E-01  -1.000000000000000E+05
 -1.883747274643776E-01   3.691281559390335E-01  -1.430137801180930E-01  -1.000000000000000E+05
 -1.955080144232751E-01   3.825219686703327E-01  -1.470432597505786E-01  -1.000000000000000E+05
 -2.029924209924036E-01   3.961075046292967E-01  -1.494787431611935E-01  -1.000000000000000E+05
 -2.107459464471792E-01   4.097359178410028E-01  -1.502935466840334E-01  -1.000000000000000E+05
 -2.186836415401901E-01   4.232578925583755E-01  -1.494787431611935E-01  -1.000000000000000E+05
 -2.267185392229275E-01   4.365252791967556E-01  -1.470432597505786E-01  -1.000000000000000E+05
 -2.347626074749686E-01   4.493927174917534E-01  -1.430137801180930E-01  -1.000000000000000E+05
 -2.427277138012153E-01   4.617192290967255E-01  -1.374344520858133E-01  -1.000000000000000E+05
 -2.505265908299511E-01   4.733697621710382E-01  -1.303664039392102E-01  -1.000000000000000E+05
 -2.580737924324294E-01   4.842166710362994E-01  -1.218870746928623E-01  -1.000000000000000E+05
 -2.652866298885396E-01   4.941411146891193E-01  -1.120893656524063E-01  -1.000000000000000E+05
 -2.720860778417298E-01   5.030343588480144E-01  -1.010806225683918E-01  -1.000000000000000E+05
 -2.783976401173486E-01   5.107989672689486E-01  -8.898145953377498E-02  -1.000000000000000E+05
 -2.841521659183252E-01   5.173498692772137E-01  -7.592443751067564E-02  -1.000000000000000E+05
 -2.892866074557718E-01   5.226152918195430E-01  -6.205261196473621E-02  -1.000000000000000E+05
 -2.937447107137537E-01   5.265375458247017E-01  -4.751796551950443E-02  -1.000000000000000E+05
 -2.974776317800576E-01   5.290736582570249E-01  -3.247974280300443E-02  -1.000000000000000E+05
 -3.004444719903180E-01   5.301958429379887E-01  -1.710270573026875E-02  -1.000000000000000E+05
 -3.026127260223395E-01   5.298918049773960E-01  -1.555328337317548E-03  -1.000000000000000E+05
 -3.039586380312112E-01   5.281648754787673E-01   1.399204905563319E-02  -1.000000000000000E+05
 -3.044674619233134E-01   5.250339750430727E-01   2.936908612836921E-02  -1.000000000000000E+05
 -3.041336229176062E-01   5.205334064706688E-01   4.440730884486914E-02  -1.000000000000000E+05
 -3.029607786240964E-01   5.147124789326389E-01   5.894195529010104E-02  -1.000000000000000E+05
 -3.009617789702974E-01   5.076349677291978E-01   7.281378083604030E-02  -1.000000000000000E+05
 -2.981585254147333E-01   4.993784155541545E-01   8.587080285913973E-02  -1.000000000000000E+05
 -2.945817309899778E-01   4.900332829209332E-01   9.796996589375664E-02  -1.000000000000000E+05
 -2.902705838042404E-01   4.797019570582585E-01   1.089787089777711E-01  -1.000000000000000E+05
 -2.852723176882542E-01   4.684976301342509E-01   1.187764180182271E-01  -1.000000000000000E+05
 -2.796416946915398E-01   4.565430590993450E-01   1.272557472645750E-01  -1.000000000000000E+05
 -2.734404050979333E-01   4.439692207354551E-01   1.343237954111781E-01  -1.000000000000000E+05
 -2.667363915339251E-01   4.309138766469405E-01   1.399031234434579E-01  -1.000000000000000E+05
 -2.596031045750279E-01   4.175200639156417E-01   1.439326030759435E-01  -1.000000000000000E+05
 -2.521186980058993E-01   4.039345279566777E-01   1.463680864865584E-01  -1.000000000000000E+05
 -2.443651725511236E-01   3.903061147449712E-01   1.471828900093983E-01   0.000000000000000E+00 11 RotatedCurve5 
  1.613890630996254E-01   2.349942104095439E-01   1.484354800845716E-01  -1.000000000000000E+05
  1.534402303991735E-01   2.214786230528271E-01   1.476232821217077E-01  -1.000000000000000E+05
  1.453625037421334E-01   2.082358387489039E-01   1.451955868439607E-01  -1.000000000000000E+05
  1.372443843921325E-01   1.954109482138373E-01   1.411789925888213E-01  -1.000000000000000E+05
  1.291748161635954E-01   1.831444636321123E-01   1.356175060034753E-01  -1.000000000000000E+05
  1.212422109346999E-01   1.715707791757322E-01   1.285720598987677E-01  -1.000000000000000E+05
  1.135334799883373E-01   1.608166985535504E-01   1.201198456565758E-01  -1.000000000000000E+05
  1.061330817939127E-01   1.510000457232998E-01   1.103534675048768E-01  -1.000000000000000E+05
  9.912209666267607E-02   1.422283739876547E-01   9.937992792644676E-02  -1.000000000000000E+05
  9.257733841486890E-02   1.345977876177420E-01   8.731945531726765E-02  -1.000000000000000E+05
  8.657051279143255E-02   1.281918889146328E-01   7.430418673906192E-02  -1.000000000000000E+05
  8.116743183090647E-02   1.230808622450386E-01   6.047672019799220E-02  -1.000000000000000E+05
  7.642729281896186E-02   1.193207050867034E-01   4.598855231106604E-02  -1.000000000000000E+05
  7.240202971055112E-02   1.169526145083165E-01   3.099841847749659E-02  -1.000000000000000E+05
  6.913574413063059E-02   1.160025358058102E-01   1.567055374045163E-02  -1.000000000000000E+05
  6.666422218752809E-02   1.164808782402655E-01   1.728933935520947E-04  -1.000000000000000E+05
  6.501454239285127E-02   1.183824009918709E-01  -1.532476695334740E-02  -1.000000000000000E+05
  6.420477898364871E-02   1.216862705794410E-01  -3.065263169039229E-02  -1.000000000000000E+05
  6.424380389728487E-02   1.263562891163945E-01  -4.564276552396185E-02  -1.000000000000000E+05
  6.513118956864024E-02   1.323412909023773E-01  -6.013093341088792E-02  -1.000000000000000E+05
  6.685721361460160E-02   1.395757030053794E-01  -7.395839995195759E-02  -1.000000000000000E+05
  6.940296535452761E-02   1.479802636925022E-01  -8.697366853016351E-02  -1.000000000000000E+05
  7.274055299962304E-02   1.574628908380905E-01  -9.903414113934245E-02  -1.000000000000000E+05
  7.683340924121314E-02   1.679196907947697E-01  -1.100076807177726E-01  -1.000000000000000E+05
  8.163669188982949E-02   1.792360966739885E-01  -1.197740588694715E-01  -1.000000000000000E+05
  8.709777517562281E-02   1.912881235648240E-01  -1.282262731116634E-01  -1.000000000000000E+05
  9.315682632730830E-02   2.039437269386112E-01  -1.352717192163711E-01  -1.000000000000000E+05
  9.974746111253044E-02   2.170642493564318E-01  -1.408332058017171E-01  -1.000000000000000E+05
  1.067974711574034E-01   2.305059396290305E-01  -1.448498000568565E-01  -1.000000000000000E+05
  1.142296150765658E-01   2.441215277849260E-01  -1.472774953346035E-01  -1.000000000000000E+05
  1.219624647459633E-01   2.577618385910371E-01  -1.480896932974674E-01  -1.000000000000000E+05
  1.299112974464155E-01   2.712774259477539E-01  -1.472774953346035E-01  -1.000000000000000E+05
  1.379890241034556E-01   2.845202102516779E-01  -1.448498000568564E-01  -1.000000000000000E+05
  1.461071434534564E-01   2.973451007867436E-01  -1.408332058017171E-01  -1.000000000000000E+05
  1.541767116819933E-01   3.096115853684688E-01  -1.352717192163712E-01  -1.000000000000000E+05
  1.621093169108892E-01   3.211852698248490E-01  -1.282262731116634E-01  -1.000000000000000E+05
  1.698180478572514E-01   3.319393504470309E-01  -1.197740588694717E-01  -1.000000000000000E+05
  1.772184460516764E-01   3.417560032772816E-01  -1.100076807177726E-01  -1.000000000000000E+05
  1.842294311829127E-01   3.505276750129265E-01  -9.903414113934259E-02  -1.000000000000000E+05
  1.907741894307200E-01   3.581582613828392E-01  -8.697366853016353E-02  -1.000000000000000E+05
  1.967810150541563E-01   3.645641600859486E-01  -7.395839995195770E-02  -1.000000000000000E+05
  2.021840960146823E-01   3.696751867555424E-01  -6.013093341088806E-02  -1.000000000000000E+05
  2.069242350266270E-01   3.734353439138780E-01  -4.564276552396191E-02  -1.000000000000000E+05
  2.109494981350377E-01   3.758034344922646E-01  -3.065263169039245E-02  -1.000000000000000E+05
  2.142157837149583E-01   3.767535131947711E-01  -1.532476695334772E-02  -1.000000000000000E+05
  2.166873056580608E-01   3.762751707603156E-01   1.728933935520613E-04  -1.000000000000000E+05
  2.183369854527376E-01   3.743736480087105E-01   1.567055374045145E-02  -1.000000000000000E+05
  2.191467488619404E-01   3.710697784211403E-01   3.099841847749656E-02  -1.000000000000000E+05
  2.191077239483039E-01   3.663997598841866E-01   4.598855231106597E-02  -1.000000000000000E+05
  2.182203382769487E-01   3.604147580982039E-01   6.047672019799210E-02  -1.000000000000000E+05
  2.164943142309873E-01   3.531803459952020E-01   7.430418673906179E-02  -1.000000000000000E+05
  2.139485624910613E-01   3.447757853080790E-01   8.731945531726758E-02  -1.000000000000000E+05
  2.106109748459658E-01   3.352931581624908E-01   9.937992792644673E-02  -1.000000000000000E+05
  2.065181186043758E-01   3.248363582058116E-01   1.103534675048767E-01  -1.000000000000000E+05
  2.017148359557594E-01   3.135199523265928E-01   1.201198456565757E-01  -1.000000000000000E+05
  1.962537526699663E-01   3.014679254357574E-01   1.285720598987676E-01  -1.000000000000000E+05
  1.901947015182806E-01   2.888123220619701E-01   1.356175060034752E-01  -1.000000000000000E+05
  1.836040667330586E-01   2.756917996441493E-01   1.411789925888212E-01  -1.000000000000000E+05
  1.765540566881856E-01   2.622501093715510E-01   1.451955868439607E-01  -1.000000000000000E+05
  1.691219127690233E-01   2.486345212156555E-01   1.476232821217077E-01  -1.000000000000000E+05
  1.613890630996254E-01   2.349942104095439E-01   1.484354800845716E-01   0.000000000000000E+00 12 RotatedCurve6 
end 
