# Total number of coils 
  40 
#------------1----------- 
# coil_type  symm  coil_name 
  1   2  CurveXYZFourier1 
# Nseg current Ifree Length Lfree target_length 
  192   9.778727815621039E+06 0   3.501081180414978E+01 0   3.501081180414978E+01 
# NFcoil 
  12 
# Fourier harmonics for coils ( xc; xs; yc; ys; zc; zs) 
  1.390897569826389E+01   3.754255088276372E+00   4.147809971534772E-01  -4.652557788134597E-01   3.873502766561804E-01   6.783402760534271E-02  -1.721548284177823E-02  -5.659120532817321E-03   1.145271060675089E-01  -4.342205453637684E-02   2.782861001695646E-02   5.455896728503086E-03   4.075594761894472E-02 
  0.000000000000000E+00  -2.628823699218930E-02   8.448105428276984E-02  -2.685866509598336E-01  -3.360842324878636E-02   5.056413329723226E-02  -5.444324975936003E-02  -7.610744873442591E-03   1.587119934862001E-02   7.289679131340078E-03   3.456635229390877E-02   8.271789319735904E-03  -1.825797339810167E-02 
  1.334780805838800E+00   6.030676914514629E-01  -1.773938604977907E-01  -1.456962426956298E-01   1.908477808111679E-02  -6.859129810480689E-02   1.014704612966915E-01  -4.289265955944506E-02  -1.873138282444329E-02   2.474370652619355E-02   1.231125818904303E-02  -3.833174036344762E-02   1.090642795034077E-02 
  0.000000000000000E+00  -1.815030663422009E+00   1.223875601426727E+00  -5.684374929061455E-01   3.002165307032165E-01  -1.531387324874734E-01   8.227893922598432E-02  -6.340584029414320E-02   1.940058702838405E-02  -2.948087585511857E-02   3.198416540108003E-02  -3.537599024736967E-02  -4.910523500224643E-03 
 -3.456390507509255E-01  -1.940780984141760E-01   1.831189951468504E-01  -1.129090179972181E-01   9.451978668670581E-02   6.903265098970643E-02  -3.181822260911259E-02   5.046528086424695E-02   4.602255754112211E-02  -2.729912642442987E-02   1.074003777611884E-02  -2.693014600885406E-02  -4.190784975412282E-02 
  0.000000000000000E+00  -5.677337987574044E+00   6.949880304234969E-02  -1.649958732088407E-01  -1.583680366179765E-02  -2.942230230105918E-01   8.454358126149679E-02  -7.143014787777716E-02  -1.762988026208813E-02  -5.569714712138978E-02   7.121744952815100E-03  -4.853326206018281E-02  -3.839760619300486E-03 
#------------2----------- 
# coil_type  symm  coil_name 
  1   2  CurveXYZFourier2 
# Nseg current Ifree Length Lfree target_length 
  192   9.573911467971222E+06 0   3.418136261548439E+01 0   3.418136261548439E+01 
# NFcoil 
  12 
# Fourier harmonics for coils ( xc; xs; yc; ys; zc; zs) 
  1.272472050347097E+01   3.615669130937646E+00   6.820345673978262E-01  -8.107783535275254E-02   1.836026475902336E-01  -6.104265240325694E-02  -1.853547292493809E-02   7.204295318865171E-02  -3.035313402652792E-02   5.902871705285626E-02   2.256944087551333E-02   1.287974859872469E-02   2.285760459721285E-02 
  0.000000000000000E+00  -1.592031266574342E-01   5.308544851050394E-01  -4.613038130158031E-01   1.880819198615147E-01   4.287294114915729E-02   4.073424176241506E-03  -1.963539424184017E-02   2.219824639626863E-02  -3.721934845147126E-02  -3.204276496708194E-02  -2.140298568509895E-02  -1.206555452704211E-02 
  3.177774816249726E+00   1.855015468409609E+00  -8.626250337315728E-01   4.522402271254962E-01  -1.100667729314411E-01   4.098819484520280E-02  -1.084506407157877E-01   9.947375410661875E-02  -8.410418466473363E-02   4.738562042603545E-02  -4.886940333822443E-02   2.522648362448108E-02  -2.469447108670473E-02 
  0.000000000000000E+00  -1.552171700618184E+00   8.269577989574223E-01  -6.181214383809833E-01   1.585622791726733E-01  -8.164727256130440E-02   1.409881987731773E-02  -4.158835628386006E-02  -6.195174891210524E-03  -2.151789787444757E-02  -2.513303630858058E-02   1.698625769918444E-02  -2.132289649541801E-02 
 -1.228314823525598E+00   1.646100400273401E-01  -1.483069350369690E-01  -3.754027603831393E-01  -1.694072678094174E-01   1.155586738849053E-01  -1.184233263068994E-01   1.540585843531125E-03  -4.877420339560722E-02  -2.847281920255459E-02  -1.135235788364262E-02  -2.328627610827151E-02   2.963578722982085E-02 
  0.000000000000000E+00  -5.092699069186605E+00  -1.703746235615189E-02  -1.079465620583245E-01   4.618643753649481E-03  -3.094990726578560E-03  -3.799767119012572E-02  -7.204190027341995E-02  -5.526055846763780E-03  -2.770337090104158E-02  -3.689515141919506E-02  -2.047479195512138E-03  -1.577132881580783E-02 
#------------3----------- 
# coil_type  symm  coil_name 
  1   2  CurveXYZFourier3 
# Nseg current Ifree Length Lfree target_length 
  192   9.533930507012473E+06 0   3.300695088343409E+01 0   3.300695088343409E+01 
# NFcoil 
  12 
# Fourier harmonics for coils ( xc; xs; yc; ys; zc; zs) 
  1.104402434343035E+01   3.139356480445704E+00   6.208048635669464E-01  -1.036194297929724E-01  -7.903364088785728E-02  -1.296319837007215E-01   2.366167923393040E-02  -4.062017310912400E-02   1.811202907054743E-02  -1.356906896839671E-02   5.224430528243217E-02  -4.958476591963402E-02   3.040780660070979E-02 
  0.000000000000000E+00  -2.194650230463058E-01   6.793313648570199E-01  -7.294030788999983E-01   1.299084897192577E-01  -6.444779516046306E-02   4.518557250582476E-02   9.271106666109530E-02  -3.611286453572188E-02   7.579623646714105E-04   1.331915690202611E-02  -7.060911014898287E-03  -5.751114358126870E-03 
  4.322694547927860E+00   3.055013721486239E+00  -1.039383392638707E+00   3.518808500022191E-01  -8.704673099748265E-02   9.766444892279377E-02   6.770834496961531E-02  -7.719173530443657E-02  -6.562779828400289E-02   8.917079143908664E-03  -2.689109650364416E-02   5.715060235709941E-05   2.833598025433120E-02 
  0.000000000000000E+00  -4.380601350725778E-01  -1.106097488722790E-01  -8.187864596092800E-03   2.304380964358245E-01   5.544968756308283E-03  -1.028164953583013E-01  -7.737951432882087E-02   4.684248635055548E-02  -5.143035898156718E-02   7.215966953985649E-02  -1.434851831838962E-02   1.268589904001291E-02 
 -1.419211060128144E+00   9.078106026491131E-02  -8.867819690729287E-02  -3.762772992398688E-01  -9.582163077021226E-02  -5.678713533658734E-02   4.000568897240099E-03   4.619619677852799E-02   7.798655387800975E-02  -4.528525534278768E-03   7.903858770629374E-03  -1.637350973655573E-02  -4.536751335757332E-04 
  0.000000000000000E+00  -4.323429971921365E+00   1.918479195814700E-01  -7.856058369949395E-02   3.350954197834110E-02   2.338647312706220E-01   1.148232319587969E-01   5.538674169817274E-02   1.221964812613331E-02  -6.340461761038410E-02  -7.391740831917059E-03   6.929028871154192E-03  -1.216948472897519E-02 
#------------4----------- 
# coil_type  symm  coil_name 
  1   2  CurveXYZFourier4 
# Nseg current Ifree Length Lfree target_length 
  192   9.440064221533343E+06 0   3.711910279807762E+01 0   3.711910279807762E+01 
# NFcoil 
  12 
# Fourier harmonics for coils ( xc; xs; yc; ys; zc; zs) 
  9.712293040569909E+00   2.716715355052437E+00   1.326237893624388E-01   3.927106815006626E-01  -5.229431385825202E-02   3.704011180458702E-02  -1.398825400621712E-01   6.830886844576699E-02   2.314247346434899E-02  -3.039546649013283E-02   4.608950343970444E-02   5.084425071316167E-03  -1.855151098034732E-02 
  0.000000000000000E+00  -4.651646846325028E-01   1.130194285370282E+00  -7.942670188860521E-01   6.489536381488289E-03  -1.163056851280940E-01   7.563851513786513E-02   7.509906702334854E-02  -8.474755504057319E-03  -5.580060831154274E-02   3.787962366718448E-02   4.772599883843447E-03  -4.025430467054425E-02 
  6.428426542041836E+00   3.209626011011638E+00  -1.782644068218628E+00   1.974557175498757E-01  -4.134138770025690E-01  -1.118345027011831E-02  -8.633356275705316E-03   6.661866727862188E-02   1.407128908479140E-03   1.713225266988497E-02   4.829878508960882E-02  -2.530552693616602E-02   2.281175930165918E-02 
  0.000000000000000E+00  -9.416345230077148E-01  -5.796192029265336E-01   2.408453918933141E-01  -1.899495624655210E-02   2.808560810667633E-01   5.353545957829625E-02   9.356033598328523E-02   2.437891569711019E-02  -3.755100082129120E-03  -8.486875666199043E-03   2.259470709220163E-02  -2.046106943623256E-02 
 -5.904815654119632E-01   1.144960288741259E+00   1.487027997871690E-01  -6.183630119372479E-01  -1.433510278270270E-01  -7.583604706361227E-02   8.120571490314368E-02  -8.398402228157879E-02  -7.550057410983223E-03   2.595717755510607E-02  -4.607786572506773E-02   3.015335151613414E-02  -2.535974389372015E-02 
  0.000000000000000E+00  -3.937729917433521E+00  -1.612759770331433E-01  -4.105072015899739E-01   4.220900620550239E-02   5.860964118871333E-02  -6.808672617829182E-03   5.202555162776385E-02   1.150828319583016E-02   1.741388994821508E-03  -2.396152181569407E-02   4.343850653327455E-02  -2.167554636102892E-02 
#------------5----------- 
# coil_type  symm  coil_name 
  1   2  CurveXYZFourier5 
# Nseg current Ifree Length Lfree target_length 
  192   1.025478070595101E+07 0   3.792429273369410E+01 0   3.792429273369410E+01 
# NFcoil 
  12 
# Fourier harmonics for coils ( xc; xs; yc; ys; zc; zs) 
  8.623152510491156E+00   2.903477291392731E+00  -6.689769029018103E-01   5.051084536533018E-01   2.073693850674481E-01   2.662758286654304E-01  -8.379547107215914E-02   1.051931200126181E-01   4.173007826741992E-02  -7.230707475660343E-04  -2.429900959416284E-02   5.375508775819789E-02  -2.186811290326210E-02 
  0.000000000000000E+00  -1.479889471817843E-01   1.648337746873215E+00  -3.971843798476897E-01   3.984842561530115E-01  -5.382586383549831E-02  -4.788189709683846E-02   5.856248068485174E-02  -4.954785560224310E-02   2.572841775126377E-02  -4.706071359727553E-02   6.571683954895821E-02  -3.149604576300927E-02 
  7.878274885640892E+00   3.460368987799319E+00  -1.487728842927363E+00   3.752795630123137E-01  -2.502981924769517E-01  -1.292497205264594E-01  -2.874254371297542E-02  -6.971034310275667E-02   3.801806688920477E-02  -1.576076717377103E-02   9.964521481930329E-02  -4.941608355193059E-02   3.343332667246412E-02 
  0.000000000000000E+00  -7.894136931224283E-01  -1.129343611470170E+00  -1.016787001614708E-01  -3.624638979717679E-01  -1.153006286894076E-01  -1.706609725132115E-02   8.632197986310593E-02   1.512427297988055E-02  -1.359606395826299E-03  -7.346559693151795E-03   1.635788223535829E-02  -3.329950954188224E-02 
  1.227082213616888E-01   7.730388232766691E-01   5.488807066641843E-02  -5.104035674825125E-01  -8.672331798063281E-02   2.538988048217420E-01   3.695915974720135E-02   3.379392853193026E-02   5.110797212612785E-02   1.631539504919224E-01  -7.859741150541910E-02   5.030122865087688E-02  -7.597863948627230E-03 
  0.000000000000000E+00  -2.731638770895608E+00   6.207321037259661E-01  -3.360320820134574E-01   1.747040802358795E-01   2.094912152079285E-01   1.028021523849739E-01  -4.263711288218695E-02   6.436869283737524E-02  -6.311153267179207E-04  -7.426301085624086E-02   4.087333818598643E-02  -1.832550592403614E-02 
#------------6----------- 
# coil_type  symm  coil_name 
  1   2  RotatedCurve1 
# Nseg current Ifree Length Lfree target_length 
  192  -9.778727815621039E+06 0   3.501081180414978E+01 0   3.501081180414978E+01 
# NFcoil 
  12 
# Fourier harmonics for coils ( xc; xs; yc; ys; zc; zs) 
  1.390897569826389E+01   3.754255088276372E+00   4.147809971534772E-01  -4.652557788134597E-01   3.873502766561804E-01   6.783402760534271E-02  -1.721548284177823E-02  -5.659120532817321E-03   1.145271060675089E-01  -4.342205453637684E-02   2.782861001695646E-02   5.455896728503086E-03   4.075594761894472E-02 
  0.000000000000000E+00  -2.628823699218930E-02   8.448105428276984E-02  -2.685866509598336E-01  -3.360842324878636E-02   5.056413329723226E-02  -5.444324975936003E-02  -7.610744873442591E-03   1.587119934862001E-02   7.289679131340078E-03   3.456635229390877E-02   8.271789319735904E-03  -1.825797339810167E-02 
  1.334780805838800E+00   6.030676914514629E-01  -1.773938604977907E-01  -1.456962426956298E-01   1.908477808111679E-02  -6.859129810480689E-02   1.014704612966915E-01  -4.289265955944506E-02  -1.873138282444329E-02   2.474370652619355E-02   1.231125818904303E-02  -3.833174036344762E-02   1.090642795034077E-02 
  0.000000000000000E+00  -1.815030663422009E+00   1.223875601426727E+00  -5.684374929061455E-01   3.002165307032165E-01  -1.531387324874734E-01   8.227893922598432E-02  -6.340584029414320E-02   1.940058702838405E-02  -2.948087585511857E-02   3.198416540108003E-02  -3.537599024736967E-02  -4.910523500224643E-03 
 -3.456390507509255E-01  -1.940780984141760E-01   1.831189951468504E-01  -1.129090179972181E-01   9.451978668670581E-02   6.903265098970643E-02  -3.181822260911259E-02   5.046528086424695E-02   4.602255754112211E-02  -2.729912642442987E-02   1.074003777611884E-02  -2.693014600885406E-02  -4.190784975412282E-02 
  0.000000000000000E+00  -5.677337987574044E+00   6.949880304234969E-02  -1.649958732088407E-01  -1.583680366179765E-02  -2.942230230105918E-01   8.454358126149679E-02  -7.143014787777716E-02  -1.762988026208813E-02  -5.569714712138978E-02   7.121744952815100E-03  -4.853326206018281E-02  -3.839760619300486E-03 
#------------7----------- 
# coil_type  symm  coil_name 
  1   2  RotatedCurve2 
# Nseg current Ifree Length Lfree target_length 
  192  -9.573911467971222E+06 0   3.418136261548439E+01 0   3.418136261548439E+01 
# NFcoil 
  12 
# Fourier harmonics for coils ( xc; xs; yc; ys; zc; zs) 
  1.272472050347097E+01   3.615669130937646E+00   6.820345673978262E-01  -8.107783535275254E-02   1.836026475902336E-01  -6.104265240325694E-02  -1.853547292493809E-02   7.204295318865171E-02  -3.035313402652792E-02   5.902871705285626E-02   2.256944087551333E-02   1.287974859872469E-02   2.285760459721285E-02 
  0.000000000000000E+00  -1.592031266574342E-01   5.308544851050394E-01  -4.613038130158031E-01   1.880819198615147E-01   4.287294114915729E-02   4.073424176241506E-03  -1.963539424184017E-02   2.219824639626863E-02  -3.721934845147126E-02  -3.204276496708194E-02  -2.140298568509895E-02  -1.206555452704211E-02 
  3.177774816249726E+00   1.855015468409609E+00  -8.626250337315728E-01   4.522402271254962E-01  -1.100667729314411E-01   4.098819484520280E-02  -1.084506407157877E-01   9.947375410661875E-02  -8.410418466473363E-02   4.738562042603545E-02  -4.886940333822443E-02   2.522648362448108E-02  -2.469447108670473E-02 
  0.000000000000000E+00  -1.552171700618184E+00   8.269577989574223E-01  -6.181214383809833E-01   1.585622791726733E-01  -8.164727256130440E-02   1.409881987731773E-02  -4.158835628386006E-02  -6.195174891210524E-03  -2.151789787444757E-02  -2.513303630858058E-02   1.698625769918444E-02  -2.132289649541801E-02 
 -1.228314823525598E+00   1.646100400273401E-01  -1.483069350369690E-01  -3.754027603831393E-01  -1.694072678094174E-01   1.155586738849053E-01  -1.184233263068994E-01   1.540585843531125E-03  -4.877420339560722E-02  -2.847281920255459E-02  -1.135235788364262E-02  -2.328627610827151E-02   2.963578722982085E-02 
  0.000000000000000E+00  -5.092699069186605E+00  -1.703746235615189E-02  -1.079465620583245E-01   4.618643753649481E-03  -3.094990726578560E-03  -3.799767119012572E-02  -7.204190027341995E-02  -5.526055846763780E-03  -2.770337090104158E-02  -3.689515141919506E-02  -2.047479195512138E-03  -1.577132881580783E-02 
#------------8----------- 
# coil_type  symm  coil_name 
  1   2  RotatedCurve3 
# Nseg current Ifree Length Lfree target_length 
  192  -9.533930507012473E+06 0   3.300695088343409E+01 0   3.300695088343409E+01 
# NFcoil 
  12 
# Fourier harmonics for coils ( xc; xs; yc; ys; zc; zs) 
  1.104402434343035E+01   3.139356480445704E+00   6.208048635669464E-01  -1.036194297929724E-01  -7.903364088785728E-02  -1.296319837007215E-01   2.366167923393040E-02  -4.062017310912400E-02   1.811202907054743E-02  -1.356906896839671E-02   5.224430528243217E-02  -4.958476591963402E-02   3.040780660070979E-02 
  0.000000000000000E+00  -2.194650230463058E-01   6.793313648570199E-01  -7.294030788999983E-01   1.299084897192577E-01  -6.444779516046306E-02   4.518557250582476E-02   9.271106666109530E-02  -3.611286453572188E-02   7.579623646714105E-04   1.331915690202611E-02  -7.060911014898287E-03  -5.751114358126870E-03 
  4.322694547927860E+00   3.055013721486239E+00  -1.039383392638707E+00   3.518808500022191E-01  -8.704673099748265E-02   9.766444892279377E-02   6.770834496961531E-02  -7.719173530443657E-02  -6.562779828400289E-02   8.917079143908664E-03  -2.689109650364416E-02   5.715060235709941E-05   2.833598025433120E-02 
  0.000000000000000E+00  -4.380601350725778E-01  -1.106097488722790E-01  -8.187864596092800E-03   2.304380964358245E-01   5.544968756308283E-03  -1.028164953583013E-01  -7.737951432882087E-02   4.684248635055548E-02  -5.143035898156718E-02   7.215966953985649E-02  -1.434851831838962E-02   1.268589904001291E-02 
 -1.419211060128144E+00   9.078106026491131E-02  -8.867819690729287E-02  -3.762772992398688E-01  -9.582163077021226E-02  -5.678713533658734E-02   4.000568897240099E-03   4.619619677852799E-02   7.798655387800975E-02  -4.528525534278768E-03   7.903858770629374E-03  -1.637350973655573E-02  -4.536751335757332E-04 
  0.000000000000000E+00  -4.323429971921365E+00   1.918479195814700E-01  -7.856058369949395E-02   3.350954197834110E-02   2.338647312706220E-01   1.148232319587969E-01   5.538674169817274E-02   1.221964812613331E-02  -6.340461761038410E-02  -7.391740831917059E-03   6.929028871154192E-03  -1.216948472897519E-02 
#------------9----------- 
# coil_type  symm  coil_name 
  1   2  RotatedCurve4 
# Nseg current Ifree Length Lfree target_length 
  192  -9.440064221533343E+06 0   3.711910279807762E+01 0   3.711910279807762E+01 
# NFcoil 
  12 
# Fourier harmonics for coils ( xc; xs; yc; ys; zc; zs) 
  9.712293040569909E+00   2.716715355052437E+00   1.326237893624388E-01   3.927106815006626E-01  -5.229431385825202E-02   3.704011180458702E-02  -1.398825400621712E-01   6.830886844576699E-02   2.314247346434899E-02  -3.039546649013283E-02   4.608950343970444E-02   5.084425071316167E-03  -1.855151098034732E-02 
  0.000000000000000E+00  -4.651646846325028E-01   1.130194285370282E+00  -7.942670188860521E-01   6.489536381488289E-03  -1.163056851280940E-01   7.563851513786513E-02   7.509906702334854E-02  -8.474755504057319E-03  -5.580060831154274E-02   3.787962366718448E-02   4.772599883843447E-03  -4.025430467054425E-02 
  6.428426542041836E+00   3.209626011011638E+00  -1.782644068218628E+00   1.974557175498757E-01  -4.134138770025690E-01  -1.118345027011831E-02  -8.633356275705316E-03   6.661866727862188E-02   1.407128908479140E-03   1.713225266988497E-02   4.829878508960882E-02  -2.530552693616602E-02   2.281175930165918E-02 
  0.000000000000000E+00  -9.416345230077148E-01  -5.796192029265336E-01   2.408453918933141E-01  -1.899495624655210E-02   2.808560810667633E-01   5.353545957829625E-02   9.356033598328523E-02   2.437891569711019E-02  -3.755100082129120E-03  -8.486875666199043E-03   2.259470709220163E-02  -2.046106943623256E-02 
 -5.904815654119632E-01   1.144960288741259E+00   1.487027997871690E-01  -6.183630119372479E-01  -1.433510278270270E-01  -7.583604706361227E-02   8.120571490314368E-02  -8.398402228157879E-02  -7.550057410983223E-03   2.595717755510607E-02  -4.607786572506773E-02   3.015335151613414E-02  -2.535974389372015E-02 
  0.000000000000000E+00  -3.937729917433521E+00  -1.612759770331433E-01  -4.105072015899739E-01   4.220900620550239E-02   5.860964118871333E-02  -6.808672617829182E-03   5.202555162776385E-02   1.150828319583016E-02   1.741388994821508E-03  -2.396152181569407E-02   4.343850653327455E-02  -2.167554636102892E-02 
#------------10----------- 
# coil_type  symm  coil_name 
  1   2  RotatedCurve5 
# Nseg current Ifree Length Lfree target_length 
  192  -1.025478070595101E+07 0   3.792429273369410E+01 0   3.792429273369410E+01 
# NFcoil 
  12 
# Fourier harmonics for coils ( xc; xs; yc; ys; zc; zs) 
  8.623152510491156E+00   2.903477291392731E+00  -6.689769029018103E-01   5.051084536533018E-01   2.073693850674481E-01   2.662758286654304E-01  -8.379547107215914E-02   1.051931200126181E-01   4.173007826741992E-02  -7.230707475660343E-04  -2.429900959416284E-02   5.375508775819789E-02  -2.186811290326210E-02 
  0.000000000000000E+00  -1.479889471817843E-01   1.648337746873215E+00  -3.971843798476897E-01   3.984842561530115E-01  -5.382586383549831E-02  -4.788189709683846E-02   5.856248068485174E-02  -4.954785560224310E-02   2.572841775126377E-02  -4.706071359727553E-02   6.571683954895821E-02  -3.149604576300927E-02 
  7.878274885640892E+00   3.460368987799319E+00  -1.487728842927363E+00   3.752795630123137E-01  -2.502981924769517E-01  -1.292497205264594E-01  -2.874254371297542E-02  -6.971034310275667E-02   3.801806688920477E-02  -1.576076717377103E-02   9.964521481930329E-02  -4.941608355193059E-02   3.343332667246412E-02 
  0.000000000000000E+00  -7.894136931224283E-01  -1.129343611470170E+00  -1.016787001614708E-01  -3.624638979717679E-01  -1.153006286894076E-01  -1.706609725132115E-02   8.632197986310593E-02   1.512427297988055E-02  -1.359606395826299E-03  -7.346559693151795E-03   1.635788223535829E-02  -3.329950954188224E-02 
  1.227082213616888E-01   7.730388232766691E-01   5.488807066641843E-02  -5.104035674825125E-01  -8.672331798063281E-02   2.538988048217420E-01   3.695915974720135E-02   3.379392853193026E-02   5.110797212612785E-02   1.631539504919224E-01  -7.859741150541910E-02   5.030122865087688E-02  -7.597863948627230E-03 
  0.000000000000000E+00  -2.731638770895608E+00   6.207321037259661E-01  -3.360320820134574E-01   1.747040802358795E-01   2.094912152079285E-01   1.028021523849739E-01  -4.263711288218695E-02   6.436869283737524E-02  -6.311153267179207E-04  -7.426301085624086E-02   4.087333818598643E-02  -1.832550592403614E-02 
#------------11----------- 
# coil_type  symm  coil_name 
  1   2  RotatedCurve6 
# Nseg current Ifree Length Lfree target_length 
  192   9.778727815621039E+06 0   3.501081180414978E+01 0   3.501081180414978E+01 
# NFcoil 
  12 
# Fourier harmonics for coils ( xc; xs; yc; ys; zc; zs) 
  1.390897569826389E+01   3.754255088276372E+00   4.147809971534772E-01  -4.652557788134597E-01   3.873502766561804E-01   6.783402760534271E-02  -1.721548284177823E-02  -5.659120532817321E-03   1.145271060675089E-01  -4.342205453637684E-02   2.782861001695646E-02   5.455896728503086E-03   4.075594761894472E-02 
  0.000000000000000E+00  -2.628823699218930E-02   8.448105428276984E-02  -2.685866509598336E-01  -3.360842324878636E-02   5.056413329723226E-02  -5.444324975936003E-02  -7.610744873442591E-03   1.587119934862001E-02   7.289679131340078E-03   3.456635229390877E-02   8.271789319735904E-03  -1.825797339810167E-02 
  1.334780805838800E+00   6.030676914514629E-01  -1.773938604977907E-01  -1.456962426956298E-01   1.908477808111679E-02  -6.859129810480689E-02   1.014704612966915E-01  -4.289265955944506E-02  -1.873138282444329E-02   2.474370652619355E-02   1.231125818904303E-02  -3.833174036344762E-02   1.090642795034077E-02 
  0.000000000000000E+00  -1.815030663422009E+00   1.223875601426727E+00  -5.684374929061455E-01   3.002165307032165E-01  -1.531387324874734E-01   8.227893922598432E-02  -6.340584029414320E-02   1.940058702838405E-02  -2.948087585511857E-02   3.198416540108003E-02  -3.537599024736967E-02  -4.910523500224643E-03 
 -3.456390507509255E-01  -1.940780984141760E-01   1.831189951468504E-01  -1.129090179972181E-01   9.451978668670581E-02   6.903265098970643E-02  -3.181822260911259E-02   5.046528086424695E-02   4.602255754112211E-02  -2.729912642442987E-02   1.074003777611884E-02  -2.693014600885406E-02  -4.190784975412282E-02 
  0.000000000000000E+00  -5.677337987574044E+00   6.949880304234969E-02  -1.649958732088407E-01  -1.583680366179765E-02  -2.942230230105918E-01   8.454358126149679E-02  -7.143014787777716E-02  -1.762988026208813E-02  -5.569714712138978E-02   7.121744952815100E-03  -4.853326206018281E-02  -3.839760619300486E-03 
#------------12----------- 
# coil_type  symm  coil_name 
  1   2  RotatedCurve7 
# Nseg current Ifree Length Lfree target_length 
  192   9.573911467971222E+06 0   3.418136261548439E+01 0   3.418136261548439E+01 
# NFcoil 
  12 
# Fourier harmonics for coils ( xc; xs; yc; ys; zc; zs) 
  1.272472050347097E+01   3.615669130937646E+00   6.820345673978262E-01  -8.107783535275254E-02   1.836026475902336E-01  -6.104265240325694E-02  -1.853547292493809E-02   7.204295318865171E-02  -3.035313402652792E-02   5.902871705285626E-02   2.256944087551333E-02   1.287974859872469E-02   2.285760459721285E-02 
  0.000000000000000E+00  -1.592031266574342E-01   5.308544851050394E-01  -4.613038130158031E-01   1.880819198615147E-01   4.287294114915729E-02   4.073424176241506E-03  -1.963539424184017E-02   2.219824639626863E-02  -3.721934845147126E-02  -3.204276496708194E-02  -2.140298568509895E-02  -1.206555452704211E-02 
  3.177774816249726E+00   1.855015468409609E+00  -8.626250337315728E-01   4.522402271254962E-01  -1.100667729314411E-01   4.098819484520280E-02  -1.084506407157877E-01   9.947375410661875E-02  -8.410418466473363E-02   4.738562042603545E-02  -4.886940333822443E-02   2.522648362448108E-02  -2.469447108670473E-02 
  0.000000000000000E+00  -1.552171700618184E+00   8.269577989574223E-01  -6.181214383809833E-01   1.585622791726733E-01  -8.164727256130440E-02   1.409881987731773E-02  -4.158835628386006E-02  -6.195174891210524E-03  -2.151789787444757E-02  -2.513303630858058E-02   1.698625769918444E-02  -2.132289649541801E-02 
 -1.228314823525598E+00   1.646100400273401E-01  -1.483069350369690E-01  -3.754027603831393E-01  -1.694072678094174E-01   1.155586738849053E-01  -1.184233263068994E-01   1.540585843531125E-03  -4.877420339560722E-02  -2.847281920255459E-02  -1.135235788364262E-02  -2.328627610827151E-02   2.963578722982085E-02 
  0.000000000000000E+00  -5.092699069186605E+00  -1.703746235615189E-02  -1.079465620583245E-01   4.618643753649481E-03  -3.094990726578560E-03  -3.799767119012572E-02  -7.204190027341995E-02  -5.526055846763780E-03  -2.770337090104158E-02  -3.689515141919506E-02  -2.047479195512138E-03  -1.577132881580783E-02 
#------------13----------- 
# coil_type  symm  coil_name 
  1   2  RotatedCurve8 
# Nseg current Ifree Length Lfree target_length 
  192   9.533930507012473E+06 0   3.300695088343409E+01 0   3.300695088343409E+01 
# NFcoil 
  12 
# Fourier harmonics for coils ( xc; xs; yc; ys; zc; zs) 
  1.104402434343035E+01   3.139356480445704E+00   6.208048635669464E-01  -1.036194297929724E-01  -7.903364088785728E-02  -1.296319837007215E-01   2.366167923393040E-02  -4.062017310912400E-02   1.811202907054743E-02  -1.356906896839671E-02   5.224430528243217E-02  -4.958476591963402E-02   3.040780660070979E-02 
  0.000000000000000E+00  -2.194650230463058E-01   6.793313648570199E-01  -7.294030788999983E-01   1.299084897192577E-01  -6.444779516046306E-02   4.518557250582476E-02   9.271106666109530E-02  -3.611286453572188E-02   7.579623646714105E-04   1.331915690202611E-02  -7.060911014898287E-03  -5.751114358126870E-03 
  4.322694547927860E+00   3.055013721486239E+00  -1.039383392638707E+00   3.518808500022191E-01  -8.704673099748265E-02   9.766444892279377E-02   6.770834496961531E-02  -7.719173530443657E-02  -6.562779828400289E-02   8.917079143908664E-03  -2.689109650364416E-02   5.715060235709941E-05   2.833598025433120E-02 
  0.000000000000000E+00  -4.380601350725778E-01  -1.106097488722790E-01  -8.187864596092800E-03   2.304380964358245E-01   5.544968756308283E-03  -1.028164953583013E-01  -7.737951432882087E-02   4.684248635055548E-02  -5.143035898156718E-02   7.215966953985649E-02  -1.434851831838962E-02   1.268589904001291E-02 
 -1.419211060128144E+00   9.078106026491131E-02  -8.867819690729287E-02  -3.762772992398688E-01  -9.582163077021226E-02  -5.678713533658734E-02   4.000568897240099E-03   4.619619677852799E-02   7.798655387800975E-02  -4.528525534278768E-03   7.903858770629374E-03  -1.637350973655573E-02  -4.536751335757332E-04 
  0.000000000000000E+00  -4.323429971921365E+00   1.918479195814700E-01  -7.856058369949395E-02   3.350954197834110E-02   2.338647312706220E-01   1.148232319587969E-01   5.538674169817274E-02   1.221964812613331E-02  -6.340461761038410E-02  -7.391740831917059E-03   6.929028871154192E-03  -1.216948472897519E-02 
#------------14----------- 
# coil_type  symm  coil_name 
  1   2  RotatedCurve9 
# Nseg current Ifree Length Lfree target_length 
  192   9.440064221533343E+06 0   3.711910279807762E+01 0   3.711910279807762E+01 
# NFcoil 
  12 
# Fourier harmonics for coils ( xc; xs; yc; ys; zc; zs) 
  9.712293040569909E+00   2.716715355052437E+00   1.326237893624388E-01   3.927106815006626E-01  -5.229431385825202E-02   3.704011180458702E-02  -1.398825400621712E-01   6.830886844576699E-02   2.314247346434899E-02  -3.039546649013283E-02   4.608950343970444E-02   5.084425071316167E-03  -1.855151098034732E-02 
  0.000000000000000E+00  -4.651646846325028E-01   1.130194285370282E+00  -7.942670188860521E-01   6.489536381488289E-03  -1.163056851280940E-01   7.563851513786513E-02   7.509906702334854E-02  -8.474755504057319E-03  -5.580060831154274E-02   3.787962366718448E-02   4.772599883843447E-03  -4.025430467054425E-02 
  6.428426542041836E+00   3.209626011011638E+00  -1.782644068218628E+00   1.974557175498757E-01  -4.134138770025690E-01  -1.118345027011831E-02  -8.633356275705316E-03   6.661866727862188E-02   1.407128908479140E-03   1.713225266988497E-02   4.829878508960882E-02  -2.530552693616602E-02   2.281175930165918E-02 
  0.000000000000000E+00  -9.416345230077148E-01  -5.796192029265336E-01   2.408453918933141E-01  -1.899495624655210E-02   2.808560810667633E-01   5.353545957829625E-02   9.356033598328523E-02   2.437891569711019E-02  -3.755100082129120E-03  -8.486875666199043E-03   2.259470709220163E-02  -2.046106943623256E-02 
 -5.904815654119632E-01   1.144960288741259E+00   1.487027997871690E-01  -6.183630119372479E-01  -1.433510278270270E-01  -7.583604706361227E-02   8.120571490314368E-02  -8.398402228157879E-02  -7.550057410983223E-03   2.595717755510607E-02  -4.607786572506773E-02   3.015335151613414E-02  -2.535974389372015E-02 
  0.000000000000000E+00  -3.937729917433521E+00  -1.612759770331433E-01  -4.105072015899739E-01   4.220900620550239E-02   5.860964118871333E-02  -6.808672617829182E-03   5.202555162776385E-02   1.150828319583016E-02   1.741388994821508E-03  -2.396152181569407E-02   4.343850653327455E-02  -2.167554636102892E-02 
#------------15----------- 
# coil_type  symm  coil_name 
  1   2  RotatedCurve10 
# Nseg current Ifree Length Lfree target_length 
  192   1.025478070595101E+07 0   3.792429273369410E+01 0   3.792429273369410E+01 
# NFcoil 
  12 
# Fourier harmonics for coils ( xc; xs; yc; ys; zc; zs) 
  8.623152510491156E+00   2.903477291392731E+00  -6.689769029018103E-01   5.051084536533018E-01   2.073693850674481E-01   2.662758286654304E-01  -8.379547107215914E-02   1.051931200126181E-01   4.173007826741992E-02  -7.230707475660343E-04  -2.429900959416284E-02   5.375508775819789E-02  -2.186811290326210E-02 
  0.000000000000000E+00  -1.479889471817843E-01   1.648337746873215E+00  -3.971843798476897E-01   3.984842561530115E-01  -5.382586383549831E-02  -4.788189709683846E-02   5.856248068485174E-02  -4.954785560224310E-02   2.572841775126377E-02  -4.706071359727553E-02   6.571683954895821E-02  -3.149604576300927E-02 
  7.878274885640892E+00   3.460368987799319E+00  -1.487728842927363E+00   3.752795630123137E-01  -2.502981924769517E-01  -1.292497205264594E-01  -2.874254371297542E-02  -6.971034310275667E-02   3.801806688920477E-02  -1.576076717377103E-02   9.964521481930329E-02  -4.941608355193059E-02   3.343332667246412E-02 
  0.000000000000000E+00  -7.894136931224283E-01  -1.129343611470170E+00  -1.016787001614708E-01  -3.624638979717679E-01  -1.153006286894076E-01  -1.706609725132115E-02   8.632197986310593E-02   1.512427297988055E-02  -1.359606395826299E-03  -7.346559693151795E-03   1.635788223535829E-02  -3.329950954188224E-02 
  1.227082213616888E-01   7.730388232766691E-01   5.488807066641843E-02  -5.104035674825125E-01  -8.672331798063281E-02   2.538988048217420E-01   3.695915974720135E-02   3.379392853193026E-02   5.110797212612785E-02   1.631539504919224E-01  -7.859741150541910E-02   5.030122865087688E-02  -7.597863948627230E-03 
  0.000000000000000E+00  -2.731638770895608E+00   6.207321037259661E-01  -3.360320820134574E-01   1.747040802358795E-01   2.094912152079285E-01   1.028021523849739E-01  -4.263711288218695E-02   6.436869283737524E-02  -6.311153267179207E-04  -7.426301085624086E-02   4.087333818598643E-02  -1.832550592403614E-02 
#------------16----------- 
# coil_type  symm  coil_name 
  1   2  RotatedCurve11 
# Nseg current Ifree Length Lfree target_length 
  192  -9.778727815621039E+06 0   3.501081180414978E+01 0   3.501081180414978E+01 
# NFcoil 
  12 
# Fourier harmonics for coils ( xc; xs; yc; ys; zc; zs) 
  1.390897569826389E+01   3.754255088276372E+00   4.147809971534772E-01  -4.652557788134597E-01   3.873502766561804E-01   6.783402760534271E-02  -1.721548284177823E-02  -5.659120532817321E-03   1.145271060675089E-01  -4.342205453637684E-02   2.782861001695646E-02   5.455896728503086E-03   4.075594761894472E-02 
  0.000000000000000E+00  -2.628823699218930E-02   8.448105428276984E-02  -2.685866509598336E-01  -3.360842324878636E-02   5.056413329723226E-02  -5.444324975936003E-02  -7.610744873442591E-03   1.587119934862001E-02   7.289679131340078E-03   3.456635229390877E-02   8.271789319735904E-03  -1.825797339810167E-02 
  1.334780805838800E+00   6.030676914514629E-01  -1.773938604977907E-01  -1.456962426956298E-01   1.908477808111679E-02  -6.859129810480689E-02   1.014704612966915E-01  -4.289265955944506E-02  -1.873138282444329E-02   2.474370652619355E-02   1.231125818904303E-02  -3.833174036344762E-02   1.090642795034077E-02 
  0.000000000000000E+00  -1.815030663422009E+00   1.223875601426727E+00  -5.684374929061455E-01   3.002165307032165E-01  -1.531387324874734E-01   8.227893922598432E-02  -6.340584029414320E-02   1.940058702838405E-02  -2.948087585511857E-02   3.198416540108003E-02  -3.537599024736967E-02  -4.910523500224643E-03 
 -3.456390507509255E-01  -1.940780984141760E-01   1.831189951468504E-01  -1.129090179972181E-01   9.451978668670581E-02   6.903265098970643E-02  -3.181822260911259E-02   5.046528086424695E-02   4.602255754112211E-02  -2.729912642442987E-02   1.074003777611884E-02  -2.693014600885406E-02  -4.190784975412282E-02 
  0.000000000000000E+00  -5.677337987574044E+00   6.949880304234969E-02  -1.649958732088407E-01  -1.583680366179765E-02  -2.942230230105918E-01   8.454358126149679E-02  -7.143014787777716E-02  -1.762988026208813E-02  -5.569714712138978E-02   7.121744952815100E-03  -4.853326206018281E-02  -3.839760619300486E-03 
#------------17----------- 
# coil_type  symm  coil_name 
  1   2  RotatedCurve12 
# Nseg current Ifree Length Lfree target_length 
  192  -9.573911467971222E+06 0   3.418136261548439E+01 0   3.418136261548439E+01 
# NFcoil 
  12 
# Fourier harmonics for coils ( xc; xs; yc; ys; zc; zs) 
  1.272472050347097E+01   3.615669130937646E+00   6.820345673978262E-01  -8.107783535275254E-02   1.836026475902336E-01  -6.104265240325694E-02  -1.853547292493809E-02   7.204295318865171E-02  -3.035313402652792E-02   5.902871705285626E-02   2.256944087551333E-02   1.287974859872469E-02   2.285760459721285E-02 
  0.000000000000000E+00  -1.592031266574342E-01   5.308544851050394E-01  -4.613038130158031E-01   1.880819198615147E-01   4.287294114915729E-02   4.073424176241506E-03  -1.963539424184017E-02   2.219824639626863E-02  -3.721934845147126E-02  -3.204276496708194E-02  -2.140298568509895E-02  -1.206555452704211E-02 
  3.177774816249726E+00   1.855015468409609E+00  -8.626250337315728E-01   4.522402271254962E-01  -1.100667729314411E-01   4.098819484520280E-02  -1.084506407157877E-01   9.947375410661875E-02  -8.410418466473363E-02   4.738562042603545E-02  -4.886940333822443E-02   2.522648362448108E-02  -2.469447108670473E-02 
  0.000000000000000E+00  -1.552171700618184E+00   8.269577989574223E-01  -6.181214383809833E-01   1.585622791726733E-01  -8.164727256130440E-02   1.409881987731773E-02  -4.158835628386006E-02  -6.195174891210524E-03  -2.151789787444757E-02  -2.513303630858058E-02   1.698625769918444E-02  -2.132289649541801E-02 
 -1.228314823525598E+00   1.646100400273401E-01  -1.483069350369690E-01  -3.754027603831393E-01  -1.694072678094174E-01   1.155586738849053E-01  -1.184233263068994E-01   1.540585843531125E-03  -4.877420339560722E-02  -2.847281920255459E-02  -1.135235788364262E-02  -2.328627610827151E-02   2.963578722982085E-02 
  0.000000000000000E+00  -5.092699069186605E+00  -1.703746235615189E-02  -1.079465620583245E-01   4.618643753649481E-03  -3.094990726578560E-03  -3.799767119012572E-02  -7.204190027341995E-02  -5.526055846763780E-03  -2.770337090104158E-02  -3.689515141919506E-02  -2.047479195512138E-03  -1.577132881580783E-02 
#------------18----------- 
# coil_type  symm  coil_name 
  1   2  RotatedCurve13 
# Nseg current Ifree Length Lfree target_length 
  192  -9.533930507012473E+06 0   3.300695088343409E+01 0   3.300695088343409E+01 
# NFcoil 
  12 
# Fourier harmonics for coils ( xc; xs; yc; ys; zc; zs) 
  1.104402434343035E+01   3.139356480445704E+00   6.208048635669464E-01  -1.036194297929724E-01  -7.903364088785728E-02  -1.296319837007215E-01   2.366167923393040E-02  -4.062017310912400E-02   1.811202907054743E-02  -1.356906896839671E-02   5.224430528243217E-02  -4.958476591963402E-02   3.040780660070979E-02 
  0.000000000000000E+00  -2.194650230463058E-01   6.793313648570199E-01  -7.294030788999983E-01   1.299084897192577E-01  -6.444779516046306E-02   4.518557250582476E-02   9.271106666109530E-02  -3.611286453572188E-02   7.579623646714105E-04   1.331915690202611E-02  -7.060911014898287E-03  -5.751114358126870E-03 
  4.322694547927860E+00   3.055013721486239E+00  -1.039383392638707E+00   3.518808500022191E-01  -8.704673099748265E-02   9.766444892279377E-02   6.770834496961531E-02  -7.719173530443657E-02  -6.562779828400289E-02   8.917079143908664E-03  -2.689109650364416E-02   5.715060235709941E-05   2.833598025433120E-02 
  0.000000000000000E+00  -4.380601350725778E-01  -1.106097488722790E-01  -8.187864596092800E-03   2.304380964358245E-01   5.544968756308283E-03  -1.028164953583013E-01  -7.737951432882087E-02   4.684248635055548E-02  -5.143035898156718E-02   7.215966953985649E-02  -1.434851831838962E-02   1.268589904001291E-02 
 -1.419211060128144E+00   9.078106026491131E-02  -8.867819690729287E-02  -3.762772992398688E-01  -9.582163077021226E-02  -5.678713533658734E-02   4.000568897240099E-03   4.619619677852799E-02   7.798655387800975E-02  -4.528525534278768E-03   7.903858770629374E-03  -1.637350973655573E-02  -4.536751335757332E-04 
  0.000000000000000E+00  -4.323429971921365E+00   1.918479195814700E-01  -7.856058369949395E-02   3.350954197834110E-02   2.338647312706220E-01   1.148232319587969E-01   5.538674169817274E-02   1.221964812613331E-02  -6.340461761038410E-02  -7.391740831917059E-03   6.929028871154192E-03  -1.216948472897519E-02 
#------------19----------- 
# coil_type  symm  coil_name 
  1   2  RotatedCurve14 
# Nseg current Ifree Length Lfree target_length 
  192  -9.440064221533343E+06 0   3.711910279807762E+01 0   3.711910279807762E+01 
# NFcoil 
  12 
# Fourier harmonics for coils ( xc; xs; yc; ys; zc; zs) 
  9.712293040569909E+00   2.716715355052437E+00   1.326237893624388E-01   3.927106815006626E-01  -5.229431385825202E-02   3.704011180458702E-02  -1.398825400621712E-01   6.830886844576699E-02   2.314247346434899E-02  -3.039546649013283E-02   4.608950343970444E-02   5.084425071316167E-03  -1.855151098034732E-02 
  0.000000000000000E+00  -4.651646846325028E-01   1.130194285370282E+00  -7.942670188860521E-01   6.489536381488289E-03  -1.163056851280940E-01   7.563851513786513E-02   7.509906702334854E-02  -8.474755504057319E-03  -5.580060831154274E-02   3.787962366718448E-02   4.772599883843447E-03  -4.025430467054425E-02 
  6.428426542041836E+00   3.209626011011638E+00  -1.782644068218628E+00   1.974557175498757E-01  -4.134138770025690E-01  -1.118345027011831E-02  -8.633356275705316E-03   6.661866727862188E-02   1.407128908479140E-03   1.713225266988497E-02   4.829878508960882E-02  -2.530552693616602E-02   2.281175930165918E-02 
  0.000000000000000E+00  -9.416345230077148E-01  -5.796192029265336E-01   2.408453918933141E-01  -1.899495624655210E-02   2.808560810667633E-01   5.353545957829625E-02   9.356033598328523E-02   2.437891569711019E-02  -3.755100082129120E-03  -8.486875666199043E-03   2.259470709220163E-02  -2.046106943623256E-02 
 -5.904815654119632E-01   1.144960288741259E+00   1.487027997871690E-01  -6.183630119372479E-01  -1.433510278270270E-01  -7.583604706361227E-02   8.120571490314368E-02  -8.398402228157879E-02  -7.550057410983223E-03   2.595717755510607E-02  -4.607786572506773E-02   3.015335151613414E-02  -2.535974389372015E-02 
  0.000000000000000E+00  -3.937729917433521E+00  -1.612759770331433E-01  -4.105072015899739E-01   4.220900620550239E-02   5.860964118871333E-02  -6.808672617829182E-03   5.202555162776385E-02   1.150828319583016E-02   1.741388994821508E-03  -2.396152181569407E-02   4.343850653327455E-02  -2.167554636102892E-02 
#------------20----------- 
# coil_type  symm  coil_name 
  1   2  RotatedCurve15 
# Nseg current Ifree Length Lfree target_length 
  192  -1.025478070595101E+07 0   3.792429273369410E+01 0   3.792429273369410E+01 
# NFcoil 
  12 
# Fourier harmonics for coils ( xc; xs; yc; ys; zc; zs) 
  8.623152510491156E+00   2.903477291392731E+00  -6.689769029018103E-01   5.051084536533018E-01   2.073693850674481E-01   2.662758286654304E-01  -8.379547107215914E-02   1.051931200126181E-01   4.173007826741992E-02  -7.230707475660343E-04  -2.429900959416284E-02   5.375508775819789E-02  -2.186811290326210E-02 
  0.000000000000000E+00  -1.479889471817843E-01   1.648337746873215E+00  -3.971843798476897E-01   3.984842561530115E-01  -5.382586383549831E-02  -4.788189709683846E-02   5.856248068485174E-02  -4.954785560224310E-02   2.572841775126377E-02  -4.706071359727553E-02   6.571683954895821E-02  -3.149604576300927E-02 
  7.878274885640892E+00   3.460368987799319E+00  -1.487728842927363E+00   3.752795630123137E-01  -2.502981924769517E-01  -1.292497205264594E-01  -2.874254371297542E-02  -6.971034310275667E-02   3.801806688920477E-02  -1.576076717377103E-02   9.964521481930329E-02  -4.941608355193059E-02   3.343332667246412E-02 
  0.000000000000000E+00  -7.894136931224283E-01  -1.129343611470170E+00  -1.016787001614708E-01  -3.624638979717679E-01  -1.153006286894076E-01  -1.706609725132115E-02   8.632197986310593E-02   1.512427297988055E-02  -1.359606395826299E-03  -7.346559693151795E-03   1.635788223535829E-02  -3.329950954188224E-02 
  1.227082213616888E-01   7.730388232766691E-01   5.488807066641843E-02  -5.104035674825125E-01  -8.672331798063281E-02   2.538988048217420E-01   3.695915974720135E-02   3.379392853193026E-02   5.110797212612785E-02   1.631539504919224E-01  -7.859741150541910E-02   5.030122865087688E-02  -7.597863948627230E-03 
  0.000000000000000E+00  -2.731638770895608E+00   6.207321037259661E-01  -3.360320820134574E-01   1.747040802358795E-01   2.094912152079285E-01   1.028021523849739E-01  -4.263711288218695E-02   6.436869283737524E-02  -6.311153267179207E-04  -7.426301085624086E-02   4.087333818598643E-02  -1.832550592403614E-02 
#------------21----------- 
# coil_type  symm  coil_name 
  1   2  RotatedCurve16 
# Nseg current Ifree Length Lfree target_length 
  192   9.778727815621039E+06 0   3.501081180414978E+01 0   3.501081180414978E+01 
# NFcoil 
  12 
# Fourier harmonics for coils ( xc; xs; yc; ys; zc; zs) 
  1.390897569826389E+01   3.754255088276372E+00   4.147809971534772E-01  -4.652557788134597E-01   3.873502766561804E-01   6.783402760534271E-02  -1.721548284177823E-02  -5.659120532817321E-03   1.145271060675089E-01  -4.342205453637684E-02   2.782861001695646E-02   5.455896728503086E-03   4.075594761894472E-02 
  0.000000000000000E+00  -2.628823699218930E-02   8.448105428276984E-02  -2.685866509598336E-01  -3.360842324878636E-02   5.056413329723226E-02  -5.444324975936003E-02  -7.610744873442591E-03   1.587119934862001E-02   7.289679131340078E-03   3.456635229390877E-02   8.271789319735904E-03  -1.825797339810167E-02 
  1.334780805838800E+00   6.030676914514629E-01  -1.773938604977907E-01  -1.456962426956298E-01   1.908477808111679E-02  -6.859129810480689E-02   1.014704612966915E-01  -4.289265955944506E-02  -1.873138282444329E-02   2.474370652619355E-02   1.231125818904303E-02  -3.833174036344762E-02   1.090642795034077E-02 
  0.000000000000000E+00  -1.815030663422009E+00   1.223875601426727E+00  -5.684374929061455E-01   3.002165307032165E-01  -1.531387324874734E-01   8.227893922598432E-02  -6.340584029414320E-02   1.940058702838405E-02  -2.948087585511857E-02   3.198416540108003E-02  -3.537599024736967E-02  -4.910523500224643E-03 
 -3.456390507509255E-01  -1.940780984141760E-01   1.831189951468504E-01  -1.129090179972181E-01   9.451978668670581E-02   6.903265098970643E-02  -3.181822260911259E-02   5.046528086424695E-02   4.602255754112211E-02  -2.729912642442987E-02   1.074003777611884E-02  -2.693014600885406E-02  -4.190784975412282E-02 
  0.000000000000000E+00  -5.677337987574044E+00   6.949880304234969E-02  -1.649958732088407E-01  -1.583680366179765E-02  -2.942230230105918E-01   8.454358126149679E-02  -7.143014787777716E-02  -1.762988026208813E-02  -5.569714712138978E-02   7.121744952815100E-03  -4.853326206018281E-02  -3.839760619300486E-03 
#------------22----------- 
# coil_type  symm  coil_name 
  1   2  RotatedCurve17 
# Nseg current Ifree Length Lfree target_length 
  192   9.573911467971222E+06 0   3.418136261548439E+01 0   3.418136261548439E+01 
# NFcoil 
  12 
# Fourier harmonics for coils ( xc; xs; yc; ys; zc; zs) 
  1.272472050347097E+01   3.615669130937646E+00   6.820345673978262E-01  -8.107783535275254E-02   1.836026475902336E-01  -6.104265240325694E-02  -1.853547292493809E-02   7.204295318865171E-02  -3.035313402652792E-02   5.902871705285626E-02   2.256944087551333E-02   1.287974859872469E-02   2.285760459721285E-02 
  0.000000000000000E+00  -1.592031266574342E-01   5.308544851050394E-01  -4.613038130158031E-01   1.880819198615147E-01   4.287294114915729E-02   4.073424176241506E-03  -1.963539424184017E-02   2.219824639626863E-02  -3.721934845147126E-02  -3.204276496708194E-02  -2.140298568509895E-02  -1.206555452704211E-02 
  3.177774816249726E+00   1.855015468409609E+00  -8.626250337315728E-01   4.522402271254962E-01  -1.100667729314411E-01   4.098819484520280E-02  -1.084506407157877E-01   9.947375410661875E-02  -8.410418466473363E-02   4.738562042603545E-02  -4.886940333822443E-02   2.522648362448108E-02  -2.469447108670473E-02 
  0.000000000000000E+00  -1.552171700618184E+00   8.269577989574223E-01  -6.181214383809833E-01   1.585622791726733E-01  -8.164727256130440E-02   1.409881987731773E-02  -4.158835628386006E-02  -6.195174891210524E-03  -2.151789787444757E-02  -2.513303630858058E-02   1.698625769918444E-02  -2.132289649541801E-02 
 -1.228314823525598E+00   1.646100400273401E-01  -1.483069350369690E-01  -3.754027603831393E-01  -1.694072678094174E-01   1.155586738849053E-01  -1.184233263068994E-01   1.540585843531125E-03  -4.877420339560722E-02  -2.847281920255459E-02  -1.135235788364262E-02  -2.328627610827151E-02   2.963578722982085E-02 
  0.000000000000000E+00  -5.092699069186605E+00  -1.703746235615189E-02  -1.079465620583245E-01   4.618643753649481E-03  -3.094990726578560E-03  -3.799767119012572E-02  -7.204190027341995E-02  -5.526055846763780E-03  -2.770337090104158E-02  -3.689515141919506E-02  -2.047479195512138E-03  -1.577132881580783E-02 
#------------23----------- 
# coil_type  symm  coil_name 
  1   2  RotatedCurve18 
# Nseg current Ifree Length Lfree target_length 
  192   9.533930507012473E+06 0   3.300695088343409E+01 0   3.300695088343409E+01 
# NFcoil 
  12 
# Fourier harmonics for coils ( xc; xs; yc; ys; zc; zs) 
  1.104402434343035E+01   3.139356480445704E+00   6.208048635669464E-01  -1.036194297929724E-01  -7.903364088785728E-02  -1.296319837007215E-01   2.366167923393040E-02  -4.062017310912400E-02   1.811202907054743E-02  -1.356906896839671E-02   5.224430528243217E-02  -4.958476591963402E-02   3.040780660070979E-02 
  0.000000000000000E+00  -2.194650230463058E-01   6.793313648570199E-01  -7.294030788999983E-01   1.299084897192577E-01  -6.444779516046306E-02   4.518557250582476E-02   9.271106666109530E-02  -3.611286453572188E-02   7.579623646714105E-04   1.331915690202611E-02  -7.060911014898287E-03  -5.751114358126870E-03 
  4.322694547927860E+00   3.055013721486239E+00  -1.039383392638707E+00   3.518808500022191E-01  -8.704673099748265E-02   9.766444892279377E-02   6.770834496961531E-02  -7.719173530443657E-02  -6.562779828400289E-02   8.917079143908664E-03  -2.689109650364416E-02   5.715060235709941E-05   2.833598025433120E-02 
  0.000000000000000E+00  -4.380601350725778E-01  -1.106097488722790E-01  -8.187864596092800E-03   2.304380964358245E-01   5.544968756308283E-03  -1.028164953583013E-01  -7.737951432882087E-02   4.684248635055548E-02  -5.143035898156718E-02   7.215966953985649E-02  -1.434851831838962E-02   1.268589904001291E-02 
 -1.419211060128144E+00   9.078106026491131E-02  -8.867819690729287E-02  -3.762772992398688E-01  -9.582163077021226E-02  -5.678713533658734E-02   4.000568897240099E-03   4.619619677852799E-02   7.798655387800975E-02  -4.528525534278768E-03   7.903858770629374E-03  -1.637350973655573E-02  -4.536751335757332E-04 
  0.000000000000000E+00  -4.323429971921365E+00   1.918479195814700E-01  -7.856058369949395E-02   3.350954197834110E-02   2.338647312706220E-01   1.148232319587969E-01   5.538674169817274E-02   1.221964812613331E-02  -6.340461761038410E-02  -7.391740831917059E-03   6.929028871154192E-03  -1.216948472897519E-02 
#------------24----------- 
# coil_type  symm  coil_name 
  1   2  RotatedCurve19 
# Nseg current Ifree Length Lfree target_length 
  192   9.440064221533343E+06 0   3.711910279807762E+01 0   3.711910279807762E+01 
# NFcoil 
  12 
# Fourier harmonics for coils ( xc; xs; yc; ys; zc; zs) 
  9.712293040569909E+00   2.716715355052437E+00   1.326237893624388E-01   3.927106815006626E-01  -5.229431385825202E-02   3.704011180458702E-02  -1.398825400621712E-01   6.830886844576699E-02   2.314247346434899E-02  -3.039546649013283E-02   4.608950343970444E-02   5.084425071316167E-03  -1.855151098034732E-02 
  0.000000000000000E+00  -4.651646846325028E-01   1.130194285370282E+00  -7.942670188860521E-01   6.489536381488289E-03  -1.163056851280940E-01   7.563851513786513E-02   7.509906702334854E-02  -8.474755504057319E-03  -5.580060831154274E-02   3.787962366718448E-02   4.772599883843447E-03  -4.025430467054425E-02 
  6.428426542041836E+00   3.209626011011638E+00  -1.782644068218628E+00   1.974557175498757E-01  -4.134138770025690E-01  -1.118345027011831E-02  -8.633356275705316E-03   6.661866727862188E-02   1.407128908479140E-03   1.713225266988497E-02   4.829878508960882E-02  -2.530552693616602E-02   2.281175930165918E-02 
  0.000000000000000E+00  -9.416345230077148E-01  -5.796192029265336E-01   2.408453918933141E-01  -1.899495624655210E-02   2.808560810667633E-01   5.353545957829625E-02   9.356033598328523E-02   2.437891569711019E-02  -3.755100082129120E-03  -8.486875666199043E-03   2.259470709220163E-02  -2.046106943623256E-02 
 -5.904815654119632E-01   1.144960288741259E+00   1.487027997871690E-01  -6.183630119372479E-01  -1.433510278270270E-01  -7.583604706361227E-02   8.120571490314368E-02  -8.398402228157879E-02  -7.550057410983223E-03   2.595717755510607E-02  -4.607786572506773E-02   3.015335151613414E-02  -2.535974389372015E-02 
  0.000000000000000E+00  -3.937729917433521E+00  -1.612759770331433E-01  -4.105072015899739E-01   4.220900620550239E-02   5.860964118871333E-02  -6.808672617829182E-03   5.202555162776385E-02   1.150828319583016E-02   1.741388994821508E-03  -2.396152181569407E-02   4.343850653327455E-02  -2.167554636102892E-02 
#------------25----------- 
# coil_type  symm  coil_name 
  1   2  RotatedCurve20 
# Nseg current Ifree Length Lfree target_length 
  192   1.025478070595101E+07 0   3.792429273369410E+01 0   3.792429273369410E+01 
# NFcoil 
  12 
# Fourier harmonics for coils ( xc; xs; yc; ys; zc; zs) 
  8.623152510491156E+00   2.903477291392731E+00  -6.689769029018103E-01   5.051084536533018E-01   2.073693850674481E-01   2.662758286654304E-01  -8.379547107215914E-02   1.051931200126181E-01   4.173007826741992E-02  -7.230707475660343E-04  -2.429900959416284E-02   5.375508775819789E-02  -2.186811290326210E-02 
  0.000000000000000E+00  -1.479889471817843E-01   1.648337746873215E+00  -3.971843798476897E-01   3.984842561530115E-01  -5.382586383549831E-02  -4.788189709683846E-02   5.856248068485174E-02  -4.954785560224310E-02   2.572841775126377E-02  -4.706071359727553E-02   6.571683954895821E-02  -3.149604576300927E-02 
  7.878274885640892E+00   3.460368987799319E+00  -1.487728842927363E+00   3.752795630123137E-01  -2.502981924769517E-01  -1.292497205264594E-01  -2.874254371297542E-02  -6.971034310275667E-02   3.801806688920477E-02  -1.576076717377103E-02   9.964521481930329E-02  -4.941608355193059E-02   3.343332667246412E-02 
  0.000000000000000E+00  -7.894136931224283E-01  -1.129343611470170E+00  -1.016787001614708E-01  -3.624638979717679E-01  -1.153006286894076E-01  -1.706609725132115E-02   8.632197986310593E-02   1.512427297988055E-02  -1.359606395826299E-03  -7.346559693151795E-03   1.635788223535829E-02  -3.329950954188224E-02 
  1.227082213616888E-01   7.730388232766691E-01   5.488807066641843E-02  -5.104035674825125E-01  -8.672331798063281E-02   2.538988048217420E-01   3.695915974720135E-02   3.379392853193026E-02   5.110797212612785E-02   1.631539504919224E-01  -7.859741150541910E-02   5.030122865087688E-02  -7.597863948627230E-03 
  0.000000000000000E+00  -2.731638770895608E+00   6.207321037259661E-01  -3.360320820134574E-01   1.747040802358795E-01   2.094912152079285E-01   1.028021523849739E-01  -4.263711288218695E-02   6.436869283737524E-02  -6.311153267179207E-04  -7.426301085624086E-02   4.087333818598643E-02  -1.832550592403614E-02 
#------------26----------- 
# coil_type  symm  coil_name 
  1   2  RotatedCurve21 
# Nseg current Ifree Length Lfree target_length 
  192  -9.778727815621039E+06 0   3.501081180414978E+01 0   3.501081180414978E+01 
# NFcoil 
  12 
# Fourier harmonics for coils ( xc; xs; yc; ys; zc; zs) 
  1.390897569826389E+01   3.754255088276372E+00   4.147809971534772E-01  -4.652557788134597E-01   3.873502766561804E-01   6.783402760534271E-02  -1.721548284177823E-02  -5.659120532817321E-03   1.145271060675089E-01  -4.342205453637684E-02   2.782861001695646E-02   5.455896728503086E-03   4.075594761894472E-02 
  0.000000000000000E+00  -2.628823699218930E-02   8.448105428276984E-02  -2.685866509598336E-01  -3.360842324878636E-02   5.056413329723226E-02  -5.444324975936003E-02  -7.610744873442591E-03   1.587119934862001E-02   7.289679131340078E-03   3.456635229390877E-02   8.271789319735904E-03  -1.825797339810167E-02 
  1.334780805838800E+00   6.030676914514629E-01  -1.773938604977907E-01  -1.456962426956298E-01   1.908477808111679E-02  -6.859129810480689E-02   1.014704612966915E-01  -4.289265955944506E-02  -1.873138282444329E-02   2.474370652619355E-02   1.231125818904303E-02  -3.833174036344762E-02   1.090642795034077E-02 
  0.000000000000000E+00  -1.815030663422009E+00   1.223875601426727E+00  -5.684374929061455E-01   3.002165307032165E-01  -1.531387324874734E-01   8.227893922598432E-02  -6.340584029414320E-02   1.940058702838405E-02  -2.948087585511857E-02   3.198416540108003E-02  -3.537599024736967E-02  -4.910523500224643E-03 
 -3.456390507509255E-01  -1.940780984141760E-01   1.831189951468504E-01  -1.129090179972181E-01   9.451978668670581E-02   6.903265098970643E-02  -3.181822260911259E-02   5.046528086424695E-02   4.602255754112211E-02  -2.729912642442987E-02   1.074003777611884E-02  -2.693014600885406E-02  -4.190784975412282E-02 
  0.000000000000000E+00  -5.677337987574044E+00   6.949880304234969E-02  -1.649958732088407E-01  -1.583680366179765E-02  -2.942230230105918E-01   8.454358126149679E-02  -7.143014787777716E-02  -1.762988026208813E-02  -5.569714712138978E-02   7.121744952815100E-03  -4.853326206018281E-02  -3.839760619300486E-03 
#------------27----------- 
# coil_type  symm  coil_name 
  1   2  RotatedCurve22 
# Nseg current Ifree Length Lfree target_length 
  192  -9.573911467971222E+06 0   3.418136261548439E+01 0   3.418136261548439E+01 
# NFcoil 
  12 
# Fourier harmonics for coils ( xc; xs; yc; ys; zc; zs) 
  1.272472050347097E+01   3.615669130937646E+00   6.820345673978262E-01  -8.107783535275254E-02   1.836026475902336E-01  -6.104265240325694E-02  -1.853547292493809E-02   7.204295318865171E-02  -3.035313402652792E-02   5.902871705285626E-02   2.256944087551333E-02   1.287974859872469E-02   2.285760459721285E-02 
  0.000000000000000E+00  -1.592031266574342E-01   5.308544851050394E-01  -4.613038130158031E-01   1.880819198615147E-01   4.287294114915729E-02   4.073424176241506E-03  -1.963539424184017E-02   2.219824639626863E-02  -3.721934845147126E-02  -3.204276496708194E-02  -2.140298568509895E-02  -1.206555452704211E-02 
  3.177774816249726E+00   1.855015468409609E+00  -8.626250337315728E-01   4.522402271254962E-01  -1.100667729314411E-01   4.098819484520280E-02  -1.084506407157877E-01   9.947375410661875E-02  -8.410418466473363E-02   4.738562042603545E-02  -4.886940333822443E-02   2.522648362448108E-02  -2.469447108670473E-02 
  0.000000000000000E+00  -1.552171700618184E+00   8.269577989574223E-01  -6.181214383809833E-01   1.585622791726733E-01  -8.164727256130440E-02   1.409881987731773E-02  -4.158835628386006E-02  -6.195174891210524E-03  -2.151789787444757E-02  -2.513303630858058E-02   1.698625769918444E-02  -2.132289649541801E-02 
 -1.228314823525598E+00   1.646100400273401E-01  -1.483069350369690E-01  -3.754027603831393E-01  -1.694072678094174E-01   1.155586738849053E-01  -1.184233263068994E-01   1.540585843531125E-03  -4.877420339560722E-02  -2.847281920255459E-02  -1.135235788364262E-02  -2.328627610827151E-02   2.963578722982085E-02 
  0.000000000000000E+00  -5.092699069186605E+00  -1.703746235615189E-02  -1.079465620583245E-01   4.618643753649481E-03  -3.094990726578560E-03  -3.799767119012572E-02  -7.204190027341995E-02  -5.526055846763780E-03  -2.770337090104158E-02  -3.689515141919506E-02  -2.047479195512138E-03  -1.577132881580783E-02 
#------------28----------- 
# coil_type  symm  coil_name 
  1   2  RotatedCurve23 
# Nseg current Ifree Length Lfree target_length 
  192  -9.533930507012473E+06 0   3.300695088343409E+01 0   3.300695088343409E+01 
# NFcoil 
  12 
# Fourier harmonics for coils ( xc; xs; yc; ys; zc; zs) 
  1.104402434343035E+01   3.139356480445704E+00   6.208048635669464E-01  -1.036194297929724E-01  -7.903364088785728E-02  -1.296319837007215E-01   2.366167923393040E-02  -4.062017310912400E-02   1.811202907054743E-02  -1.356906896839671E-02   5.224430528243217E-02  -4.958476591963402E-02   3.040780660070979E-02 
  0.000000000000000E+00  -2.194650230463058E-01   6.793313648570199E-01  -7.294030788999983E-01   1.299084897192577E-01  -6.444779516046306E-02   4.518557250582476E-02   9.271106666109530E-02  -3.611286453572188E-02   7.579623646714105E-04   1.331915690202611E-02  -7.060911014898287E-03  -5.751114358126870E-03 
  4.322694547927860E+00   3.055013721486239E+00  -1.039383392638707E+00   3.518808500022191E-01  -8.704673099748265E-02   9.766444892279377E-02   6.770834496961531E-02  -7.719173530443657E-02  -6.562779828400289E-02   8.917079143908664E-03  -2.689109650364416E-02   5.715060235709941E-05   2.833598025433120E-02 
  0.000000000000000E+00  -4.380601350725778E-01  -1.106097488722790E-01  -8.187864596092800E-03   2.304380964358245E-01   5.544968756308283E-03  -1.028164953583013E-01  -7.737951432882087E-02   4.684248635055548E-02  -5.143035898156718E-02   7.215966953985649E-02  -1.434851831838962E-02   1.268589904001291E-02 
 -1.419211060128144E+00   9.078106026491131E-02  -8.867819690729287E-02  -3.762772992398688E-01  -9.582163077021226E-02  -5.678713533658734E-02   4.000568897240099E-03   4.619619677852799E-02   7.798655387800975E-02  -4.528525534278768E-03   7.903858770629374E-03  -1.637350973655573E-02  -4.536751335757332E-04 
  0.000000000000000E+00  -4.323429971921365E+00   1.918479195814700E-01  -7.856058369949395E-02   3.350954197834110E-02   2.338647312706220E-01   1.148232319587969E-01   5.538674169817274E-02   1.221964812613331E-02  -6.340461761038410E-02  -7.391740831917059E-03   6.929028871154192E-03  -1.216948472897519E-02 
#------------29----------- 
# coil_type  symm  coil_name 
  1   2  RotatedCurve24 
# Nseg current Ifree Length Lfree target_length 
  192  -9.440064221533343E+06 0   3.711910279807762E+01 0   3.711910279807762E+01 
# NFcoil 
  12 
# Fourier harmonics for coils ( xc; xs; yc; ys; zc; zs) 
  9.712293040569909E+00   2.716715355052437E+00   1.326237893624388E-01   3.927106815006626E-01  -5.229431385825202E-02   3.704011180458702E-02  -1.398825400621712E-01   6.830886844576699E-02   2.314247346434899E-02  -3.039546649013283E-02   4.608950343970444E-02   5.084425071316167E-03  -1.855151098034732E-02 
  0.000000000000000E+00  -4.651646846325028E-01   1.130194285370282E+00  -7.942670188860521E-01   6.489536381488289E-03  -1.163056851280940E-01   7.563851513786513E-02   7.509906702334854E-02  -8.474755504057319E-03  -5.580060831154274E-02   3.787962366718448E-02   4.772599883843447E-03  -4.025430467054425E-02 
  6.428426542041836E+00   3.209626011011638E+00  -1.782644068218628E+00   1.974557175498757E-01  -4.134138770025690E-01  -1.118345027011831E-02  -8.633356275705316E-03   6.661866727862188E-02   1.407128908479140E-03   1.713225266988497E-02   4.829878508960882E-02  -2.530552693616602E-02   2.281175930165918E-02 
  0.000000000000000E+00  -9.416345230077148E-01  -5.796192029265336E-01   2.408453918933141E-01  -1.899495624655210E-02   2.808560810667633E-01   5.353545957829625E-02   9.356033598328523E-02   2.437891569711019E-02  -3.755100082129120E-03  -8.486875666199043E-03   2.259470709220163E-02  -2.046106943623256E-02 
 -5.904815654119632E-01   1.144960288741259E+00   1.487027997871690E-01  -6.183630119372479E-01  -1.433510278270270E-01  -7.583604706361227E-02   8.120571490314368E-02  -8.398402228157879E-02  -7.550057410983223E-03   2.595717755510607E-02  -4.607786572506773E-02   3.015335151613414E-02  -2.535974389372015E-02 
  0.000000000000000E+00  -3.937729917433521E+00  -1.612759770331433E-01  -4.105072015899739E-01   4.220900620550239E-02   5.860964118871333E-02  -6.808672617829182E-03   5.202555162776385E-02   1.150828319583016E-02   1.741388994821508E-03  -2.396152181569407E-02   4.343850653327455E-02  -2.167554636102892E-02 
#------------30----------- 
# coil_type  symm  coil_name 
  1   2  RotatedCurve25 
# Nseg current Ifree Length Lfree target_length 
  192  -1.025478070595101E+07 0   3.792429273369410E+01 0   3.792429273369410E+01 
# NFcoil 
  12 
# Fourier harmonics for coils ( xc; xs; yc; ys; zc; zs) 
  8.623152510491156E+00   2.903477291392731E+00  -6.689769029018103E-01   5.051084536533018E-01   2.073693850674481E-01   2.662758286654304E-01  -8.379547107215914E-02   1.051931200126181E-01   4.173007826741992E-02  -7.230707475660343E-04  -2.429900959416284E-02   5.375508775819789E-02  -2.186811290326210E-02 
  0.000000000000000E+00  -1.479889471817843E-01   1.648337746873215E+00  -3.971843798476897E-01   3.984842561530115E-01  -5.382586383549831E-02  -4.788189709683846E-02   5.856248068485174E-02  -4.954785560224310E-02   2.572841775126377E-02  -4.706071359727553E-02   6.571683954895821E-02  -3.149604576300927E-02 
  7.878274885640892E+00   3.460368987799319E+00  -1.487728842927363E+00   3.752795630123137E-01  -2.502981924769517E-01  -1.292497205264594E-01  -2.874254371297542E-02  -6.971034310275667E-02   3.801806688920477E-02  -1.576076717377103E-02   9.964521481930329E-02  -4.941608355193059E-02   3.343332667246412E-02 
  0.000000000000000E+00  -7.894136931224283E-01  -1.129343611470170E+00  -1.016787001614708E-01  -3.624638979717679E-01  -1.153006286894076E-01  -1.706609725132115E-02   8.632197986310593E-02   1.512427297988055E-02  -1.359606395826299E-03  -7.346559693151795E-03   1.635788223535829E-02  -3.329950954188224E-02 
  1.227082213616888E-01   7.730388232766691E-01   5.488807066641843E-02  -5.104035674825125E-01  -8.672331798063281E-02   2.538988048217420E-01   3.695915974720135E-02   3.379392853193026E-02   5.110797212612785E-02   1.631539504919224E-01  -7.859741150541910E-02   5.030122865087688E-02  -7.597863948627230E-03 
  0.000000000000000E+00  -2.731638770895608E+00   6.207321037259661E-01  -3.360320820134574E-01   1.747040802358795E-01   2.094912152079285E-01   1.028021523849739E-01  -4.263711288218695E-02   6.436869283737524E-02  -6.311153267179207E-04  -7.426301085624086E-02   4.087333818598643E-02  -1.832550592403614E-02 
#------------31----------- 
# coil_type  symm  coil_name 
  1   2  RotatedCurve26 
# Nseg current Ifree Length Lfree target_length 
  192   9.778727815621039E+06 0   3.501081180414978E+01 0   3.501081180414978E+01 
# NFcoil 
  12 
# Fourier harmonics for coils ( xc; xs; yc; ys; zc; zs) 
  1.390897569826389E+01   3.754255088276372E+00   4.147809971534772E-01  -4.652557788134597E-01   3.873502766561804E-01   6.783402760534271E-02  -1.721548284177823E-02  -5.659120532817321E-03   1.145271060675089E-01  -4.342205453637684E-02   2.782861001695646E-02   5.455896728503086E-03   4.075594761894472E-02 
  0.000000000000000E+00  -2.628823699218930E-02   8.448105428276984E-02  -2.685866509598336E-01  -3.360842324878636E-02   5.056413329723226E-02  -5.444324975936003E-02  -7.610744873442591E-03   1.587119934862001E-02   7.289679131340078E-03   3.456635229390877E-02   8.271789319735904E-03  -1.825797339810167E-02 
  1.334780805838800E+00   6.030676914514629E-01  -1.773938604977907E-01  -1.456962426956298E-01   1.908477808111679E-02  -6.859129810480689E-02   1.014704612966915E-01  -4.289265955944506E-02  -1.873138282444329E-02   2.474370652619355E-02   1.231125818904303E-02  -3.833174036344762E-02   1.090642795034077E-02 
  0.000000000000000E+00  -1.815030663422009E+00   1.223875601426727E+00  -5.684374929061455E-01   3.002165307032165E-01  -1.531387324874734E-01   8.227893922598432E-02  -6.340584029414320E-02   1.940058702838405E-02  -2.948087585511857E-02   3.198416540108003E-02  -3.537599024736967E-02  -4.910523500224643E-03 
 -3.456390507509255E-01  -1.940780984141760E-01   1.831189951468504E-01  -1.129090179972181E-01   9.451978668670581E-02   6.903265098970643E-02  -3.181822260911259E-02   5.046528086424695E-02   4.602255754112211E-02  -2.729912642442987E-02   1.074003777611884E-02  -2.693014600885406E-02  -4.190784975412282E-02 
  0.000000000000000E+00  -5.677337987574044E+00   6.949880304234969E-02  -1.649958732088407E-01  -1.583680366179765E-02  -2.942230230105918E-01   8.454358126149679E-02  -7.143014787777716E-02  -1.762988026208813E-02  -5.569714712138978E-02   7.121744952815100E-03  -4.853326206018281E-02  -3.839760619300486E-03 
#------------32----------- 
# coil_type  symm  coil_name 
  1   2  RotatedCurve27 
# Nseg current Ifree Length Lfree target_length 
  192   9.573911467971222E+06 0   3.418136261548439E+01 0   3.418136261548439E+01 
# NFcoil 
  12 
# Fourier harmonics for coils ( xc; xs; yc; ys; zc; zs) 
  1.272472050347097E+01   3.615669130937646E+00   6.820345673978262E-01  -8.107783535275254E-02   1.836026475902336E-01  -6.104265240325694E-02  -1.853547292493809E-02   7.204295318865171E-02  -3.035313402652792E-02   5.902871705285626E-02   2.256944087551333E-02   1.287974859872469E-02   2.285760459721285E-02 
  0.000000000000000E+00  -1.592031266574342E-01   5.308544851050394E-01  -4.613038130158031E-01   1.880819198615147E-01   4.287294114915729E-02   4.073424176241506E-03  -1.963539424184017E-02   2.219824639626863E-02  -3.721934845147126E-02  -3.204276496708194E-02  -2.140298568509895E-02  -1.206555452704211E-02 
  3.177774816249726E+00   1.855015468409609E+00  -8.626250337315728E-01   4.522402271254962E-01  -1.100667729314411E-01   4.098819484520280E-02  -1.084506407157877E-01   9.947375410661875E-02  -8.410418466473363E-02   4.738562042603545E-02  -4.886940333822443E-02   2.522648362448108E-02  -2.469447108670473E-02 
  0.000000000000000E+00  -1.552171700618184E+00   8.269577989574223E-01  -6.181214383809833E-01   1.585622791726733E-01  -8.164727256130440E-02   1.409881987731773E-02  -4.158835628386006E-02  -6.195174891210524E-03  -2.151789787444757E-02  -2.513303630858058E-02   1.698625769918444E-02  -2.132289649541801E-02 
 -1.228314823525598E+00   1.646100400273401E-01  -1.483069350369690E-01  -3.754027603831393E-01  -1.694072678094174E-01   1.155586738849053E-01  -1.184233263068994E-01   1.540585843531125E-03  -4.877420339560722E-02  -2.847281920255459E-02  -1.135235788364262E-02  -2.328627610827151E-02   2.963578722982085E-02 
  0.000000000000000E+00  -5.092699069186605E+00  -1.703746235615189E-02  -1.079465620583245E-01   4.618643753649481E-03  -3.094990726578560E-03  -3.799767119012572E-02  -7.204190027341995E-02  -5.526055846763780E-03  -2.770337090104158E-02  -3.689515141919506E-02  -2.047479195512138E-03  -1.577132881580783E-02 
#------------33----------- 
# coil_type  symm  coil_name 
  1   2  RotatedCurve28 
# Nseg current Ifree Length Lfree target_length 
  192   9.533930507012473E+06 0   3.300695088343409E+01 0   3.300695088343409E+01 
# NFcoil 
  12 
# Fourier harmonics for coils ( xc; xs; yc; ys; zc; zs) 
  1.104402434343035E+01   3.139356480445704E+00   6.208048635669464E-01  -1.036194297929724E-01  -7.903364088785728E-02  -1.296319837007215E-01   2.366167923393040E-02  -4.062017310912400E-02   1.811202907054743E-02  -1.356906896839671E-02   5.224430528243217E-02  -4.958476591963402E-02   3.040780660070979E-02 
  0.000000000000000E+00  -2.194650230463058E-01   6.793313648570199E-01  -7.294030788999983E-01   1.299084897192577E-01  -6.444779516046306E-02   4.518557250582476E-02   9.271106666109530E-02  -3.611286453572188E-02   7.579623646714105E-04   1.331915690202611E-02  -7.060911014898287E-03  -5.751114358126870E-03 
  4.322694547927860E+00   3.055013721486239E+00  -1.039383392638707E+00   3.518808500022191E-01  -8.704673099748265E-02   9.766444892279377E-02   6.770834496961531E-02  -7.719173530443657E-02  -6.562779828400289E-02   8.917079143908664E-03  -2.689109650364416E-02   5.715060235709941E-05   2.833598025433120E-02 
  0.000000000000000E+00  -4.380601350725778E-01  -1.106097488722790E-01  -8.187864596092800E-03   2.304380964358245E-01   5.544968756308283E-03  -1.028164953583013E-01  -7.737951432882087E-02   4.684248635055548E-02  -5.143035898156718E-02   7.215966953985649E-02  -1.434851831838962E-02   1.268589904001291E-02 
 -1.419211060128144E+00   9.078106026491131E-02  -8.867819690729287E-02  -3.762772992398688E-01  -9.582163077021226E-02  -5.678713533658734E-02   4.000568897240099E-03   4.619619677852799E-02   7.798655387800975E-02  -4.528525534278768E-03   7.903858770629374E-03  -1.637350973655573E-02  -4.536751335757332E-04 
  0.000000000000000E+00  -4.323429971921365E+00   1.918479195814700E-01  -7.856058369949395E-02   3.350954197834110E-02   2.338647312706220E-01   1.148232319587969E-01   5.538674169817274E-02   1.221964812613331E-02  -6.340461761038410E-02  -7.391740831917059E-03   6.929028871154192E-03  -1.216948472897519E-02 
#------------34----------- 
# coil_type  symm  coil_name 
  1   2  RotatedCurve29 
# Nseg current Ifree Length Lfree target_length 
  192   9.440064221533343E+06 0   3.711910279807762E+01 0   3.711910279807762E+01 
# NFcoil 
  12 
# Fourier harmonics for coils ( xc; xs; yc; ys; zc; zs) 
  9.712293040569909E+00   2.716715355052437E+00   1.326237893624388E-01   3.927106815006626E-01  -5.229431385825202E-02   3.704011180458702E-02  -1.398825400621712E-01   6.830886844576699E-02   2.314247346434899E-02  -3.039546649013283E-02   4.608950343970444E-02   5.084425071316167E-03  -1.855151098034732E-02 
  0.000000000000000E+00  -4.651646846325028E-01   1.130194285370282E+00  -7.942670188860521E-01   6.489536381488289E-03  -1.163056851280940E-01   7.563851513786513E-02   7.509906702334854E-02  -8.474755504057319E-03  -5.580060831154274E-02   3.787962366718448E-02   4.772599883843447E-03  -4.025430467054425E-02 
  6.428426542041836E+00   3.209626011011638E+00  -1.782644068218628E+00   1.974557175498757E-01  -4.134138770025690E-01  -1.118345027011831E-02  -8.633356275705316E-03   6.661866727862188E-02   1.407128908479140E-03   1.713225266988497E-02   4.829878508960882E-02  -2.530552693616602E-02   2.281175930165918E-02 
  0.000000000000000E+00  -9.416345230077148E-01  -5.796192029265336E-01   2.408453918933141E-01  -1.899495624655210E-02   2.808560810667633E-01   5.353545957829625E-02   9.356033598328523E-02   2.437891569711019E-02  -3.755100082129120E-03  -8.486875666199043E-03   2.259470709220163E-02  -2.046106943623256E-02 
 -5.904815654119632E-01   1.144960288741259E+00   1.487027997871690E-01  -6.183630119372479E-01  -1.433510278270270E-01  -7.583604706361227E-02   8.120571490314368E-02  -8.398402228157879E-02  -7.550057410983223E-03   2.595717755510607E-02  -4.607786572506773E-02   3.015335151613414E-02  -2.535974389372015E-02 
  0.000000000000000E+00  -3.937729917433521E+00  -1.612759770331433E-01  -4.105072015899739E-01   4.220900620550239E-02   5.860964118871333E-02  -6.808672617829182E-03   5.202555162776385E-02   1.150828319583016E-02   1.741388994821508E-03  -2.396152181569407E-02   4.343850653327455E-02  -2.167554636102892E-02 
#------------35----------- 
# coil_type  symm  coil_name 
  1   2  RotatedCurve30 
# Nseg current Ifree Length Lfree target_length 
  192   1.025478070595101E+07 0   3.792429273369410E+01 0   3.792429273369410E+01 
# NFcoil 
  12 
# Fourier harmonics for coils ( xc; xs; yc; ys; zc; zs) 
  8.623152510491156E+00   2.903477291392731E+00  -6.689769029018103E-01   5.051084536533018E-01   2.073693850674481E-01   2.662758286654304E-01  -8.379547107215914E-02   1.051931200126181E-01   4.173007826741992E-02  -7.230707475660343E-04  -2.429900959416284E-02   5.375508775819789E-02  -2.186811290326210E-02 
  0.000000000000000E+00  -1.479889471817843E-01   1.648337746873215E+00  -3.971843798476897E-01   3.984842561530115E-01  -5.382586383549831E-02  -4.788189709683846E-02   5.856248068485174E-02  -4.954785560224310E-02   2.572841775126377E-02  -4.706071359727553E-02   6.571683954895821E-02  -3.149604576300927E-02 
  7.878274885640892E+00   3.460368987799319E+00  -1.487728842927363E+00   3.752795630123137E-01  -2.502981924769517E-01  -1.292497205264594E-01  -2.874254371297542E-02  -6.971034310275667E-02   3.801806688920477E-02  -1.576076717377103E-02   9.964521481930329E-02  -4.941608355193059E-02   3.343332667246412E-02 
  0.000000000000000E+00  -7.894136931224283E-01  -1.129343611470170E+00  -1.016787001614708E-01  -3.624638979717679E-01  -1.153006286894076E-01  -1.706609725132115E-02   8.632197986310593E-02   1.512427297988055E-02  -1.359606395826299E-03  -7.346559693151795E-03   1.635788223535829E-02  -3.329950954188224E-02 
  1.227082213616888E-01   7.730388232766691E-01   5.488807066641843E-02  -5.104035674825125E-01  -8.672331798063281E-02   2.538988048217420E-01   3.695915974720135E-02   3.379392853193026E-02   5.110797212612785E-02   1.631539504919224E-01  -7.859741150541910E-02   5.030122865087688E-02  -7.597863948627230E-03 
  0.000000000000000E+00  -2.731638770895608E+00   6.207321037259661E-01  -3.360320820134574E-01   1.747040802358795E-01   2.094912152079285E-01   1.028021523849739E-01  -4.263711288218695E-02   6.436869283737524E-02  -6.311153267179207E-04  -7.426301085624086E-02   4.087333818598643E-02  -1.832550592403614E-02 
#------------36----------- 
# coil_type  symm  coil_name 
  1   2  RotatedCurve31 
# Nseg current Ifree Length Lfree target_length 
  192  -9.778727815621039E+06 0   3.501081180414978E+01 0   3.501081180414978E+01 
# NFcoil 
  12 
# Fourier harmonics for coils ( xc; xs; yc; ys; zc; zs) 
  1.390897569826389E+01   3.754255088276372E+00   4.147809971534772E-01  -4.652557788134597E-01   3.873502766561804E-01   6.783402760534271E-02  -1.721548284177823E-02  -5.659120532817321E-03   1.145271060675089E-01  -4.342205453637684E-02   2.782861001695646E-02   5.455896728503086E-03   4.075594761894472E-02 
  0.000000000000000E+00  -2.628823699218930E-02   8.448105428276984E-02  -2.685866509598336E-01  -3.360842324878636E-02   5.056413329723226E-02  -5.444324975936003E-02  -7.610744873442591E-03   1.587119934862001E-02   7.289679131340078E-03   3.456635229390877E-02   8.271789319735904E-03  -1.825797339810167E-02 
  1.334780805838800E+00   6.030676914514629E-01  -1.773938604977907E-01  -1.456962426956298E-01   1.908477808111679E-02  -6.859129810480689E-02   1.014704612966915E-01  -4.289265955944506E-02  -1.873138282444329E-02   2.474370652619355E-02   1.231125818904303E-02  -3.833174036344762E-02   1.090642795034077E-02 
  0.000000000000000E+00  -1.815030663422009E+00   1.223875601426727E+00  -5.684374929061455E-01   3.002165307032165E-01  -1.531387324874734E-01   8.227893922598432E-02  -6.340584029414320E-02   1.940058702838405E-02  -2.948087585511857E-02   3.198416540108003E-02  -3.537599024736967E-02  -4.910523500224643E-03 
 -3.456390507509255E-01  -1.940780984141760E-01   1.831189951468504E-01  -1.129090179972181E-01   9.451978668670581E-02   6.903265098970643E-02  -3.181822260911259E-02   5.046528086424695E-02   4.602255754112211E-02  -2.729912642442987E-02   1.074003777611884E-02  -2.693014600885406E-02  -4.190784975412282E-02 
  0.000000000000000E+00  -5.677337987574044E+00   6.949880304234969E-02  -1.649958732088407E-01  -1.583680366179765E-02  -2.942230230105918E-01   8.454358126149679E-02  -7.143014787777716E-02  -1.762988026208813E-02  -5.569714712138978E-02   7.121744952815100E-03  -4.853326206018281E-02  -3.839760619300486E-03 
#------------37----------- 
# coil_type  symm  coil_name 
  1   2  RotatedCurve32 
# Nseg current Ifree Length Lfree target_length 
  192  -9.573911467971222E+06 0   3.418136261548439E+01 0   3.418136261548439E+01 
# NFcoil 
  12 
# Fourier harmonics for coils ( xc; xs; yc; ys; zc; zs) 
  1.272472050347097E+01   3.615669130937646E+00   6.820345673978262E-01  -8.107783535275254E-02   1.836026475902336E-01  -6.104265240325694E-02  -1.853547292493809E-02   7.204295318865171E-02  -3.035313402652792E-02   5.902871705285626E-02   2.256944087551333E-02   1.287974859872469E-02   2.285760459721285E-02 
  0.000000000000000E+00  -1.592031266574342E-01   5.308544851050394E-01  -4.613038130158031E-01   1.880819198615147E-01   4.287294114915729E-02   4.073424176241506E-03  -1.963539424184017E-02   2.219824639626863E-02  -3.721934845147126E-02  -3.204276496708194E-02  -2.140298568509895E-02  -1.206555452704211E-02 
  3.177774816249726E+00   1.855015468409609E+00  -8.626250337315728E-01   4.522402271254962E-01  -1.100667729314411E-01   4.098819484520280E-02  -1.084506407157877E-01   9.947375410661875E-02  -8.410418466473363E-02   4.738562042603545E-02  -4.886940333822443E-02   2.522648362448108E-02  -2.469447108670473E-02 
  0.000000000000000E+00  -1.552171700618184E+00   8.269577989574223E-01  -6.181214383809833E-01   1.585622791726733E-01  -8.164727256130440E-02   1.409881987731773E-02  -4.158835628386006E-02  -6.195174891210524E-03  -2.151789787444757E-02  -2.513303630858058E-02   1.698625769918444E-02  -2.132289649541801E-02 
 -1.228314823525598E+00   1.646100400273401E-01  -1.483069350369690E-01  -3.754027603831393E-01  -1.694072678094174E-01   1.155586738849053E-01  -1.184233263068994E-01   1.540585843531125E-03  -4.877420339560722E-02  -2.847281920255459E-02  -1.135235788364262E-02  -2.328627610827151E-02   2.963578722982085E-02 
  0.000000000000000E+00  -5.092699069186605E+00  -1.703746235615189E-02  -1.079465620583245E-01   4.618643753649481E-03  -3.094990726578560E-03  -3.799767119012572E-02  -7.204190027341995E-02  -5.526055846763780E-03  -2.770337090104158E-02  -3.689515141919506E-02  -2.047479195512138E-03  -1.577132881580783E-02 
#------------38----------- 
# coil_type  symm  coil_name 
  1   2  RotatedCurve33 
# Nseg current Ifree Length Lfree target_length 
  192  -9.533930507012473E+06 0   3.300695088343409E+01 0   3.300695088343409E+01 
# NFcoil 
  12 
# Fourier harmonics for coils ( xc; xs; yc; ys; zc; zs) 
  1.104402434343035E+01   3.139356480445704E+00   6.208048635669464E-01  -1.036194297929724E-01  -7.903364088785728E-02  -1.296319837007215E-01   2.366167923393040E-02  -4.062017310912400E-02   1.811202907054743E-02  -1.356906896839671E-02   5.224430528243217E-02  -4.958476591963402E-02   3.040780660070979E-02 
  0.000000000000000E+00  -2.194650230463058E-01   6.793313648570199E-01  -7.294030788999983E-01   1.299084897192577E-01  -6.444779516046306E-02   4.518557250582476E-02   9.271106666109530E-02  -3.611286453572188E-02   7.579623646714105E-04   1.331915690202611E-02  -7.060911014898287E-03  -5.751114358126870E-03 
  4.322694547927860E+00   3.055013721486239E+00  -1.039383392638707E+00   3.518808500022191E-01  -8.704673099748265E-02   9.766444892279377E-02   6.770834496961531E-02  -7.719173530443657E-02  -6.562779828400289E-02   8.917079143908664E-03  -2.689109650364416E-02   5.715060235709941E-05   2.833598025433120E-02 
  0.000000000000000E+00  -4.380601350725778E-01  -1.106097488722790E-01  -8.187864596092800E-03   2.304380964358245E-01   5.544968756308283E-03  -1.028164953583013E-01  -7.737951432882087E-02   4.684248635055548E-02  -5.143035898156718E-02   7.215966953985649E-02  -1.434851831838962E-02   1.268589904001291E-02 
 -1.419211060128144E+00   9.078106026491131E-02  -8.867819690729287E-02  -3.762772992398688E-01  -9.582163077021226E-02  -5.678713533658734E-02   4.000568897240099E-03   4.619619677852799E-02   7.798655387800975E-02  -4.528525534278768E-03   7.903858770629374E-03  -1.637350973655573E-02  -4.536751335757332E-04 
  0.000000000000000E+00  -4.323429971921365E+00   1.918479195814700E-01  -7.856058369949395E-02   3.350954197834110E-02   2.338647312706220E-01   1.148232319587969E-01   5.538674169817274E-02   1.221964812613331E-02  -6.340461761038410E-02  -7.391740831917059E-03   6.929028871154192E-03  -1.216948472897519E-02 
#------------39----------- 
# coil_type  symm  coil_name 
  1   2  RotatedCurve34 
# Nseg current Ifree Length Lfree target_length 
  192  -9.440064221533343E+06 0   3.711910279807762E+01 0   3.711910279807762E+01 
# NFcoil 
  12 
# Fourier harmonics for coils ( xc; xs; yc; ys; zc; zs) 
  9.712293040569909E+00   2.716715355052437E+00   1.326237893624388E-01   3.927106815006626E-01  -5.229431385825202E-02   3.704011180458702E-02  -1.398825400621712E-01   6.830886844576699E-02   2.314247346434899E-02  -3.039546649013283E-02   4.608950343970444E-02   5.084425071316167E-03  -1.855151098034732E-02 
  0.000000000000000E+00  -4.651646846325028E-01   1.130194285370282E+00  -7.942670188860521E-01   6.489536381488289E-03  -1.163056851280940E-01   7.563851513786513E-02   7.509906702334854E-02  -8.474755504057319E-03  -5.580060831154274E-02   3.787962366718448E-02   4.772599883843447E-03  -4.025430467054425E-02 
  6.428426542041836E+00   3.209626011011638E+00  -1.782644068218628E+00   1.974557175498757E-01  -4.134138770025690E-01  -1.118345027011831E-02  -8.633356275705316E-03   6.661866727862188E-02   1.407128908479140E-03   1.713225266988497E-02   4.829878508960882E-02  -2.530552693616602E-02   2.281175930165918E-02 
  0.000000000000000E+00  -9.416345230077148E-01  -5.796192029265336E-01   2.408453918933141E-01  -1.899495624655210E-02   2.808560810667633E-01   5.353545957829625E-02   9.356033598328523E-02   2.437891569711019E-02  -3.755100082129120E-03  -8.486875666199043E-03   2.259470709220163E-02  -2.046106943623256E-02 
 -5.904815654119632E-01   1.144960288741259E+00   1.487027997871690E-01  -6.183630119372479E-01  -1.433510278270270E-01  -7.583604706361227E-02   8.120571490314368E-02  -8.398402228157879E-02  -7.550057410983223E-03   2.595717755510607E-02  -4.607786572506773E-02   3.015335151613414E-02  -2.535974389372015E-02 
  0.000000000000000E+00  -3.937729917433521E+00  -1.612759770331433E-01  -4.105072015899739E-01   4.220900620550239E-02   5.860964118871333E-02  -6.808672617829182E-03   5.202555162776385E-02   1.150828319583016E-02   1.741388994821508E-03  -2.396152181569407E-02   4.343850653327455E-02  -2.167554636102892E-02 
#------------40----------- 
# coil_type  symm  coil_name 
  1   2  RotatedCurve35 
# Nseg current Ifree Length Lfree target_length 
  192  -1.025478070595101E+07 0   3.792429273369410E+01 0   3.792429273369410E+01 
# NFcoil 
  12 
# Fourier harmonics for coils ( xc; xs; yc; ys; zc; zs) 
  8.623152510491156E+00   2.903477291392731E+00  -6.689769029018103E-01   5.051084536533018E-01   2.073693850674481E-01   2.662758286654304E-01  -8.379547107215914E-02   1.051931200126181E-01   4.173007826741992E-02  -7.230707475660343E-04  -2.429900959416284E-02   5.375508775819789E-02  -2.186811290326210E-02 
  0.000000000000000E+00  -1.479889471817843E-01   1.648337746873215E+00  -3.971843798476897E-01   3.984842561530115E-01  -5.382586383549831E-02  -4.788189709683846E-02   5.856248068485174E-02  -4.954785560224310E-02   2.572841775126377E-02  -4.706071359727553E-02   6.571683954895821E-02  -3.149604576300927E-02 
  7.878274885640892E+00   3.460368987799319E+00  -1.487728842927363E+00   3.752795630123137E-01  -2.502981924769517E-01  -1.292497205264594E-01  -2.874254371297542E-02  -6.971034310275667E-02   3.801806688920477E-02  -1.576076717377103E-02   9.964521481930329E-02  -4.941608355193059E-02   3.343332667246412E-02 
  0.000000000000000E+00  -7.894136931224283E-01  -1.129343611470170E+00  -1.016787001614708E-01  -3.624638979717679E-01  -1.153006286894076E-01  -1.706609725132115E-02   8.632197986310593E-02   1.512427297988055E-02  -1.359606395826299E-03  -7.346559693151795E-03   1.635788223535829E-02  -3.329950954188224E-02 
  1.227082213616888E-01   7.730388232766691E-01   5.488807066641843E-02  -5.104035674825125E-01  -8.672331798063281E-02   2.538988048217420E-01   3.695915974720135E-02   3.379392853193026E-02   5.110797212612785E-02   1.631539504919224E-01  -7.859741150541910E-02   5.030122865087688E-02  -7.597863948627230E-03 
  0.000000000000000E+00  -2.731638770895608E+00   6.207321037259661E-01  -3.360320820134574E-01   1.747040802358795E-01   2.094912152079285E-01   1.028021523849739E-01  -4.263711288218695E-02   6.436869283737524E-02  -6.311153267179207E-04  -7.426301085624086E-02   4.087333818598643E-02  -1.832550592403614E-02 

