Problem type:
least_squares
nparams:
8
function_evaluation,seconds,x(0),x(1),x(2),x(3),x(4),x(5),x(6),x(7),objective_function
     0,  1.7861e+01, -1.0529045749347780e-01, -2.1396180517768509e-02,  1.6674541294830489e-01,  1.0600529607167870e-01,  1.3497323030325639e-01, -1.7000457163947710e-02,  2.2482880137350289e-01, -9.5399140404509322e-02,  5.7632884226677317e-01
     1,  1.1074e+02, -1.3454835164963647e-01, -2.7024000370390145e-02,  1.1345857162012270e-01,  1.0671228720106155e-01,  8.3966222441396579e-02, -3.7487039299690925e-02,  3.3032286813053902e-01, -1.5276360142273543e-01,  2.3971873660118801e+00
     2,  1.3020e+02, -1.1019899724662884e-01, -1.7633156881642645e-02,  1.8020488071544960e-01,  1.2432029056244992e-01,  1.2555506763154101e-01, -1.7030353962414566e-02,  2.3205462666082829e-01, -1.2044475905647675e-01,  2.2505252695943181e-01
     3,  2.0944e+02, -1.0604108661557719e-01, -2.3869040574206996e-02,  1.7470888774669904e-01,  1.3441980695271497e-01,  1.2105247279140231e-01, -2.2914528490901788e-02,  2.6002478480028063e-01, -1.3769124852660866e-01,  1.4632231430340850e-01
     4,  2.8925e+02, -1.2379155529872003e-01, -3.4942841029613182e-02,  1.4853799141697382e-01,  1.3521681369626587e-01,  1.2461113205678355e-01, -3.9144508968317344e-02,  3.1687535514505361e-01, -1.6339867366633959e-01,  2.1300697056937173e-01
     5,  3.0850e+02, -1.0931427810067046e-01, -2.6916106580820876e-02,  1.7148031102002967e-01,  1.3749190313110790e-01,  1.2333566094780654e-01, -2.7487200125692661e-02,  2.7381972361071144e-01, -1.4632140934682725e-01,  1.2442070412513034e-01
     6,  3.8840e+02, -1.1298744341849627e-01, -2.6558702804777075e-02,  1.6955943393238329e-01,  1.3853336025169816e-01,  1.2610231678166714e-01, -2.9255381537374954e-02,  2.8709734781704005e-01, -1.5751478800370960e-01,  1.0886919965221101e-01
     7,  4.6737e+02, -1.2048912665810951e-01, -2.6661766482982047e-02,  1.6287391943652402e-01,  1.3528841257051852e-01,  1.2473537201127290e-01, -3.1695919091790550e-02,  3.0007934293124111e-01, -1.6406410408841726e-01,  1.0170944463725011e-01
     8,  5.4555e+02, -1.2664397042453321e-01, -2.4713597426967791e-02,  1.5376678735240679e-01,  1.2649498383197547e-01,  1.2382968350166820e-01, -3.2462072960119978e-02,  3.1084625179786074e-01, -1.6745333184025130e-01,  9.3579343598173409e-02
     9,  6.2166e+02, -1.3207485105253119e-01, -2.5966937351270633e-02,  1.4375852770518616e-01,  1.1942767328583423e-01,  1.1930279259579189e-01, -3.6372195331466878e-02,  3.2143710401148068e-01, -1.6617397683360990e-01,  1.1623320863065199e-01
    10,  6.4112e+02, -1.2805576879331121e-01, -2.4974506152192658e-02,  1.5147089706678404e-01,  1.2405460524642145e-01,  1.2290602260454608e-01, -3.3722452382880838e-02,  3.1300975089883742e-01, -1.6694108849825015e-01,  8.6494108167101152e-02
    11,  7.1717e+02, -1.2931008224585061e-01, -2.3379211740497077e-02,  1.5046030018877052e-01,  1.2137356254644405e-01,  1.2024625000037670e-01, -3.2788359844746734e-02,  3.1291831843194207e-01, -1.6756542302966854e-01,  8.7224728113655767e-02
    12,  7.3668e+02, -1.2835346424804908e-01, -2.4635673599631668e-02,  1.5124800077082462e-01,  1.2327879336770084e-01,  1.2230744865358009e-01, -3.3735196554888776e-02,  3.1288038201030810e-01, -1.6718979171230916e-01,  8.5899016481969043e-02
    13,  8.1404e+02, -1.2858379527182340e-01, -2.4458958962059501e-02,  1.5082840240537335e-01,  1.2274321238310981e-01,  1.2148521379281579e-01, -3.3725937809371165e-02,  3.1313082532273151e-01, -1.6726706869923613e-01,  8.5716891097114362e-02
    14,  8.9229e+02, -1.2868346751361870e-01, -2.4420263327557999e-02,  1.5076171344710745e-01,  1.2261718472793504e-01,  1.2127626789735765e-01, -3.3745230656555124e-02,  3.1317444254861942e-01, -1.6732235995241837e-01,  8.6282450179399131e-02
    15,  9.1118e+02, -1.2860665248493910e-01, -2.4457481551299547e-02,  1.5081706299021697e-01,  1.2270380526585352e-01,  1.2143761412104175e-01, -3.3739635799337267e-02,  3.1313568447622464e-01, -1.6728614530425814e-01,  8.6674871749760019e-02
    16,  9.2980e+02, -1.2858885280356636e-01, -2.4460967749345912e-02,  1.5082728857269065e-01,  1.2273191846657064e-01,  1.2147476164876062e-01, -3.3730289556239336e-02,  3.1313115478093784e-01, -1.6727242955672883e-01,  8.6695604219801006e-02
    17,  9.4895e+02, -1.2858498559868503e-01, -2.4459703338311593e-02,  1.5082830629660182e-01,  1.2274028025566062e-01,  1.2148276291543909e-01, -3.3727062866283887e-02,  3.1313084418973136e-01, -1.6726843415519504e-01,  8.5687827042167056e-02
    18,  1.0267e+03, -1.2858745765663132e-01, -2.4460882179929758e-02,  1.5082782004679779e-01,  1.2273455648014875e-01,  1.2147764292260835e-01, -3.3729253930407627e-02,  3.1313095596407220e-01, -1.6727114219503894e-01,  8.6741770194515663e-02
    19,  1.0458e+03, -1.2858558413805798e-01, -2.4460062535521413e-02,  1.5082823327575931e-01,  1.2273882106117451e-01,  1.2148152572847128e-01, -3.3727619067188713e-02,  3.1313085591084816e-01, -1.6726911735302463e-01,  8.6844843926581455e-02
    20,  1.0644e+03, -1.2858513392975054e-01, -2.4459797352061496e-02,  1.5082829123823108e-01,  1.2273991372451194e-01,  1.2148245648105309e-01, -3.3727202327049816e-02,  3.1313084611864567e-01, -1.6726860526534282e-01,  8.6891558603536534e-02
    21,  1.0836e+03, -1.2858502259864649e-01, -2.4459727107710865e-02,  1.5082830273415224e-01,  1.2274018851539394e-01,  1.2148268648857474e-01, -3.3727097755159204e-02,  3.1313084460967511e-01, -1.6726847695083955e-01,  8.6913887266497014e-02
    22,  1.1034e+03, -1.2858499484347968e-01, -2.4459709297322538e-02,  1.5082830541865894e-01,  1.2274025731389020e-01,  1.2148274382012507e-01, -3.3727071589951557e-02,  3.1313084429082960e-01, -1.6726844485521697e-01,  8.6927709932427918e-02
    23,  1.1230e+03, -1.2858498790955863e-01, -2.4459704829106244e-02,  1.5082830607790851e-01,  1.2274027451979926e-01,  1.2148275814232390e-01, -3.3727065047290866e-02,  3.1313084421476300e-01, -1.6726843683026962e-01,  8.5687773722802257e-02
