s
0.01020408163265306, 0.07142857142857142, 0.1530612244897959, 0.21428571428571425, 0.2959183673469387, 0.3571428571428571, 0.43877551020408156, 0.5, 0.5612244897959183, 0.6428571428571428, 0.7040816326530611, 0.7857142857142856, 0.846938775510204, 0.9285714285714285, 0.9897959183673469
iteration, j dot B Redl, j dot B vmec
0, -243431.2715259199, -427477.06024925475, -531185.6000569798, -593127.4544383707, -675091.2662323728, -742710.5984796247, -845455.141591019, -929281.5955660894, -1011876.2716834097, -1098146.2770063872, -1119929.06686094, -1040631.9342067677, -858368.65693274, -407979.82369307574, -20344.826288492026, -157905.78539787105, -361439.76415613265, -468484.7399540771, -537683.0242428858, -657761.4550275437, -730682.6247855976, -799573.3655452877, -859266.5286883153, -903505.643523809, -931296.4280290055, -918828.5295169286, -819554.7025809957, -659362.3609099012, -335756.0798727346, -41774.093255749496
1, -243431.2715259199, -427477.06024925475, -531185.6000569798, -593127.4544383707, -675091.2662323728, -742710.5984796247, -845455.141591019, -929281.5955660894, -1011876.2716834097, -1098146.2770063872, -1119929.06686094, -1040631.9342067677, -858368.65693274, -407979.82369307574, -20344.826288492026, -157905.78539787105, -361439.76415613265, -468484.7399540771, -537683.0242428858, -657761.4550275437, -730682.6247855976, -799573.3655452877, -859266.5286883153, -903505.643523809, -931296.4280290055, -918828.5295169286, -819554.7025809957, -659362.3609099012, -335756.0798727346, -41774.093255749496
2, -243431.26050574513, -427477.0494644668, -531185.5943131523, -593127.4502967366, -675091.2632899324, -742710.5960293548, -845455.1395715608, -929281.5937794856, -1011876.2700930295, -1098146.2756556072, -1119929.0657035294, -1040631.9333493542, -858368.6563439864, -407979.8234950865, -20344.826284771116, -157906.4519105354, -361439.7759091088, -468484.7449184795, -537683.0240997301, -657761.4547909662, -730682.6244864021, -799573.3647302403, -859266.5279348391, -903505.6426901117, -931296.4276402352, -918828.5286505756, -819554.7016629789, -659362.3603779202, -335756.07959249883, -41774.09254680981
3, -243431.26809035928, -427477.0538804698, -531185.5918136823, -593127.4453329409, -675091.2556897759, -742710.5884940354, -845455.1298936713, -929281.6214743576, -1011876.3314411045, -1098146.327077451, -1119929.110051866, -1040631.9648696056, -858368.6770602707, -407979.82981389697, -20344.82636542645, -157905.778738112, -361439.7643757768, -468484.7334388499, -537683.0287845122, -657761.3631443966, -730682.67393119, -799572.0647681839, -859257.9922780344, -903504.3509974589, -931296.4957160561, -918828.4532097633, -819554.7238594991, -659362.3680507657, -335756.0887993969, -41774.087642792285
4, -243429.29058462477, -427475.07584501675, -531183.0110194396, -593124.4697685713, -675087.7821816071, -742706.713776171, -845450.5925259308, -929276.4008261396, -1011870.2795490369, -1098138.9804996885, -1119920.662205557, -1040622.1669759292, -858358.5488484885, -407972.4285783628, -20344.14746801262, -157904.72615667133, -361437.81504562043, -468482.28724201774, -537680.1915156756, -657758.0629910704, -730678.9672132569, -799569.4602501063, -859262.3352344922, -903501.3191659389, -931292.0149396101, -918824.2953434725, -819551.0127121998, -659359.3833212388, -335754.6182172312, -41773.89653906617
5, -243434.48011156684, -427482.5842450099, -531192.3699488549, -593134.9669833359, -675099.800859025, -742720.008285892, -845465.8445474702, -929293.2964875313, -1011888.8922099489, -1098159.7019232563, -1119942.4575249346, -1040643.8281401248, -858377.9786571963, -407983.71945828496, -20344.96261389305, -157909.85046815203, -361449.7913597449, -468497.7684306915, -537697.8791525617, -657779.6211017633, -730702.8965574497, -799595.5449513214, -859290.2370935096, -903530.6107480593, -931322.0880658806, -918853.875415384, -819577.32865491, -659380.5238116772, -335765.39415863255, -41775.23319041604
6, -243431.2936001273, -427477.0853339012, -531185.617010689, -593127.46203386, -675091.27255089, -742710.6095841045, -845455.1549982153, -929281.6079136751, -1011876.2835532634, -1098146.2926696076, -1119929.0873323777, -1040631.9594312982, -858368.6786132536, -407979.8302926461, -20344.825187448412, -157905.8970611025, -361439.7188566891, -468484.67695983814, -537683.0013629545, -657761.432271798, -730682.5264482786, -799573.2573276892, -859266.4991020518, -903505.5329362026, -931296.3256709512, -918828.4760367181, -819554.6475147981, -659362.3071403017, -335756.0558423531, -41774.07702100759
7, -243431.26275598686, -427477.0548580516, -531185.5989435698, -593127.4570675546, -675091.2699853479, -742710.6010656584, -845455.1442175275, -929281.5993713759, -1011876.2763171702, -1098146.2806944128, -1119929.0687479402, -1040631.9335927293, -858368.6558306919, -407979.82327234506, -20344.826435823168, -157905.76541509252, -361439.7670991778, -468484.7447079305, -537683.0200161737, -657761.4483048221, -730682.6345142623, -799573.3784653936, -859266.5181724892, -903505.6573670687, -931296.439345531, -918828.5258083658, -819554.6976145691, -659362.3668456055, -335756.0835470481, -41774.096162059584
8, -243433.14478432166, -427480.1547786652, -531189.4539882174, -593131.7524666013, -675096.1493515134, -742715.9610147116, -845461.2046660772, -929288.200725926, -1011883.3850749625, -1098153.8625877027, -1119936.680768914, -1040638.810665098, -858374.1636319461, -407982.2712275382, -20344.929648815338, -157907.0705821817, -361442.92532261426, -468488.8375620876, -537687.6821259329, -657767.1331843066, -730688.9196479425, -799580.2447251924, -859273.8977118104, -903513.3380068782, -931304.2963012177, -918836.3562641176, -819561.6765869232, -659367.9084688672, -335758.93943055026, -41774.441250553886
9, -243431.04829860467, -427476.8314956728, -531185.230794518, -593126.9708476341, -675090.621802167, -742709.8161647094, -845454.144952524, -929280.4116572832, -1011874.8765386561, -1098144.577126574, -1119927.151103412, -1040629.8395138152, -858366.6297392133, -407978.5025799352, -20344.720345205, -157906.35174572596, -361440.2451915543, -468485.3689973963, -537683.8055881566, -657762.3786701558, -730683.5704499104, -799574.3570242751, -859267.6391578123, -903506.7127458815, -931297.5993251824, -918829.5987779197, -819555.6144450689, -659363.1549744315, -335756.50730572, -41774.11222580103
10, -243431.2589023172, -427477.03597138764, -531185.5743408923, -593127.4296894771, -675091.2445913246, -742710.579426425, -845455.1241752144, -929281.5778244969, -1011876.2525863936, -1098146.2549538903, -1119929.041700927, -1040631.9047319709, -858368.6260339096, -407979.80196787533, -20344.824485993133, -157905.79422400513, -361439.75143185875, -468484.72251502756, -537683.0097701771, -657761.4378450797, -730682.597209872, -799573.3348051218, -859266.5073683284, -903505.6108943376, -931296.3959365588, -918828.5043115694, -819554.6796098434, -659362.3398653977, -335756.06935410027, -41774.08944834122
11, -256287.62852231224, -446983.408684343, -556390.2982168952, -622206.5412660344, -709835.7082274093, -782377.3754783492, -892504.4450223793, -982425.5096805684, -1071320.5091694184, -1165301.0217323564, -1191147.817896069, -1112106.5355463678, -922861.4785019753, -445573.72043573856, -22993.8323769821, -240211.39154555355, -438660.47270758235, -550535.3413882162, -616985.48081053, -708809.4021279601, -783486.4715210228, -890356.8104601563, -976989.0452149637, -1062550.0610374887, -1149750.0392527683, -1174158.0803546424, -1091848.6521824573, -904304.950556118, -439949.7441057221, -26083.597539416252
12, -247051.51010672477, -432470.16232790914, -538196.8192338103, -601625.1140863525, -685815.9224460061, -755428.9957050316, -861104.7446310988, -947284.0350152445, -1032336.7842724569, -1121727.6589566695, -1145323.2930182903, -1066834.2413543772, -882660.0401426654, -422851.25190521555, -21443.324140462755, -204559.19313638334, -411087.0991613601, -501066.3231292701, -580251.3436719462, -673910.5951262258, -748711.0077929114, -837237.753449591, -920357.495584499, -975587.2295177471, -1048264.8750001066, -1049508.9314273647, -964771.7709326339, -792562.7791899922, -381509.0271957984, -32340.448628214508
13, -242869.05092055915, -426203.3259904696, -529906.7846066346, -591970.7391774938, -674198.6161594505, -742101.2803226253, -845256.6768072629, -929405.5838841056, -1012360.5499945508, -1099153.1801344815, -1121331.196998333, -1042525.1994181044, -860440.551720281, -409512.0932346431, -20471.43736824633, -171774.29948264494, -376461.27580952836, -474926.6045618972, -548926.5513933824, -660391.2439463588, -734137.9460697324, -808319.1517467337, -875326.8573725007, -919992.2965865596, -961976.7844498889, -951377.716617333, -856973.717878298, -693964.0198353324, -345097.2296878101, -38172.695981385965
14, -242802.01323867217, -426350.86832845747, -529907.6972154079, -591827.2659930813, -673818.4544078601, -741489.784812037, -844318.3126870979, -928219.9129903981, -1010912.6199935031, -1097358.100422827, -1119307.9469499222, -1040284.3682828047, -858229.0780371067, -408020.9614424409, -20351.57936743764, -161498.08624634, -365270.7263557521, -469978.13578272145, -540527.5865986813, -658486.6506034095, -731613.7589686629, -801802.5112628747, -863386.9610327183, -907531.6301338867, -938880.1667521622, -926771.1221193629, -828693.4335959143, -667815.458199248, -337906.2033279004, -40823.40993740833
15, -243179.12945028074, -426952.23308391107, -530566.9691835858, -592484.9106558531, -674444.1951918576, -742075.2639302328, -844847.0686297143, -928703.9971979039, -1011341.7700282922, -1097693.310320495, -1119555.9955637853, -1040387.2527207216, -858222.7448557151, -407937.3653271408, -20341.915120533653, -158756.635464877, -362369.3185327318, -468847.23326719634, -538377.6431759655, -657956.2900511188, -730941.0632020397, -800143.8726391463, -860285.2559987955, -904500.9162182101, -933140.3391293433, -920744.2423314635, -821749.9105738163, -661390.1083855735, -336267.6601767947, -41543.83618470214
16, -243343.07798534248, -427264.20548307383, -530926.5282021102, -592853.3992729476, -674808.3069733591, -742426.7476982079, -845174.8795245651, -929008.1498891899, -1011614.5983336646, -1097910.2131944492, -1119720.4872918217, -1040470.9021269503, -858249.0109506352, -407921.70183801686, -20340.319200810365, -158096.86352568775, -361651.01191274036, -468562.7121503584, -537837.2039710116, -657798.336067958, -730735.5522566021, -799697.4600919952, -859491.7761544439, -903725.1449779834, -931711.0568356086, -919257.1042272376, -820048.4777024895, -659818.6803234214, -335865.75595373573, -41718.769358513484
17, -243410.24888999472, -427405.85054510424, -531095.9895610296, -593030.3412403851, -674987.0283229736, -742602.5216478766, -845342.8983713686, -929167.0833385541, -1011760.0627597729, -1098030.1332626948, -1119815.962648203, -1040529.0644332046, -858281.1030412384, -407931.57269883575, -20341.395087487253, -157932.123057378, -361464.97604101175, -468476.70925151074, -537684.8768924315, -657731.3209290747, -730656.3581622596, -799558.598514848, -859262.0626636004, -903503.7329499617, -931332.2446918112, -918861.9946327953, -819606.9720094544, -659418.2116285136, -335757.8532554777, -41758.4033566194
18, -243428.88423065929, -427456.795674279, -531159.6773720687, -593098.7470575115, -675059.1284858542, -742676.2728334189, -845417.8252297024, -929241.9953390511, -1011833.7944836853, -1098099.7518249052, -1119880.1203139022, -1040582.0985461032, -858322.7556531546, -407952.84315984, -20342.941703632187, -157904.39424718515, -361433.5586354592, -468471.10140240187, -537667.5529125953, -657737.656239978, -730659.5631727225, -799550.1531160577, -859237.7808167218, -903480.608110123, -931274.8511473422, -918802.5473046077, -819534.1579661905, -659349.4735202219, -335745.5355679409, -41769.36865795861
19, -243439.55395644717, -427481.5849994417, -531191.1708287211, -593133.6017229272, -675098.0693639314, -742718.3781584062, -845464.6019538176, -929292.4159452904, -1011887.8183072166, -1098157.6170208296, -1119939.0435065809, -1040637.6459659823, -858369.9568434451, -407977.44936689304, -20344.425245796414, -157898.4522965756, -361447.0159795437, -468494.68720075913, -537690.3768972524, -657770.0243434143, -730698.5001884024, -799590.9517420635, -859277.0836258298, -903524.4743744007, -931314.8953088863, -918842.599153538, -819567.6864860775, -659374.8193636272, -335762.67950202624, -41773.73406172733
