s
0.01020408163265306, 0.07142857142857142, 0.1530612244897959, 0.21428571428571425, 0.2959183673469387, 0.3571428571428571, 0.43877551020408156, 0.5, 0.5612244897959183, 0.6428571428571428, 0.7040816326530611, 0.7857142857142856, 0.846938775510204, 0.9285714285714285, 0.9897959183673469
iteration, j dot B Redl, j dot B vmec
0, -243431.2715308243, -427477.06025530223, -531185.6000592731, -593127.454439552, -675091.2662302107, -742710.5984763694, -845455.1415892855, -929281.5955699354, -1011876.2716873866, -1098146.277004662, -1119929.0668623294, -1040631.934209629, -858368.6569321093, -407979.8236934493, -20344.826288442993, -157905.78550657065, -361439.7641420851, -468484.73987114406, -537683.0243440495, -657761.4550865061, -730682.6246309875, -799573.3650507851, -859266.5289111409, -903505.6433855527, -931296.4280607771, -918828.529413033, -819554.7023363645, -659362.3608050272, -335756.0797939947, -41774.0912355231
1, -243431.2715308243, -427477.06025530223, -531185.6000592731, -593127.454439552, -675091.2662302107, -742710.5984763694, -845455.1415892855, -929281.5955699354, -1011876.2716873866, -1098146.277004662, -1119929.0668623294, -1040631.934209629, -858368.6569321093, -407979.8236934493, -20344.826288442993, -157905.78550657065, -361439.7641420851, -468484.73987114406, -537683.0243440495, -657761.4550865061, -730682.6246309875, -799573.3650507851, -859266.5289111409, -903505.6433855527, -931296.4280607771, -918828.529413033, -819554.7023363645, -659362.3608050272, -335756.0797939947, -41774.0912355231
2, -243431.2605063404, -427477.04946603865, -531185.5943131277, -593127.4502965347, -675091.2632906477, -742710.5960298966, -845455.1395698559, -929281.5937782808, -1011876.2700908296, -1098146.2756554165, -1119929.0657030023, -1040631.9333474063, -858368.6563463303, -407979.8234952787, -20344.82628470755, -157906.4519011223, -361439.7758914325, -468484.74490539345, -537683.0241825312, -657761.4547798705, -730682.624258257, -799573.3647938895, -859266.5278616545, -903505.6428812918, -931296.4273049535, -918828.5288420964, -819554.7017287496, -659362.3600968439, -335756.07943733694, -41774.09184575558
3, -243431.2680908022, -427477.0538801433, -531185.5918138237, -593127.4453353884, -675091.2556913282, -742710.5884980179, -845455.1298921786, -929281.6214759347, -1011876.3314390224, -1098146.327074851, -1119929.1100550669, -1040631.964862534, -858368.6770612595, -407979.82981464453, -20344.826365374203, -157905.77871630082, -361439.7643889001, -468484.73348778655, -537683.0287695565, -657761.3631596251, -730682.6739077189, -799572.0647424073, -859257.9923811998, -903504.3513154783, -931296.4957084066, -918828.4527877838, -819554.7240410475, -659362.3681464961, -335756.0887795197, -41774.0878220914
4, -243429.2905844524, -427475.0758473578, -531183.0110183433, -593124.469766135, -675087.7821783781, -742706.7137731273, -845450.59252642, -929276.400824437, -1011870.2795504167, -1098138.9804982126, -1119920.662205081, -1040622.1669761705, -858358.548847161, -407972.4285755715, -20344.14746817897, -157904.72617036555, -361437.8150819425, -468482.287227169, -537680.191498563, -657758.0629217587, -730678.9671502385, -799569.4601424473, -859262.3354936653, -903501.3188643004, -931292.014814849, -918824.2952881994, -819551.0127004255, -659359.3833617945, -335754.6183491187, -41773.89619595575
5, -243431.15391645493, -427477.0343708691, -531185.5989672322, -593127.4647398969, -675091.2908349906, -742710.630957795, -845455.1727550407, -929281.6141202434, -1011876.2628842324, -1098146.2035322024, -1119928.9228027484, -1040631.6768210051, -858368.3246407434, -407979.52054233965, -20344.79354209596, -157906.04273614133, -361439.9098604705, -468484.92157589766, -537683.2800627048, -657761.7518492371, -730682.904610906, -799573.6383517181, -859266.8672306393, -903505.9472492643, -931296.7839345878, -918828.83460041, -819554.9501902637, -659362.6002075886, -335756.1966160079, -41774.08910448292
6, -243431.27816303732, -427477.0606014379, -531185.5960169298, -593127.4481201181, -675091.2579756293, -742710.5894281105, -845455.1320716667, -929281.5863142451, -1011876.2635033932, -1098146.2721253752, -1119929.0662199007, -1040631.9417812862, -858368.6715078787, -407979.84147591534, -20344.828563722924, -157905.78825261566, -361439.76591361297, -468484.74253974244, -537683.0284368701, -657761.4605902841, -730682.6297705602, -799573.3709959004, -859266.5363961722, -903505.6498708861, -931296.4349714428, -918828.5367574478, -819554.7083631018, -659362.3652232642, -335756.08227447816, -41774.09311319314
7, -243431.27050552002, -427477.059680901, -531185.5996719131, -593127.4541735605, -675091.2658981716, -742710.5980192852, -845455.1411610291, -929281.5953537433, -1011876.2718276171, -1098146.2778175008, -1119929.068370935, -1040631.9368423771, -858368.6603765473, -407979.82676641736, -20344.826612921977, -157905.7836062637, -361439.76427559555, -468484.7401878979, -537683.0237836431, -657761.4544176243, -730682.6252716323, -799573.3657831579, -859266.528113659, -903505.6436245223, -931296.4285591003, -918828.5292099611, -819554.7020535504, -659362.3608959126, -335756.08000538783, -41774.09219033427
8, -243431.2720700949, -427477.06085085904, -531185.6004197405, -593127.4545407919, -675091.2661826457, -742710.5984646431, -845455.1416584249, -929281.5957804119, -1011876.2722158831, -1098146.2783548571, -1119929.0690915713, -1040631.9377508183, -858368.6611541841, -407979.8271695593, -20344.826621861594, -157905.78724881672, -361439.76392754377, -468484.73949628876, -537683.0245171736, -657761.4553267726, -730682.624030331, -799573.3644673702, -859266.5291227397, -903505.6423132219, -931296.4274268039, -918828.5297450124, -819554.7022824284, -659362.3604945169, -335756.0796873799, -41774.09074837339
9, -243431.27234075216, -427477.06168338214, -531185.6020744182, -593127.4567308917, -675091.2689958997, -742710.6016726517, -845455.1452637308, -929281.5995668742, -1011876.2760793804, -1098146.2821019776, -1119929.0725154155, -1040631.9403615093, -858368.6628635034, -407979.8276008256, -20344.826600582437, -157905.78787633806, -361439.7641421047, -468484.7396940123, -537683.0247739542, -657761.4558519113, -730682.6242099958, -799573.3647930796, -859266.5298092209, -903505.642865584, -931296.4280173552, -918828.5301235538, -819554.7030706439, -659362.3608906686, -335756.08007929777, -41774.090998536776
10, -243431.27048286673, -427477.05994009104, -531185.6004016108, -593127.4551799208, -675091.267489049, -742710.6001319882, -845455.1437527938, -929281.598080447, -1011876.2744624551, -1098146.2798447812, -1119929.0693393252, -1040631.9353155714, -858368.6562459994, -407979.82091970387, -20344.825801603904, -157905.7856723228, -361439.76409161004, -468484.73987944674, -537683.0242320981, -657761.4551253165, -730682.6246858451, -799573.3653301041, -859266.5288841684, -903505.6432848127, -931296.4284006938, -918828.5296644623, -819554.7025693281, -659362.3610367399, -335756.07991809637, -41774.09258158829
11, -243431.27038513357, -427477.0596147603, -531185.5999503803, -593127.4546364314, -675091.2666242475, -742710.5988612999, -845455.1418086916, -929281.5955192638, -1011876.271202015, -1098146.2756333987, -1119929.064604074, -1040631.9306555152, -858368.652680952, -407979.82013057265, -20344.82593052141, -157905.78482326484, -361439.7640081021, -468484.7398234162, -537683.02398167, -657761.4546843047, -730682.6249425012, -799573.3655581567, -859266.5287660371, -903505.6434562657, -931296.4283553994, -918828.5295688848, -819554.7022635316, -659362.3608254695, -335756.0798756957, -41774.09344119778
12, -243431.2762432818, -427477.06425337004, -531185.603775671, -593127.4575261512, -675091.2692246817, -742710.6016907401, -845455.1443554442, -929281.5973949423, -1011876.2723172647, -1098146.2759980818, -1119929.0645545416, -1040631.9301993188, -858368.6519206107, -407979.8197321028, -20344.825919660016, -157905.79280902768, -361439.76071029383, -468484.7353156675, -537683.022657927, -657761.4535474932, -730682.6177573554, -799573.3573878087, -859266.5272617537, -903505.6350556514, -931296.4210333256, -918828.526058074, -819554.6991433131, -659362.3564417252, -335756.0779280898, -41774.09064306862
13, -243431.28928240182, -427477.0945329217, -531185.6277998607, -593127.4754542788, -675091.2848098134, -742710.6189125099, -845455.163213525, -929281.617641725, -1011876.2930956557, -1098146.297294067, -1119929.087832853, -1040631.9606469978, -858368.6876610306, -407979.848590528, -20344.828268574296, -157905.9873280364, -361439.7537037088, -468484.72606471076, -537683.0677739006, -657761.5029984744, -730682.627168653, -799573.3463832804, -859266.575314648, -903505.638940891, -931296.4819964715, -918828.5543807321, -819554.7114045344, -659362.4129723073, -335756.1059873319, -41774.07692371698
14, -243431.27991670216, -427477.07282198896, -531185.6120846873, -593127.4649894433, -675091.2745031338, -742710.6051211411, -845455.146344586, -929281.5992663914, -1011876.2748162033, -1098146.28046655, -1119929.0715548713, -1040631.9415161542, -858368.6658410366, -407979.83057897486, -20344.826801442654, -157905.7854750196, -361439.76328045217, -468484.73937979445, -537683.0240871098, -657761.4551231619, -730682.6244761692, -799573.3646041099, -859266.5282284113, -903505.6421730112, -931296.426705648, -918828.5279238285, -819554.7006066903, -659362.3595771542, -335756.0791977315, -41774.092179034684
15, -253893.77046710128, -442779.6188339151, -553171.3255870994, -620488.8484132597, -710441.3772044088, -784894.3215632422, -897777.9367441458, -989973.8716442804, -1081317.6208338053, -1178824.2340852541, -1207467.9878891301, -1132036.2696339341, -944578.7657385862, -463633.18797885394, -25039.65896463833, -233601.41874615586, -433073.6119668013, -542996.1531738114, -608570.2905989081, -702882.5131540347, -780264.8242858411, -890302.7596871429, -977999.5379562099, -1066987.1194991095, -1156583.0041975076, -1184428.500371959, -1108306.317876926, -922846.5704159732, -456483.15282268083, -27750.254933269374
16, -244424.74336127477, -429291.6369473804, -535943.240787326, -600549.7784405164, -686581.0274341931, -757724.619540414, -865596.2013301477, -953554.397468834, -1040487.4789002696, -1132472.221646435, -1157957.2042275954, -1081457.7930732167, -897631.451635279, -433791.49284044444, -22481.868242193133, -206744.00253792506, -412838.0012821162, -504411.4091125389, -581930.6513654856, -675176.533474487, -750522.5208324459, -843716.722748145, -929360.0621232927, -989770.6618223472, -1067435.1142680002, -1073475.2510141158, -992466.5419085486, -818305.521189041, -395384.2782855487, -32435.22193575026
17, -240887.4065766803, -423546.977535511, -527414.8360248755, -589840.9832592887, -672617.6817935205, -740933.2315565923, -844602.889256723, -929106.8799632065, -1012403.6953259348, -1099627.1800647504, -1122111.951477691, -1043659.2450202934, -861720.4303526818, -410521.75848935056, -20573.372679189863, -173289.9380998304, -378101.2735016602, -475702.2395215569, -550045.5900305839, -660401.8173102485, -734201.8013084752, -809394.4242249613, -877440.0236622911, -922425.1406959705, -966434.6242339468, -956297.1361968445, -863003.7463595283, -699413.448213439, -346790.27998651523, -37727.15677310257
18, -242044.76170362782, -425097.5502080389, -528619.2477779738, -590622.3711257138, -672725.1097684801, -740452.2777334283, -843301.0209094754, -927172.3790739379, -1009803.3509189606, -1096126.5910611022, -1117978.3528391055, -1038866.9875739051, -856858.6050762857, -407099.1730078805, -20279.001229750887, -161596.66462690543, -365499.89090523147, -470046.7382072402, -540636.2246574967, -658420.0946790426, -731615.7306360995, -801922.3564941373, -863552.4229131615, -907764.7290119808, -939351.4985376556, -927219.9411709019, -829319.9547775681, -668385.951579657, -338007.39702396706, -40724.06731061649
19, -243028.06589953369, -426550.25715866487, -530091.6633036468, -591999.4753193214, -673941.4391164444, -741543.2447848783, -844251.9146539217, -928044.9903751067, -1010611.8064833195, -1096872.7959794886, -1118690.375855667, -1039530.092940218, -857464.4693290152, -407506.4767430033, -20316.1123135651, -158485.98525199931, -362084.89686284325, -468716.3048202948, -538157.1461833813, -657867.4100044008, -730847.3980472557, -799966.1912237344, -859966.4878478866, -904195.1169280643, -932598.2818648963, -920164.2834417976, -821110.6009747684, -660801.149221609, -336098.9003783152, -41597.11675082125
20, -243339.60672481643, -427192.649919607, -530814.9050910814, -592720.827015247, -674645.5875738369, -742236.8863998917, -844944.3142762426, -928746.2418651845, -1011324.1246668992, -1097596.7178825273, -1119411.6219787817, -1040216.4720256538, -858082.5702059048, -407897.90223469154, -20348.000918027385, -157976.55861459608, -361502.6537187479, -468483.01066502073, -537714.5051893994, -657733.6749264224, -730660.8254115613, -799581.1152980438, -859312.565063243, -903548.81975862, -931424.9917567654, -918958.0873351445, -819720.3066717568, -659522.2679485815, -335779.21980669996, -41744.36577830712
21, -243396.26663412966, -427392.4564543995, -531073.1247962756, -593002.5101457939, -674953.1049785567, -742562.7130195422, -845293.9842759052, -929111.3974175453, -1011699.7736878789, -1097970.1048448586, -1119764.0393355195, -1040503.1323800595, -858285.4800737961, -407969.19735030143, -20348.30565129242, -157927.94314690915, -361426.59753034025, -468452.9984012007, -537659.2806771764, -657721.6841648113, -730631.125591288, -799522.6586568704, -859227.422834015, -903455.5999291684, -931260.0776445591, -918794.99522971, -819531.5510951065, -659347.5787147004, -335738.0572747658, -41766.1676970165
22, -243431.85688278748, -427460.52352124266, -531162.781234635, -593101.6394856265, -675061.84897263, -742678.9577272004, -845420.7185234745, -929245.3412735567, -1011838.0157045451, -1098106.084735284, -1119889.0213757327, -1040595.8047645284, -858340.4130309087, -407970.46484033344, -20345.134704963948, -157903.83577106512, -361436.03036336036, -468477.79497636965, -537674.4212545267, -657748.8014930452, -730672.0208077747, -799563.003690302, -859250.2747574272, -903494.3468129546, -931286.4432337227, -918813.8440205643, -819542.8188063795, -659355.8103394564, -335750.9852047403, -41771.11452821028
23, -243437.76864917943, -427479.9078924775, -531189.2936789887, -593131.5887136208, -675095.6994225678, -742715.6593469211, -845461.2765897725, -929288.6665672676, -1011883.600079957, -1098152.7874436467, -1119933.920612726, -1040632.565860479, -858365.4716230393, -407974.8525511995, -20344.250513261046, -157907.8146897377, -361446.7913687363, -468493.716395506, -537691.6997427574, -657771.6077219222, -730696.8552180988, -799589.3647143597, -859277.760768983, -903523.5202287855, -931314.5255786686, -918841.7707381342, -819566.8080806123, -659374.8099658574, -335762.4894647612, -41773.44037654009
