periods   4 
begin filament 
mirror NIL 
  1.212360848473351E+00   6.084671838341605E-01   1.337202439947408E-01   1.000000000000000E+05
  1.224226398484443E+00   6.115406306301832E-01   1.281522840178311E-01   1.000000000000000E+05
  1.235556845729904E+00   6.176400002900835E-01   1.217231228293095E-01   1.000000000000000E+05
  1.245828107897039E+00   6.268223376160827E-01   1.138518423070628E-01   1.000000000000000E+05
  1.254490328448174E+00   6.389572047360940E-01   1.039586100047176E-01   1.000000000000000E+05
  1.261001229748225E+00   6.537197597401344E-01   9.149611812345582E-02   1.000000000000000E+05
  1.264859071747575E+00   6.705978463648020E-01   7.598349533940227E-02   1.000000000000000E+05
  1.265633042560231E+00   6.889134693823431E-01   5.704051436440889E-02   1.000000000000000E+05
  1.262989142197072E+00   7.078578082816216E-01   3.441957742958792E-02   1.000000000000000E+05
  1.256709987961649E+00   7.265377075974491E-01   8.032834133051781E-03   1.000000000000000E+05
  1.246707436696222E+00   7.440304902702999E-01  -2.202809722245039E-02   1.000000000000000E+05
  1.233027445882573E+00   7.594430783257859E-01  -5.548196493618764E-02   1.000000000000000E+05
  1.215847140348693E+00   7.719708630346706E-01  -9.185883333095252E-02   1.000000000000000E+05
  1.195464572468941E+00   7.809516077308534E-01  -1.305129103127421E-01   1.000000000000000E+05
  1.172282123751177E+00   7.859099199049404E-01  -1.706470976327660E-01   1.000000000000000E+05
  1.146784863919401E+00   7.865884865337911E-01  -2.113481436267688E-01   1.000000000000000E+05
  1.119515438332872E+00   7.829632812001914E-01  -2.516303571415283E-01   1.000000000000000E+05
  1.091047184334668E+00   7.752412419682481E-01  -2.904850528141466E-01   1.000000000000000E+05
  1.061957180873520E+00   7.638403757808616E-01  -3.269323215178763E-01   1.000000000000000E+05
  1.032800822317753E+00   7.493537405510576E-01  -3.600714179610409E-01   1.000000000000000E+05
  1.004089294015514E+00   7.325001556045700E-01  -3.891260684016377E-01   1.000000000000000E+05
  9.762710374392063E-01   7.140656659432757E-01  -4.134813349387945E-01   1.000000000000000E+05
  9.497179541662333E-01   6.948406251715439E-01  -4.327093082284084E-01   1.000000000000000E+05
  9.247167392649623E-01   6.755576838235391E-01  -4.465817879092184E-01   1.000000000000000E+05
  9.014653834341615E-01   6.568359291544463E-01  -4.550691745344980E-01   1.000000000000000E+05
  8.800745636574526E-01   6.391359159164030E-01  -4.583259448616361E-01   1.000000000000000E+05
  8.605733732923286E-01   6.227293947173383E-01  -4.566642104595944E-01   1.000000000000000E+05
  8.429186374135331E-01   6.076862644904699E-01  -4.505178639932644E-01   1.000000000000000E+05
  8.270069243729833E-01   5.938797605384634E-01  -4.404006041440500E-01   1.000000000000000E+05
  8.126883001849355E-01   5.810092746257008E-01  -4.268616236873442E-01   1.000000000000000E+05
  7.997808733381819E-01   5.686386343689784E-01  -4.104428968998779E-01   1.000000000000000E+05
  7.880852346385238E-01   5.562462886244347E-01  -3.916417948135603E-01   1.000000000000000E+05
  7.773979976644383E-01   5.432827805037647E-01  -3.708822060852264E-01   1.000000000000000E+05
  7.675237772090978E-01   5.292302388946466E-01  -3.484964961907173E-01   1.000000000000000E+05
  7.582850928206982E-01   5.136584443365979E-01  -3.247195754077321E-01   1.000000000000000E+05
  7.495298408656871E-01   4.962723438845889E-01  -2.996951651221861E-01   1.000000000000000E+05
  7.411361323502822E-01   4.769466749384544E-01  -2.734931631126237E-01   1.000000000000000E+05
  7.330144386531402E-01   4.557445396452259E-01  -2.461359241963435E-01   1.000000000000000E+05
  7.251071195966187E-01   4.329182423745900E-01  -2.176303966352706E-01   1.000000000000000E+05
  7.173855263911532E-01   4.088923289297878E-01  -1.880024718173668E-01   1.000000000000000E+05
  7.098449759322146E-01   3.842303989358276E-01  -1.573296726393590E-01   1.000000000000000E+05
  7.024979834031317E-01   3.595887526621556E-01  -1.257684495216850E-01   1.000000000000000E+05
  6.953662176650073E-01   3.356611437243435E-01  -9.357286133931030E-02   1.000000000000000E+05
  6.884717081366589E-01   3.131197285935163E-01  -6.110224616448177E-02   1.000000000000000E+05
  6.818278810660318E-01   2.925576574367260E-01  -2.881655720633737E-02   1.000000000000000E+05
  6.754310340551346E-01   2.744386061817263E-01   2.740747463277912E-03   1.000000000000000E+05
  6.692528659339081E-01   2.590579203345898E-01   3.297113148649487E-02   1.000000000000000E+05
  6.632346593912060E-01   2.465189849945355E-01   6.125844199894574E-02   1.000000000000000E+05
  6.572836611174215E-01   2.367270498129448E-01   8.701217515556513E-02   1.000000000000000E+05
  6.512721147175080E-01   2.294011494663019E-01   1.097126570062883E-01   1.000000000000000E+05
  6.450392736648657E-01   2.241031148890982E-01   1.289539533755726E-01   1.000000000000000E+05
  6.383965565952245E-01   2.202811180986268E-01   1.444804156171934E-01   1.000000000000000E+05
  6.311358106213342E-01   2.173238748598307E-01   1.562132490352098E-01   1.000000000000000E+05
  6.230404295217489E-01   2.146206635307038E-01   1.642643164885881E-01   1.000000000000000E+05
  6.138988459591592E-01   2.116217911532405E-01   1.689354875711263E-01   1.000000000000000E+05
  6.035196968477566E-01   2.078940945876927E-01   1.707031141342832E-01   1.000000000000000E+05
  5.917477671527691E-01   2.031665061579128E-01   1.701885394232467E-01   1.000000000000000E+05
  5.784796687302599E-01   1.973615966541538E-01   1.681168084829923E-01   1.000000000000000E+05
  5.636781248518721E-01   1.906102506247900E-01   1.652668250879565E-01   1.000000000000000E+05
  5.473837220353953E-01   1.832481149361768E-01   1.624169950834710E-01   1.000000000000000E+05
  5.297230678400330E-01   1.757940559955961E-01   1.602908334147916E-01   1.000000000000000E+05
  5.109124589478281E-01   1.689124200694772E-01   1.595070508207342E-01   1.000000000000000E+05
  4.912564132027638E-01   1.633622761860467E-01   1.605382714579136E-01   1.000000000000000E+05
  4.711407395935369E-01   1.599379113703195E-01   1.636817970067701E-01   1.000000000000000E+05
  4.510201913865572E-01   1.594055511905245E-01   1.690447925729728E-01   1.000000000000000E+05
  4.314011435479989E-01   1.624415391385365E-01   1.765450192461940E-01   1.000000000000000E+05
  4.128201257907946E-01   1.695770115807979E-01   1.859268908213866E-01   1.000000000000000E+05
  3.958193947747822E-01   1.811534778304930E-01   1.967913096662253E-01   1.000000000000000E+05
  3.809210118595909E-01   1.972927224795451E-01   2.086365579022133E-01   1.000000000000000E+05
  3.686010788722201E-01   2.178831860774386E-01   2.209065899868064E-01   1.000000000000000E+05
  3.592658526484969E-01   2.425835689341562E-01   2.330424730295498E-01   1.000000000000000E+05
  3.532313974806031E-01   2.708429699859465E-01   2.445325025550441E-01   1.000000000000000E+05
  3.507082412766877E-01   3.019355452225715E-01   2.549566995622722E-01   1.000000000000000E+05
  3.517921855472548E-01   3.350065615741366E-01   2.640219489814274E-01   1.000000000000000E+05
  3.564620014704206E-01   3.691259222334514E-01   2.715849154064017E-01   1.000000000000000E+05
  3.645842540624440E-01   4.033448067648630E-01   2.776609862060071E-01   1.000000000000000E+05
  3.759249711416430E-01   4.367510269726398E-01   2.824187412765158E-01   1.000000000000000E+05
  3.901673550785014E-01   4.685190337208773E-01   2.861607186963666E-01   1.000000000000000E+05
  4.069342660692713E-01   4.979511730488149E-01   2.892924224029202E-01   1.000000000000000E+05
  4.258138259996033E-01   5.245077060951174E-01   2.922824983947877E-01   1.000000000000000E+05
  4.463862357780527E-01   5.478241806575047E-01   2.956177065303008E-01   1.000000000000000E+05
  4.682497908072601E-01   5.677158667789099E-01   2.997566797111570E-01   1.000000000000000E+05
  4.910441316735055E-01   5.841700392335697E-01   3.050864670005182E-01   1.000000000000000E+05
  5.144689795269627E-01   5.973278115515505E-01   3.118855113597999E-01   1.000000000000000E+05
  5.382969637316527E-01   6.074579240568347E-01   3.202960573107398E-01   1.000000000000000E+05
  5.623796261802899E-01   6.149253129908560E-01   3.303080872046029E-01   1.000000000000000E+05
  5.866462444716374E-01   6.201574193882883E-01   3.417558352362432E-01   1.000000000000000E+05
  6.110957095161087E-01   6.236110452933639E-01   3.543268254432910E-01   1.000000000000000E+05
  6.357822727193915E-01   6.257421690428187E-01   3.675823248123108E-01   1.000000000000000E+05
  6.607964946109187E-01   6.269805508991858E-01   3.809871884046542E-01   1.000000000000000E+05
  6.862431360749717E-01   6.277102704666457E-01   3.939463767011652E-01   1.000000000000000E+05
  7.122179991115503E-01   6.282566195764746E-01   4.058449994794195E-01   1.000000000000000E+05
  7.387858219358787E-01   6.288791075858755E-01   4.160886112905929E-01   1.000000000000000E+05
  7.659612528733983E-01   6.297697882120979E-01   4.241406478153587E-01   1.000000000000000E+05
  7.936946736911080E-01   6.310557381862285E-01   4.295543192824180E-01   1.000000000000000E+05
  8.218642354007542E-01   6.328043356536707E-01   4.319969124396185E-01   1.000000000000000E+05
  8.502749412362373E-01   6.350300032117007E-01   4.312652247159109E-01   1.000000000000000E+05
  8.786650061911794E-01   6.377012756445607E-01   4.272916821312983E-01   1.000000000000000E+05
  9.067190909662154E-01   6.407473840808721E-01   4.201414940682142E-01   1.000000000000000E+05
  9.340874038912925E-01   6.440639597406917E-01   4.100018982848787E-01   1.000000000000000E+05
  9.604091389571371E-01   6.475178871238082E-01   3.971650880648793E-01   1.000000000000000E+05
  9.853383167923178E-01   6.509517140135761E-01   3.820067496842429E-01   1.000000000000000E+05
  1.008569853291416E+00   6.541882975951836E-01   3.649622552354540E-01   1.000000000000000E+05
  1.029863619366396E+00   6.570364906820267E-01   3.465024600962980E-01   1.000000000000000E+05
  1.049064381470944E+00   6.592986277653989E-01   3.271107750152517E-01   1.000000000000000E+05
  1.066115816830391E+00   6.607803582553335E-01   3.072627670847632E-01   1.000000000000000E+05
  1.081067255335877E+00   6.613030175398081E-01   2.874090512004638E-01   1.000000000000000E+05
  1.094072374474631E+00   6.607182692630562E-01   2.679617285488061E-01   1.000000000000000E+05
  1.105379717298255E+00   6.589242537149694E-01   2.492841735726869E-01   1.000000000000000E+05
  1.115315563307518E+00   6.558820051287443E-01   2.316836188395434E-01   1.000000000000000E+05
  1.124260303985269E+00   6.516305232599353E-01   2.154057763283387E-01   1.000000000000000E+05
  1.132620007554958E+00   6.462986624922125E-01   2.006306828297743E-01   1.000000000000000E+05
  1.140795257961597E+00   6.401119803337595E-01   1.874690644911044E-01   1.000000000000000E+05
  1.149149588805943E+00   6.333928907643781E-01   1.759587587806735E-01   1.000000000000000E+05
  1.157979885524933E+00   6.265528956358720E-01   1.660610715957586E-01   1.000000000000000E+05
  1.167490995196877E+00   6.200762921585447E-01   1.576573305936558E-01   1.000000000000000E+05
  1.177776474935319E+00   6.144955248481000E-01   1.505462644914961E-01   1.000000000000000E+05
  1.188806952978996E+00   6.103591945432033E-01   1.444431341919672E-01   1.000000000000000E+05
  1.200427009049649E+00   6.081945704183775E-01   1.389817150277909E-01   1.000000000000000E+05
  1.212360848473351E+00   6.084671838341605E-01   1.337202439947408E-01   1.000000000000000E+05
  1.212360848473351E+00   6.084671838341605E-01   1.337202439947408E-01   0.000000000000000E+00 1 CurveXYZFourier1 
  1.212360848473351E+00  -6.084671838341605E-01  -1.337202439947408E-01  -1.000000000000000E+05
  1.224226398484443E+00  -6.115406306301832E-01  -1.281522840178311E-01  -1.000000000000000E+05
  1.235556845729904E+00  -6.176400002900835E-01  -1.217231228293095E-01  -1.000000000000000E+05
  1.245828107897039E+00  -6.268223376160827E-01  -1.138518423070628E-01  -1.000000000000000E+05
  1.254490328448174E+00  -6.389572047360940E-01  -1.039586100047176E-01  -1.000000000000000E+05
  1.261001229748225E+00  -6.537197597401344E-01  -9.149611812345582E-02  -1.000000000000000E+05
  1.264859071747575E+00  -6.705978463648020E-01  -7.598349533940227E-02  -1.000000000000000E+05
  1.265633042560231E+00  -6.889134693823431E-01  -5.704051436440889E-02  -1.000000000000000E+05
  1.262989142197072E+00  -7.078578082816216E-01  -3.441957742958792E-02  -1.000000000000000E+05
  1.256709987961649E+00  -7.265377075974491E-01  -8.032834133051781E-03  -1.000000000000000E+05
  1.246707436696222E+00  -7.440304902702999E-01   2.202809722245039E-02  -1.000000000000000E+05
  1.233027445882573E+00  -7.594430783257859E-01   5.548196493618764E-02  -1.000000000000000E+05
  1.215847140348693E+00  -7.719708630346706E-01   9.185883333095252E-02  -1.000000000000000E+05
  1.195464572468941E+00  -7.809516077308534E-01   1.305129103127421E-01  -1.000000000000000E+05
  1.172282123751177E+00  -7.859099199049404E-01   1.706470976327660E-01  -1.000000000000000E+05
  1.146784863919401E+00  -7.865884865337911E-01   2.113481436267688E-01  -1.000000000000000E+05
  1.119515438332872E+00  -7.829632812001914E-01   2.516303571415283E-01  -1.000000000000000E+05
  1.091047184334668E+00  -7.752412419682481E-01   2.904850528141466E-01  -1.000000000000000E+05
  1.061957180873520E+00  -7.638403757808616E-01   3.269323215178763E-01  -1.000000000000000E+05
  1.032800822317753E+00  -7.493537405510576E-01   3.600714179610409E-01  -1.000000000000000E+05
  1.004089294015514E+00  -7.325001556045700E-01   3.891260684016377E-01  -1.000000000000000E+05
  9.762710374392063E-01  -7.140656659432757E-01   4.134813349387945E-01  -1.000000000000000E+05
  9.497179541662333E-01  -6.948406251715439E-01   4.327093082284084E-01  -1.000000000000000E+05
  9.247167392649623E-01  -6.755576838235391E-01   4.465817879092184E-01  -1.000000000000000E+05
  9.014653834341615E-01  -6.568359291544463E-01   4.550691745344980E-01  -1.000000000000000E+05
  8.800745636574526E-01  -6.391359159164030E-01   4.583259448616361E-01  -1.000000000000000E+05
  8.605733732923286E-01  -6.227293947173383E-01   4.566642104595944E-01  -1.000000000000000E+05
  8.429186374135331E-01  -6.076862644904699E-01   4.505178639932644E-01  -1.000000000000000E+05
  8.270069243729833E-01  -5.938797605384634E-01   4.404006041440500E-01  -1.000000000000000E+05
  8.126883001849355E-01  -5.810092746257008E-01   4.268616236873442E-01  -1.000000000000000E+05
  7.997808733381819E-01  -5.686386343689784E-01   4.104428968998779E-01  -1.000000000000000E+05
  7.880852346385238E-01  -5.562462886244347E-01   3.916417948135603E-01  -1.000000000000000E+05
  7.773979976644383E-01  -5.432827805037647E-01   3.708822060852264E-01  -1.000000000000000E+05
  7.675237772090978E-01  -5.292302388946466E-01   3.484964961907173E-01  -1.000000000000000E+05
  7.582850928206982E-01  -5.136584443365979E-01   3.247195754077321E-01  -1.000000000000000E+05
  7.495298408656871E-01  -4.962723438845889E-01   2.996951651221861E-01  -1.000000000000000E+05
  7.411361323502822E-01  -4.769466749384544E-01   2.734931631126237E-01  -1.000000000000000E+05
  7.330144386531402E-01  -4.557445396452259E-01   2.461359241963435E-01  -1.000000000000000E+05
  7.251071195966187E-01  -4.329182423745900E-01   2.176303966352706E-01  -1.000000000000000E+05
  7.173855263911532E-01  -4.088923289297878E-01   1.880024718173668E-01  -1.000000000000000E+05
  7.098449759322146E-01  -3.842303989358276E-01   1.573296726393590E-01  -1.000000000000000E+05
  7.024979834031317E-01  -3.595887526621556E-01   1.257684495216850E-01  -1.000000000000000E+05
  6.953662176650073E-01  -3.356611437243435E-01   9.357286133931030E-02  -1.000000000000000E+05
  6.884717081366589E-01  -3.131197285935163E-01   6.110224616448177E-02  -1.000000000000000E+05
  6.818278810660318E-01  -2.925576574367260E-01   2.881655720633737E-02  -1.000000000000000E+05
  6.754310340551346E-01  -2.744386061817263E-01  -2.740747463277912E-03  -1.000000000000000E+05
  6.692528659339081E-01  -2.590579203345898E-01  -3.297113148649487E-02  -1.000000000000000E+05
  6.632346593912060E-01  -2.465189849945355E-01  -6.125844199894574E-02  -1.000000000000000E+05
  6.572836611174215E-01  -2.367270498129448E-01  -8.701217515556513E-02  -1.000000000000000E+05
  6.512721147175080E-01  -2.294011494663019E-01  -1.097126570062883E-01  -1.000000000000000E+05
  6.450392736648657E-01  -2.241031148890982E-01  -1.289539533755726E-01  -1.000000000000000E+05
  6.383965565952245E-01  -2.202811180986268E-01  -1.444804156171934E-01  -1.000000000000000E+05
  6.311358106213342E-01  -2.173238748598307E-01  -1.562132490352098E-01  -1.000000000000000E+05
  6.230404295217489E-01  -2.146206635307038E-01  -1.642643164885881E-01  -1.000000000000000E+05
  6.138988459591592E-01  -2.116217911532405E-01  -1.689354875711263E-01  -1.000000000000000E+05
  6.035196968477566E-01  -2.078940945876927E-01  -1.707031141342832E-01  -1.000000000000000E+05
  5.917477671527691E-01  -2.031665061579128E-01  -1.701885394232467E-01  -1.000000000000000E+05
  5.784796687302599E-01  -1.973615966541538E-01  -1.681168084829923E-01  -1.000000000000000E+05
  5.636781248518721E-01  -1.906102506247900E-01  -1.652668250879565E-01  -1.000000000000000E+05
  5.473837220353953E-01  -1.832481149361768E-01  -1.624169950834710E-01  -1.000000000000000E+05
  5.297230678400330E-01  -1.757940559955961E-01  -1.602908334147916E-01  -1.000000000000000E+05
  5.109124589478281E-01  -1.689124200694772E-01  -1.595070508207342E-01  -1.000000000000000E+05
  4.912564132027638E-01  -1.633622761860467E-01  -1.605382714579136E-01  -1.000000000000000E+05
  4.711407395935369E-01  -1.599379113703195E-01  -1.636817970067701E-01  -1.000000000000000E+05
  4.510201913865572E-01  -1.594055511905245E-01  -1.690447925729728E-01  -1.000000000000000E+05
  4.314011435479989E-01  -1.624415391385365E-01  -1.765450192461940E-01  -1.000000000000000E+05
  4.128201257907946E-01  -1.695770115807979E-01  -1.859268908213866E-01  -1.000000000000000E+05
  3.958193947747822E-01  -1.811534778304930E-01  -1.967913096662253E-01  -1.000000000000000E+05
  3.809210118595909E-01  -1.972927224795451E-01  -2.086365579022133E-01  -1.000000000000000E+05
  3.686010788722201E-01  -2.178831860774386E-01  -2.209065899868064E-01  -1.000000000000000E+05
  3.592658526484969E-01  -2.425835689341562E-01  -2.330424730295498E-01  -1.000000000000000E+05
  3.532313974806031E-01  -2.708429699859465E-01  -2.445325025550441E-01  -1.000000000000000E+05
  3.507082412766877E-01  -3.019355452225715E-01  -2.549566995622722E-01  -1.000000000000000E+05
  3.517921855472548E-01  -3.350065615741366E-01  -2.640219489814274E-01  -1.000000000000000E+05
  3.564620014704206E-01  -3.691259222334514E-01  -2.715849154064017E-01  -1.000000000000000E+05
  3.645842540624440E-01  -4.033448067648630E-01  -2.776609862060071E-01  -1.000000000000000E+05
  3.759249711416430E-01  -4.367510269726398E-01  -2.824187412765158E-01  -1.000000000000000E+05
  3.901673550785014E-01  -4.685190337208773E-01  -2.861607186963666E-01  -1.000000000000000E+05
  4.069342660692713E-01  -4.979511730488149E-01  -2.892924224029202E-01  -1.000000000000000E+05
  4.258138259996033E-01  -5.245077060951174E-01  -2.922824983947877E-01  -1.000000000000000E+05
  4.463862357780527E-01  -5.478241806575047E-01  -2.956177065303008E-01  -1.000000000000000E+05
  4.682497908072601E-01  -5.677158667789099E-01  -2.997566797111570E-01  -1.000000000000000E+05
  4.910441316735055E-01  -5.841700392335697E-01  -3.050864670005182E-01  -1.000000000000000E+05
  5.144689795269627E-01  -5.973278115515505E-01  -3.118855113597999E-01  -1.000000000000000E+05
  5.382969637316527E-01  -6.074579240568347E-01  -3.202960573107398E-01  -1.000000000000000E+05
  5.623796261802899E-01  -6.149253129908560E-01  -3.303080872046029E-01  -1.000000000000000E+05
  5.866462444716374E-01  -6.201574193882883E-01  -3.417558352362432E-01  -1.000000000000000E+05
  6.110957095161087E-01  -6.236110452933639E-01  -3.543268254432910E-01  -1.000000000000000E+05
  6.357822727193915E-01  -6.257421690428187E-01  -3.675823248123108E-01  -1.000000000000000E+05
  6.607964946109187E-01  -6.269805508991858E-01  -3.809871884046542E-01  -1.000000000000000E+05
  6.862431360749717E-01  -6.277102704666457E-01  -3.939463767011652E-01  -1.000000000000000E+05
  7.122179991115503E-01  -6.282566195764746E-01  -4.058449994794195E-01  -1.000000000000000E+05
  7.387858219358787E-01  -6.288791075858755E-01  -4.160886112905929E-01  -1.000000000000000E+05
  7.659612528733983E-01  -6.297697882120979E-01  -4.241406478153587E-01  -1.000000000000000E+05
  7.936946736911080E-01  -6.310557381862285E-01  -4.295543192824180E-01  -1.000000000000000E+05
  8.218642354007542E-01  -6.328043356536707E-01  -4.319969124396185E-01  -1.000000000000000E+05
  8.502749412362373E-01  -6.350300032117007E-01  -4.312652247159109E-01  -1.000000000000000E+05
  8.786650061911794E-01  -6.377012756445607E-01  -4.272916821312983E-01  -1.000000000000000E+05
  9.067190909662154E-01  -6.407473840808721E-01  -4.201414940682142E-01  -1.000000000000000E+05
  9.340874038912925E-01  -6.440639597406917E-01  -4.100018982848787E-01  -1.000000000000000E+05
  9.604091389571371E-01  -6.475178871238082E-01  -3.971650880648793E-01  -1.000000000000000E+05
  9.853383167923178E-01  -6.509517140135761E-01  -3.820067496842429E-01  -1.000000000000000E+05
  1.008569853291416E+00  -6.541882975951836E-01  -3.649622552354540E-01  -1.000000000000000E+05
  1.029863619366396E+00  -6.570364906820267E-01  -3.465024600962980E-01  -1.000000000000000E+05
  1.049064381470944E+00  -6.592986277653989E-01  -3.271107750152517E-01  -1.000000000000000E+05
  1.066115816830391E+00  -6.607803582553335E-01  -3.072627670847632E-01  -1.000000000000000E+05
  1.081067255335877E+00  -6.613030175398081E-01  -2.874090512004638E-01  -1.000000000000000E+05
  1.094072374474631E+00  -6.607182692630562E-01  -2.679617285488061E-01  -1.000000000000000E+05
  1.105379717298255E+00  -6.589242537149694E-01  -2.492841735726869E-01  -1.000000000000000E+05
  1.115315563307518E+00  -6.558820051287443E-01  -2.316836188395434E-01  -1.000000000000000E+05
  1.124260303985269E+00  -6.516305232599353E-01  -2.154057763283387E-01  -1.000000000000000E+05
  1.132620007554958E+00  -6.462986624922125E-01  -2.006306828297743E-01  -1.000000000000000E+05
  1.140795257961597E+00  -6.401119803337595E-01  -1.874690644911044E-01  -1.000000000000000E+05
  1.149149588805943E+00  -6.333928907643781E-01  -1.759587587806735E-01  -1.000000000000000E+05
  1.157979885524933E+00  -6.265528956358720E-01  -1.660610715957586E-01  -1.000000000000000E+05
  1.167490995196877E+00  -6.200762921585447E-01  -1.576573305936558E-01  -1.000000000000000E+05
  1.177776474935319E+00  -6.144955248481000E-01  -1.505462644914961E-01  -1.000000000000000E+05
  1.188806952978996E+00  -6.103591945432033E-01  -1.444431341919672E-01  -1.000000000000000E+05
  1.200427009049649E+00  -6.081945704183775E-01  -1.389817150277909E-01  -1.000000000000000E+05
  1.212360848473351E+00  -6.084671838341605E-01  -1.337202439947408E-01  -1.000000000000000E+05
  1.212360848473351E+00  -6.084671838341605E-01  -1.337202439947408E-01   0.000000000000000E+00 2 RotatedCurve8 
 -6.084671838341604E-01   1.212360848473351E+00   1.337202439947408E-01   1.000000000000000E+05
 -6.115406306301830E-01   1.224226398484443E+00   1.281522840178311E-01   1.000000000000000E+05
 -6.176400002900834E-01   1.235556845729904E+00   1.217231228293095E-01   1.000000000000000E+05
 -6.268223376160826E-01   1.245828107897039E+00   1.138518423070628E-01   1.000000000000000E+05
 -6.389572047360939E-01   1.254490328448174E+00   1.039586100047176E-01   1.000000000000000E+05
 -6.537197597401343E-01   1.261001229748225E+00   9.149611812345582E-02   1.000000000000000E+05
 -6.705978463648019E-01   1.264859071747575E+00   7.598349533940227E-02   1.000000000000000E+05
 -6.889134693823430E-01   1.265633042560231E+00   5.704051436440889E-02   1.000000000000000E+05
 -7.078578082816215E-01   1.262989142197072E+00   3.441957742958792E-02   1.000000000000000E+05
 -7.265377075974490E-01   1.256709987961649E+00   8.032834133051781E-03   1.000000000000000E+05
 -7.440304902702998E-01   1.246707436696222E+00  -2.202809722245039E-02   1.000000000000000E+05
 -7.594430783257858E-01   1.233027445882573E+00  -5.548196493618764E-02   1.000000000000000E+05
 -7.719708630346704E-01   1.215847140348693E+00  -9.185883333095252E-02   1.000000000000000E+05
 -7.809516077308533E-01   1.195464572468941E+00  -1.305129103127421E-01   1.000000000000000E+05
 -7.859099199049403E-01   1.172282123751177E+00  -1.706470976327660E-01   1.000000000000000E+05
 -7.865884865337910E-01   1.146784863919401E+00  -2.113481436267688E-01   1.000000000000000E+05
 -7.829632812001913E-01   1.119515438332872E+00  -2.516303571415283E-01   1.000000000000000E+05
 -7.752412419682480E-01   1.091047184334668E+00  -2.904850528141466E-01   1.000000000000000E+05
 -7.638403757808615E-01   1.061957180873520E+00  -3.269323215178763E-01   1.000000000000000E+05
 -7.493537405510575E-01   1.032800822317753E+00  -3.600714179610409E-01   1.000000000000000E+05
 -7.325001556045699E-01   1.004089294015514E+00  -3.891260684016377E-01   1.000000000000000E+05
 -7.140656659432756E-01   9.762710374392063E-01  -4.134813349387945E-01   1.000000000000000E+05
 -6.948406251715438E-01   9.497179541662333E-01  -4.327093082284084E-01   1.000000000000000E+05
 -6.755576838235390E-01   9.247167392649623E-01  -4.465817879092184E-01   1.000000000000000E+05
 -6.568359291544463E-01   9.014653834341615E-01  -4.550691745344980E-01   1.000000000000000E+05
 -6.391359159164030E-01   8.800745636574526E-01  -4.583259448616361E-01   1.000000000000000E+05
 -6.227293947173383E-01   8.605733732923286E-01  -4.566642104595944E-01   1.000000000000000E+05
 -6.076862644904699E-01   8.429186374135331E-01  -4.505178639932644E-01   1.000000000000000E+05
 -5.938797605384634E-01   8.270069243729833E-01  -4.404006041440500E-01   1.000000000000000E+05
 -5.810092746257008E-01   8.126883001849355E-01  -4.268616236873442E-01   1.000000000000000E+05
 -5.686386343689784E-01   7.997808733381819E-01  -4.104428968998779E-01   1.000000000000000E+05
 -5.562462886244347E-01   7.880852346385238E-01  -3.916417948135603E-01   1.000000000000000E+05
 -5.432827805037647E-01   7.773979976644383E-01  -3.708822060852264E-01   1.000000000000000E+05
 -5.292302388946466E-01   7.675237772090978E-01  -3.484964961907173E-01   1.000000000000000E+05
 -5.136584443365979E-01   7.582850928206982E-01  -3.247195754077321E-01   1.000000000000000E+05
 -4.962723438845889E-01   7.495298408656871E-01  -2.996951651221861E-01   1.000000000000000E+05
 -4.769466749384544E-01   7.411361323502822E-01  -2.734931631126237E-01   1.000000000000000E+05
 -4.557445396452258E-01   7.330144386531402E-01  -2.461359241963435E-01   1.000000000000000E+05
 -4.329182423745899E-01   7.251071195966187E-01  -2.176303966352706E-01   1.000000000000000E+05
 -4.088923289297878E-01   7.173855263911532E-01  -1.880024718173668E-01   1.000000000000000E+05
 -3.842303989358276E-01   7.098449759322146E-01  -1.573296726393590E-01   1.000000000000000E+05
 -3.595887526621556E-01   7.024979834031317E-01  -1.257684495216850E-01   1.000000000000000E+05
 -3.356611437243434E-01   6.953662176650073E-01  -9.357286133931030E-02   1.000000000000000E+05
 -3.131197285935163E-01   6.884717081366589E-01  -6.110224616448177E-02   1.000000000000000E+05
 -2.925576574367260E-01   6.818278810660318E-01  -2.881655720633737E-02   1.000000000000000E+05
 -2.744386061817262E-01   6.754310340551346E-01   2.740747463277912E-03   1.000000000000000E+05
 -2.590579203345897E-01   6.692528659339081E-01   3.297113148649487E-02   1.000000000000000E+05
 -2.465189849945355E-01   6.632346593912060E-01   6.125844199894574E-02   1.000000000000000E+05
 -2.367270498129447E-01   6.572836611174215E-01   8.701217515556513E-02   1.000000000000000E+05
 -2.294011494663019E-01   6.512721147175080E-01   1.097126570062883E-01   1.000000000000000E+05
 -2.241031148890981E-01   6.450392736648657E-01   1.289539533755726E-01   1.000000000000000E+05
 -2.202811180986267E-01   6.383965565952245E-01   1.444804156171934E-01   1.000000000000000E+05
 -2.173238748598306E-01   6.311358106213342E-01   1.562132490352098E-01   1.000000000000000E+05
 -2.146206635307038E-01   6.230404295217489E-01   1.642643164885881E-01   1.000000000000000E+05
 -2.116217911532404E-01   6.138988459591592E-01   1.689354875711263E-01   1.000000000000000E+05
 -2.078940945876927E-01   6.035196968477566E-01   1.707031141342832E-01   1.000000000000000E+05
 -2.031665061579128E-01   5.917477671527691E-01   1.701885394232467E-01   1.000000000000000E+05
 -1.973615966541538E-01   5.784796687302599E-01   1.681168084829923E-01   1.000000000000000E+05
 -1.906102506247899E-01   5.636781248518721E-01   1.652668250879565E-01   1.000000000000000E+05
 -1.832481149361768E-01   5.473837220353953E-01   1.624169950834710E-01   1.000000000000000E+05
 -1.757940559955961E-01   5.297230678400330E-01   1.602908334147916E-01   1.000000000000000E+05
 -1.689124200694772E-01   5.109124589478281E-01   1.595070508207342E-01   1.000000000000000E+05
 -1.633622761860466E-01   4.912564132027638E-01   1.605382714579136E-01   1.000000000000000E+05
 -1.599379113703195E-01   4.711407395935369E-01   1.636817970067701E-01   1.000000000000000E+05
 -1.594055511905244E-01   4.510201913865572E-01   1.690447925729728E-01   1.000000000000000E+05
 -1.624415391385364E-01   4.314011435479989E-01   1.765450192461940E-01   1.000000000000000E+05
 -1.695770115807979E-01   4.128201257907946E-01   1.859268908213866E-01   1.000000000000000E+05
 -1.811534778304929E-01   3.958193947747822E-01   1.967913096662253E-01   1.000000000000000E+05
 -1.972927224795451E-01   3.809210118595909E-01   2.086365579022133E-01   1.000000000000000E+05
 -2.178831860774386E-01   3.686010788722201E-01   2.209065899868064E-01   1.000000000000000E+05
 -2.425835689341562E-01   3.592658526484969E-01   2.330424730295498E-01   1.000000000000000E+05
 -2.708429699859465E-01   3.532313974806031E-01   2.445325025550441E-01   1.000000000000000E+05
 -3.019355452225715E-01   3.507082412766877E-01   2.549566995622722E-01   1.000000000000000E+05
 -3.350065615741366E-01   3.517921855472548E-01   2.640219489814274E-01   1.000000000000000E+05
 -3.691259222334514E-01   3.564620014704206E-01   2.715849154064017E-01   1.000000000000000E+05
 -4.033448067648630E-01   3.645842540624440E-01   2.776609862060071E-01   1.000000000000000E+05
 -4.367510269726398E-01   3.759249711416430E-01   2.824187412765158E-01   1.000000000000000E+05
 -4.685190337208773E-01   3.901673550785014E-01   2.861607186963666E-01   1.000000000000000E+05
 -4.979511730488149E-01   4.069342660692714E-01   2.892924224029202E-01   1.000000000000000E+05
 -5.245077060951174E-01   4.258138259996033E-01   2.922824983947877E-01   1.000000000000000E+05
 -5.478241806575047E-01   4.463862357780528E-01   2.956177065303008E-01   1.000000000000000E+05
 -5.677158667789099E-01   4.682497908072602E-01   2.997566797111570E-01   1.000000000000000E+05
 -5.841700392335697E-01   4.910441316735056E-01   3.050864670005182E-01   1.000000000000000E+05
 -5.973278115515505E-01   5.144689795269627E-01   3.118855113597999E-01   1.000000000000000E+05
 -6.074579240568347E-01   5.382969637316527E-01   3.202960573107398E-01   1.000000000000000E+05
 -6.149253129908560E-01   5.623796261802899E-01   3.303080872046029E-01   1.000000000000000E+05
 -6.201574193882883E-01   5.866462444716374E-01   3.417558352362432E-01   1.000000000000000E+05
 -6.236110452933639E-01   6.110957095161087E-01   3.543268254432910E-01   1.000000000000000E+05
 -6.257421690428187E-01   6.357822727193915E-01   3.675823248123108E-01   1.000000000000000E+05
 -6.269805508991858E-01   6.607964946109187E-01   3.809871884046542E-01   1.000000000000000E+05
 -6.277102704666457E-01   6.862431360749717E-01   3.939463767011652E-01   1.000000000000000E+05
 -6.282566195764746E-01   7.122179991115503E-01   4.058449994794195E-01   1.000000000000000E+05
 -6.288791075858755E-01   7.387858219358787E-01   4.160886112905929E-01   1.000000000000000E+05
 -6.297697882120979E-01   7.659612528733983E-01   4.241406478153587E-01   1.000000000000000E+05
 -6.310557381862285E-01   7.936946736911080E-01   4.295543192824180E-01   1.000000000000000E+05
 -6.328043356536707E-01   8.218642354007542E-01   4.319969124396185E-01   1.000000000000000E+05
 -6.350300032117007E-01   8.502749412362373E-01   4.312652247159109E-01   1.000000000000000E+05
 -6.377012756445607E-01   8.786650061911794E-01   4.272916821312983E-01   1.000000000000000E+05
 -6.407473840808720E-01   9.067190909662154E-01   4.201414940682142E-01   1.000000000000000E+05
 -6.440639597406916E-01   9.340874038912925E-01   4.100018982848787E-01   1.000000000000000E+05
 -6.475178871238081E-01   9.604091389571371E-01   3.971650880648793E-01   1.000000000000000E+05
 -6.509517140135760E-01   9.853383167923178E-01   3.820067496842429E-01   1.000000000000000E+05
 -6.541882975951835E-01   1.008569853291416E+00   3.649622552354540E-01   1.000000000000000E+05
 -6.570364906820266E-01   1.029863619366396E+00   3.465024600962980E-01   1.000000000000000E+05
 -6.592986277653988E-01   1.049064381470944E+00   3.271107750152517E-01   1.000000000000000E+05
 -6.607803582553334E-01   1.066115816830391E+00   3.072627670847632E-01   1.000000000000000E+05
 -6.613030175398080E-01   1.081067255335877E+00   2.874090512004638E-01   1.000000000000000E+05
 -6.607182692630561E-01   1.094072374474631E+00   2.679617285488061E-01   1.000000000000000E+05
 -6.589242537149693E-01   1.105379717298255E+00   2.492841735726869E-01   1.000000000000000E+05
 -6.558820051287442E-01   1.115315563307518E+00   2.316836188395434E-01   1.000000000000000E+05
 -6.516305232599352E-01   1.124260303985269E+00   2.154057763283387E-01   1.000000000000000E+05
 -6.462986624922124E-01   1.132620007554958E+00   2.006306828297743E-01   1.000000000000000E+05
 -6.401119803337594E-01   1.140795257961597E+00   1.874690644911044E-01   1.000000000000000E+05
 -6.333928907643780E-01   1.149149588805943E+00   1.759587587806735E-01   1.000000000000000E+05
 -6.265528956358719E-01   1.157979885524933E+00   1.660610715957586E-01   1.000000000000000E+05
 -6.200762921585445E-01   1.167490995196877E+00   1.576573305936558E-01   1.000000000000000E+05
 -6.144955248480999E-01   1.177776474935319E+00   1.505462644914961E-01   1.000000000000000E+05
 -6.103591945432032E-01   1.188806952978996E+00   1.444431341919672E-01   1.000000000000000E+05
 -6.081945704183774E-01   1.200427009049649E+00   1.389817150277909E-01   1.000000000000000E+05
 -6.084671838341604E-01   1.212360848473351E+00   1.337202439947408E-01   1.000000000000000E+05
 -6.084671838341604E-01   1.212360848473351E+00   1.337202439947408E-01   0.000000000000000E+00 3 RotatedCurve9 
 -6.084671838341604E-01  -1.212360848473351E+00  -1.337202439947408E-01  -1.000000000000000E+05
 -6.115406306301830E-01  -1.224226398484443E+00  -1.281522840178311E-01  -1.000000000000000E+05
 -6.176400002900834E-01  -1.235556845729904E+00  -1.217231228293095E-01  -1.000000000000000E+05
 -6.268223376160826E-01  -1.245828107897039E+00  -1.138518423070628E-01  -1.000000000000000E+05
 -6.389572047360939E-01  -1.254490328448174E+00  -1.039586100047176E-01  -1.000000000000000E+05
 -6.537197597401343E-01  -1.261001229748225E+00  -9.149611812345582E-02  -1.000000000000000E+05
 -6.705978463648019E-01  -1.264859071747575E+00  -7.598349533940227E-02  -1.000000000000000E+05
 -6.889134693823430E-01  -1.265633042560231E+00  -5.704051436440889E-02  -1.000000000000000E+05
 -7.078578082816215E-01  -1.262989142197072E+00  -3.441957742958792E-02  -1.000000000000000E+05
 -7.265377075974490E-01  -1.256709987961649E+00  -8.032834133051781E-03  -1.000000000000000E+05
 -7.440304902702998E-01  -1.246707436696222E+00   2.202809722245039E-02  -1.000000000000000E+05
 -7.594430783257858E-01  -1.233027445882573E+00   5.548196493618764E-02  -1.000000000000000E+05
 -7.719708630346704E-01  -1.215847140348693E+00   9.185883333095252E-02  -1.000000000000000E+05
 -7.809516077308533E-01  -1.195464572468941E+00   1.305129103127421E-01  -1.000000000000000E+05
 -7.859099199049403E-01  -1.172282123751177E+00   1.706470976327660E-01  -1.000000000000000E+05
 -7.865884865337910E-01  -1.146784863919401E+00   2.113481436267688E-01  -1.000000000000000E+05
 -7.829632812001913E-01  -1.119515438332872E+00   2.516303571415283E-01  -1.000000000000000E+05
 -7.752412419682480E-01  -1.091047184334668E+00   2.904850528141466E-01  -1.000000000000000E+05
 -7.638403757808615E-01  -1.061957180873520E+00   3.269323215178763E-01  -1.000000000000000E+05
 -7.493537405510575E-01  -1.032800822317753E+00   3.600714179610409E-01  -1.000000000000000E+05
 -7.325001556045699E-01  -1.004089294015514E+00   3.891260684016377E-01  -1.000000000000000E+05
 -7.140656659432756E-01  -9.762710374392063E-01   4.134813349387945E-01  -1.000000000000000E+05
 -6.948406251715438E-01  -9.497179541662333E-01   4.327093082284084E-01  -1.000000000000000E+05
 -6.755576838235390E-01  -9.247167392649623E-01   4.465817879092184E-01  -1.000000000000000E+05
 -6.568359291544463E-01  -9.014653834341615E-01   4.550691745344980E-01  -1.000000000000000E+05
 -6.391359159164030E-01  -8.800745636574526E-01   4.583259448616361E-01  -1.000000000000000E+05
 -6.227293947173383E-01  -8.605733732923286E-01   4.566642104595944E-01  -1.000000000000000E+05
 -6.076862644904699E-01  -8.429186374135331E-01   4.505178639932644E-01  -1.000000000000000E+05
 -5.938797605384634E-01  -8.270069243729833E-01   4.404006041440500E-01  -1.000000000000000E+05
 -5.810092746257008E-01  -8.126883001849355E-01   4.268616236873442E-01  -1.000000000000000E+05
 -5.686386343689784E-01  -7.997808733381819E-01   4.104428968998779E-01  -1.000000000000000E+05
 -5.562462886244347E-01  -7.880852346385238E-01   3.916417948135603E-01  -1.000000000000000E+05
 -5.432827805037647E-01  -7.773979976644383E-01   3.708822060852264E-01  -1.000000000000000E+05
 -5.292302388946466E-01  -7.675237772090978E-01   3.484964961907173E-01  -1.000000000000000E+05
 -5.136584443365979E-01  -7.582850928206982E-01   3.247195754077321E-01  -1.000000000000000E+05
 -4.962723438845889E-01  -7.495298408656871E-01   2.996951651221861E-01  -1.000000000000000E+05
 -4.769466749384544E-01  -7.411361323502822E-01   2.734931631126237E-01  -1.000000000000000E+05
 -4.557445396452258E-01  -7.330144386531402E-01   2.461359241963435E-01  -1.000000000000000E+05
 -4.329182423745899E-01  -7.251071195966187E-01   2.176303966352706E-01  -1.000000000000000E+05
 -4.088923289297878E-01  -7.173855263911532E-01   1.880024718173668E-01  -1.000000000000000E+05
 -3.842303989358276E-01  -7.098449759322146E-01   1.573296726393590E-01  -1.000000000000000E+05
 -3.595887526621556E-01  -7.024979834031317E-01   1.257684495216850E-01  -1.000000000000000E+05
 -3.356611437243434E-01  -6.953662176650073E-01   9.357286133931030E-02  -1.000000000000000E+05
 -3.131197285935163E-01  -6.884717081366589E-01   6.110224616448177E-02  -1.000000000000000E+05
 -2.925576574367260E-01  -6.818278810660318E-01   2.881655720633737E-02  -1.000000000000000E+05
 -2.744386061817262E-01  -6.754310340551346E-01  -2.740747463277912E-03  -1.000000000000000E+05
 -2.590579203345897E-01  -6.692528659339081E-01  -3.297113148649487E-02  -1.000000000000000E+05
 -2.465189849945355E-01  -6.632346593912060E-01  -6.125844199894574E-02  -1.000000000000000E+05
 -2.367270498129447E-01  -6.572836611174215E-01  -8.701217515556513E-02  -1.000000000000000E+05
 -2.294011494663019E-01  -6.512721147175080E-01  -1.097126570062883E-01  -1.000000000000000E+05
 -2.241031148890981E-01  -6.450392736648657E-01  -1.289539533755726E-01  -1.000000000000000E+05
 -2.202811180986267E-01  -6.383965565952245E-01  -1.444804156171934E-01  -1.000000000000000E+05
 -2.173238748598306E-01  -6.311358106213342E-01  -1.562132490352098E-01  -1.000000000000000E+05
 -2.146206635307038E-01  -6.230404295217489E-01  -1.642643164885881E-01  -1.000000000000000E+05
 -2.116217911532404E-01  -6.138988459591592E-01  -1.689354875711263E-01  -1.000000000000000E+05
 -2.078940945876927E-01  -6.035196968477566E-01  -1.707031141342832E-01  -1.000000000000000E+05
 -2.031665061579128E-01  -5.917477671527691E-01  -1.701885394232467E-01  -1.000000000000000E+05
 -1.973615966541538E-01  -5.784796687302599E-01  -1.681168084829923E-01  -1.000000000000000E+05
 -1.906102506247899E-01  -5.636781248518721E-01  -1.652668250879565E-01  -1.000000000000000E+05
 -1.832481149361768E-01  -5.473837220353953E-01  -1.624169950834710E-01  -1.000000000000000E+05
 -1.757940559955961E-01  -5.297230678400330E-01  -1.602908334147916E-01  -1.000000000000000E+05
 -1.689124200694772E-01  -5.109124589478281E-01  -1.595070508207342E-01  -1.000000000000000E+05
 -1.633622761860466E-01  -4.912564132027638E-01  -1.605382714579136E-01  -1.000000000000000E+05
 -1.599379113703195E-01  -4.711407395935369E-01  -1.636817970067701E-01  -1.000000000000000E+05
 -1.594055511905244E-01  -4.510201913865572E-01  -1.690447925729728E-01  -1.000000000000000E+05
 -1.624415391385364E-01  -4.314011435479989E-01  -1.765450192461940E-01  -1.000000000000000E+05
 -1.695770115807979E-01  -4.128201257907946E-01  -1.859268908213866E-01  -1.000000000000000E+05
 -1.811534778304929E-01  -3.958193947747822E-01  -1.967913096662253E-01  -1.000000000000000E+05
 -1.972927224795451E-01  -3.809210118595909E-01  -2.086365579022133E-01  -1.000000000000000E+05
 -2.178831860774386E-01  -3.686010788722201E-01  -2.209065899868064E-01  -1.000000000000000E+05
 -2.425835689341562E-01  -3.592658526484969E-01  -2.330424730295498E-01  -1.000000000000000E+05
 -2.708429699859465E-01  -3.532313974806031E-01  -2.445325025550441E-01  -1.000000000000000E+05
 -3.019355452225715E-01  -3.507082412766877E-01  -2.549566995622722E-01  -1.000000000000000E+05
 -3.350065615741366E-01  -3.517921855472548E-01  -2.640219489814274E-01  -1.000000000000000E+05
 -3.691259222334514E-01  -3.564620014704206E-01  -2.715849154064017E-01  -1.000000000000000E+05
 -4.033448067648630E-01  -3.645842540624440E-01  -2.776609862060071E-01  -1.000000000000000E+05
 -4.367510269726398E-01  -3.759249711416430E-01  -2.824187412765158E-01  -1.000000000000000E+05
 -4.685190337208773E-01  -3.901673550785014E-01  -2.861607186963666E-01  -1.000000000000000E+05
 -4.979511730488149E-01  -4.069342660692714E-01  -2.892924224029202E-01  -1.000000000000000E+05
 -5.245077060951174E-01  -4.258138259996033E-01  -2.922824983947877E-01  -1.000000000000000E+05
 -5.478241806575047E-01  -4.463862357780528E-01  -2.956177065303008E-01  -1.000000000000000E+05
 -5.677158667789099E-01  -4.682497908072602E-01  -2.997566797111570E-01  -1.000000000000000E+05
 -5.841700392335697E-01  -4.910441316735056E-01  -3.050864670005182E-01  -1.000000000000000E+05
 -5.973278115515505E-01  -5.144689795269627E-01  -3.118855113597999E-01  -1.000000000000000E+05
 -6.074579240568347E-01  -5.382969637316527E-01  -3.202960573107398E-01  -1.000000000000000E+05
 -6.149253129908560E-01  -5.623796261802899E-01  -3.303080872046029E-01  -1.000000000000000E+05
 -6.201574193882883E-01  -5.866462444716374E-01  -3.417558352362432E-01  -1.000000000000000E+05
 -6.236110452933639E-01  -6.110957095161087E-01  -3.543268254432910E-01  -1.000000000000000E+05
 -6.257421690428187E-01  -6.357822727193915E-01  -3.675823248123108E-01  -1.000000000000000E+05
 -6.269805508991858E-01  -6.607964946109187E-01  -3.809871884046542E-01  -1.000000000000000E+05
 -6.277102704666457E-01  -6.862431360749717E-01  -3.939463767011652E-01  -1.000000000000000E+05
 -6.282566195764746E-01  -7.122179991115503E-01  -4.058449994794195E-01  -1.000000000000000E+05
 -6.288791075858755E-01  -7.387858219358787E-01  -4.160886112905929E-01  -1.000000000000000E+05
 -6.297697882120979E-01  -7.659612528733983E-01  -4.241406478153587E-01  -1.000000000000000E+05
 -6.310557381862285E-01  -7.936946736911080E-01  -4.295543192824180E-01  -1.000000000000000E+05
 -6.328043356536707E-01  -8.218642354007542E-01  -4.319969124396185E-01  -1.000000000000000E+05
 -6.350300032117007E-01  -8.502749412362373E-01  -4.312652247159109E-01  -1.000000000000000E+05
 -6.377012756445607E-01  -8.786650061911794E-01  -4.272916821312983E-01  -1.000000000000000E+05
 -6.407473840808720E-01  -9.067190909662154E-01  -4.201414940682142E-01  -1.000000000000000E+05
 -6.440639597406916E-01  -9.340874038912925E-01  -4.100018982848787E-01  -1.000000000000000E+05
 -6.475178871238081E-01  -9.604091389571371E-01  -3.971650880648793E-01  -1.000000000000000E+05
 -6.509517140135760E-01  -9.853383167923178E-01  -3.820067496842429E-01  -1.000000000000000E+05
 -6.541882975951835E-01  -1.008569853291416E+00  -3.649622552354540E-01  -1.000000000000000E+05
 -6.570364906820266E-01  -1.029863619366396E+00  -3.465024600962980E-01  -1.000000000000000E+05
 -6.592986277653988E-01  -1.049064381470944E+00  -3.271107750152517E-01  -1.000000000000000E+05
 -6.607803582553334E-01  -1.066115816830391E+00  -3.072627670847632E-01  -1.000000000000000E+05
 -6.613030175398080E-01  -1.081067255335877E+00  -2.874090512004638E-01  -1.000000000000000E+05
 -6.607182692630561E-01  -1.094072374474631E+00  -2.679617285488061E-01  -1.000000000000000E+05
 -6.589242537149693E-01  -1.105379717298255E+00  -2.492841735726869E-01  -1.000000000000000E+05
 -6.558820051287442E-01  -1.115315563307518E+00  -2.316836188395434E-01  -1.000000000000000E+05
 -6.516305232599352E-01  -1.124260303985269E+00  -2.154057763283387E-01  -1.000000000000000E+05
 -6.462986624922124E-01  -1.132620007554958E+00  -2.006306828297743E-01  -1.000000000000000E+05
 -6.401119803337594E-01  -1.140795257961597E+00  -1.874690644911044E-01  -1.000000000000000E+05
 -6.333928907643780E-01  -1.149149588805943E+00  -1.759587587806735E-01  -1.000000000000000E+05
 -6.265528956358719E-01  -1.157979885524933E+00  -1.660610715957586E-01  -1.000000000000000E+05
 -6.200762921585445E-01  -1.167490995196877E+00  -1.576573305936558E-01  -1.000000000000000E+05
 -6.144955248480999E-01  -1.177776474935319E+00  -1.505462644914961E-01  -1.000000000000000E+05
 -6.103591945432032E-01  -1.188806952978996E+00  -1.444431341919672E-01  -1.000000000000000E+05
 -6.081945704183774E-01  -1.200427009049649E+00  -1.389817150277909E-01  -1.000000000000000E+05
 -6.084671838341604E-01  -1.212360848473351E+00  -1.337202439947408E-01  -1.000000000000000E+05
 -6.084671838341604E-01  -1.212360848473351E+00  -1.337202439947408E-01   0.000000000000000E+00 4 RotatedCurve10 
 -1.212360848473351E+00  -6.084671838341604E-01   1.337202439947408E-01   1.000000000000000E+05
 -1.224226398484443E+00  -6.115406306301830E-01   1.281522840178311E-01   1.000000000000000E+05
 -1.235556845729904E+00  -6.176400002900834E-01   1.217231228293095E-01   1.000000000000000E+05
 -1.245828107897039E+00  -6.268223376160826E-01   1.138518423070628E-01   1.000000000000000E+05
 -1.254490328448174E+00  -6.389572047360939E-01   1.039586100047176E-01   1.000000000000000E+05
 -1.261001229748225E+00  -6.537197597401343E-01   9.149611812345582E-02   1.000000000000000E+05
 -1.264859071747575E+00  -6.705978463648019E-01   7.598349533940227E-02   1.000000000000000E+05
 -1.265633042560231E+00  -6.889134693823430E-01   5.704051436440889E-02   1.000000000000000E+05
 -1.262989142197072E+00  -7.078578082816215E-01   3.441957742958792E-02   1.000000000000000E+05
 -1.256709987961649E+00  -7.265377075974490E-01   8.032834133051781E-03   1.000000000000000E+05
 -1.246707436696222E+00  -7.440304902702998E-01  -2.202809722245039E-02   1.000000000000000E+05
 -1.233027445882573E+00  -7.594430783257858E-01  -5.548196493618764E-02   1.000000000000000E+05
 -1.215847140348693E+00  -7.719708630346704E-01  -9.185883333095252E-02   1.000000000000000E+05
 -1.195464572468941E+00  -7.809516077308533E-01  -1.305129103127421E-01   1.000000000000000E+05
 -1.172282123751177E+00  -7.859099199049403E-01  -1.706470976327660E-01   1.000000000000000E+05
 -1.146784863919401E+00  -7.865884865337910E-01  -2.113481436267688E-01   1.000000000000000E+05
 -1.119515438332872E+00  -7.829632812001913E-01  -2.516303571415283E-01   1.000000000000000E+05
 -1.091047184334668E+00  -7.752412419682480E-01  -2.904850528141466E-01   1.000000000000000E+05
 -1.061957180873520E+00  -7.638403757808615E-01  -3.269323215178763E-01   1.000000000000000E+05
 -1.032800822317753E+00  -7.493537405510575E-01  -3.600714179610409E-01   1.000000000000000E+05
 -1.004089294015514E+00  -7.325001556045699E-01  -3.891260684016377E-01   1.000000000000000E+05
 -9.762710374392064E-01  -7.140656659432756E-01  -4.134813349387945E-01   1.000000000000000E+05
 -9.497179541662334E-01  -6.948406251715438E-01  -4.327093082284084E-01   1.000000000000000E+05
 -9.247167392649625E-01  -6.755576838235390E-01  -4.465817879092184E-01   1.000000000000000E+05
 -9.014653834341616E-01  -6.568359291544462E-01  -4.550691745344980E-01   1.000000000000000E+05
 -8.800745636574527E-01  -6.391359159164028E-01  -4.583259448616361E-01   1.000000000000000E+05
 -8.605733732923287E-01  -6.227293947173382E-01  -4.566642104595944E-01   1.000000000000000E+05
 -8.429186374135332E-01  -6.076862644904698E-01  -4.505178639932644E-01   1.000000000000000E+05
 -8.270069243729834E-01  -5.938797605384633E-01  -4.404006041440500E-01   1.000000000000000E+05
 -8.126883001849357E-01  -5.810092746257007E-01  -4.268616236873442E-01   1.000000000000000E+05
 -7.997808733381820E-01  -5.686386343689783E-01  -4.104428968998779E-01   1.000000000000000E+05
 -7.880852346385239E-01  -5.562462886244346E-01  -3.916417948135603E-01   1.000000000000000E+05
 -7.773979976644384E-01  -5.432827805037646E-01  -3.708822060852264E-01   1.000000000000000E+05
 -7.675237772090979E-01  -5.292302388946465E-01  -3.484964961907173E-01   1.000000000000000E+05
 -7.582850928206983E-01  -5.136584443365978E-01  -3.247195754077321E-01   1.000000000000000E+05
 -7.495298408656872E-01  -4.962723438845888E-01  -2.996951651221861E-01   1.000000000000000E+05
 -7.411361323502823E-01  -4.769466749384543E-01  -2.734931631126237E-01   1.000000000000000E+05
 -7.330144386531403E-01  -4.557445396452258E-01  -2.461359241963435E-01   1.000000000000000E+05
 -7.251071195966187E-01  -4.329182423745899E-01  -2.176303966352706E-01   1.000000000000000E+05
 -7.173855263911532E-01  -4.088923289297877E-01  -1.880024718173668E-01   1.000000000000000E+05
 -7.098449759322146E-01  -3.842303989358275E-01  -1.573296726393590E-01   1.000000000000000E+05
 -7.024979834031317E-01  -3.595887526621555E-01  -1.257684495216850E-01   1.000000000000000E+05
 -6.953662176650073E-01  -3.356611437243434E-01  -9.357286133931030E-02   1.000000000000000E+05
 -6.884717081366589E-01  -3.131197285935162E-01  -6.110224616448177E-02   1.000000000000000E+05
 -6.818278810660318E-01  -2.925576574367259E-01  -2.881655720633737E-02   1.000000000000000E+05
 -6.754310340551346E-01  -2.744386061817262E-01   2.740747463277912E-03   1.000000000000000E+05
 -6.692528659339081E-01  -2.590579203345897E-01   3.297113148649487E-02   1.000000000000000E+05
 -6.632346593912060E-01  -2.465189849945354E-01   6.125844199894574E-02   1.000000000000000E+05
 -6.572836611174215E-01  -2.367270498129447E-01   8.701217515556513E-02   1.000000000000000E+05
 -6.512721147175080E-01  -2.294011494663019E-01   1.097126570062883E-01   1.000000000000000E+05
 -6.450392736648657E-01  -2.241031148890981E-01   1.289539533755726E-01   1.000000000000000E+05
 -6.383965565952245E-01  -2.202811180986267E-01   1.444804156171934E-01   1.000000000000000E+05
 -6.311358106213342E-01  -2.173238748598306E-01   1.562132490352098E-01   1.000000000000000E+05
 -6.230404295217489E-01  -2.146206635307037E-01   1.642643164885881E-01   1.000000000000000E+05
 -6.138988459591592E-01  -2.116217911532404E-01   1.689354875711263E-01   1.000000000000000E+05
 -6.035196968477566E-01  -2.078940945876926E-01   1.707031141342832E-01   1.000000000000000E+05
 -5.917477671527691E-01  -2.031665061579128E-01   1.701885394232467E-01   1.000000000000000E+05
 -5.784796687302599E-01  -1.973615966541537E-01   1.681168084829923E-01   1.000000000000000E+05
 -5.636781248518721E-01  -1.906102506247899E-01   1.652668250879565E-01   1.000000000000000E+05
 -5.473837220353953E-01  -1.832481149361768E-01   1.624169950834710E-01   1.000000000000000E+05
 -5.297230678400330E-01  -1.757940559955960E-01   1.602908334147916E-01   1.000000000000000E+05
 -5.109124589478281E-01  -1.689124200694772E-01   1.595070508207342E-01   1.000000000000000E+05
 -4.912564132027638E-01  -1.633622761860466E-01   1.605382714579136E-01   1.000000000000000E+05
 -4.711407395935369E-01  -1.599379113703195E-01   1.636817970067701E-01   1.000000000000000E+05
 -4.510201913865572E-01  -1.594055511905244E-01   1.690447925729728E-01   1.000000000000000E+05
 -4.314011435479989E-01  -1.624415391385364E-01   1.765450192461940E-01   1.000000000000000E+05
 -4.128201257907946E-01  -1.695770115807979E-01   1.859268908213866E-01   1.000000000000000E+05
 -3.958193947747822E-01  -1.811534778304929E-01   1.967913096662253E-01   1.000000000000000E+05
 -3.809210118595909E-01  -1.972927224795451E-01   2.086365579022133E-01   1.000000000000000E+05
 -3.686010788722201E-01  -2.178831860774386E-01   2.209065899868064E-01   1.000000000000000E+05
 -3.592658526484969E-01  -2.425835689341561E-01   2.330424730295498E-01   1.000000000000000E+05
 -3.532313974806032E-01  -2.708429699859464E-01   2.445325025550441E-01   1.000000000000000E+05
 -3.507082412766878E-01  -3.019355452225715E-01   2.549566995622722E-01   1.000000000000000E+05
 -3.517921855472548E-01  -3.350065615741366E-01   2.640219489814274E-01   1.000000000000000E+05
 -3.564620014704206E-01  -3.691259222334514E-01   2.715849154064017E-01   1.000000000000000E+05
 -3.645842540624440E-01  -4.033448067648630E-01   2.776609862060071E-01   1.000000000000000E+05
 -3.759249711416431E-01  -4.367510269726397E-01   2.824187412765158E-01   1.000000000000000E+05
 -3.901673550785014E-01  -4.685190337208773E-01   2.861607186963666E-01   1.000000000000000E+05
 -4.069342660692714E-01  -4.979511730488149E-01   2.892924224029202E-01   1.000000000000000E+05
 -4.258138259996033E-01  -5.245077060951174E-01   2.922824983947877E-01   1.000000000000000E+05
 -4.463862357780528E-01  -5.478241806575047E-01   2.956177065303008E-01   1.000000000000000E+05
 -4.682497908072602E-01  -5.677158667789098E-01   2.997566797111570E-01   1.000000000000000E+05
 -4.910441316735056E-01  -5.841700392335696E-01   3.050864670005182E-01   1.000000000000000E+05
 -5.144689795269628E-01  -5.973278115515503E-01   3.118855113597999E-01   1.000000000000000E+05
 -5.382969637316528E-01  -6.074579240568346E-01   3.202960573107398E-01   1.000000000000000E+05
 -5.623796261802900E-01  -6.149253129908558E-01   3.303080872046029E-01   1.000000000000000E+05
 -5.866462444716375E-01  -6.201574193882882E-01   3.417558352362432E-01   1.000000000000000E+05
 -6.110957095161088E-01  -6.236110452933638E-01   3.543268254432910E-01   1.000000000000000E+05
 -6.357822727193916E-01  -6.257421690428185E-01   3.675823248123108E-01   1.000000000000000E+05
 -6.607964946109188E-01  -6.269805508991857E-01   3.809871884046542E-01   1.000000000000000E+05
 -6.862431360749718E-01  -6.277102704666456E-01   3.939463767011652E-01   1.000000000000000E+05
 -7.122179991115504E-01  -6.282566195764745E-01   4.058449994794195E-01   1.000000000000000E+05
 -7.387858219358788E-01  -6.288791075858754E-01   4.160886112905929E-01   1.000000000000000E+05
 -7.659612528733984E-01  -6.297697882120978E-01   4.241406478153587E-01   1.000000000000000E+05
 -7.936946736911081E-01  -6.310557381862284E-01   4.295543192824180E-01   1.000000000000000E+05
 -8.218642354007543E-01  -6.328043356536706E-01   4.319969124396185E-01   1.000000000000000E+05
 -8.502749412362374E-01  -6.350300032117006E-01   4.312652247159109E-01   1.000000000000000E+05
 -8.786650061911795E-01  -6.377012756445606E-01   4.272916821312983E-01   1.000000000000000E+05
 -9.067190909662155E-01  -6.407473840808720E-01   4.201414940682142E-01   1.000000000000000E+05
 -9.340874038912926E-01  -6.440639597406916E-01   4.100018982848787E-01   1.000000000000000E+05
 -9.604091389571372E-01  -6.475178871238081E-01   3.971650880648793E-01   1.000000000000000E+05
 -9.853383167923179E-01  -6.509517140135760E-01   3.820067496842429E-01   1.000000000000000E+05
 -1.008569853291416E+00  -6.541882975951835E-01   3.649622552354540E-01   1.000000000000000E+05
 -1.029863619366396E+00  -6.570364906820266E-01   3.465024600962980E-01   1.000000000000000E+05
 -1.049064381470944E+00  -6.592986277653988E-01   3.271107750152517E-01   1.000000000000000E+05
 -1.066115816830391E+00  -6.607803582553334E-01   3.072627670847632E-01   1.000000000000000E+05
 -1.081067255335877E+00  -6.613030175398080E-01   2.874090512004638E-01   1.000000000000000E+05
 -1.094072374474631E+00  -6.607182692630561E-01   2.679617285488061E-01   1.000000000000000E+05
 -1.105379717298255E+00  -6.589242537149693E-01   2.492841735726869E-01   1.000000000000000E+05
 -1.115315563307518E+00  -6.558820051287442E-01   2.316836188395434E-01   1.000000000000000E+05
 -1.124260303985269E+00  -6.516305232599352E-01   2.154057763283387E-01   1.000000000000000E+05
 -1.132620007554958E+00  -6.462986624922124E-01   2.006306828297743E-01   1.000000000000000E+05
 -1.140795257961597E+00  -6.401119803337594E-01   1.874690644911044E-01   1.000000000000000E+05
 -1.149149588805943E+00  -6.333928907643780E-01   1.759587587806735E-01   1.000000000000000E+05
 -1.157979885524933E+00  -6.265528956358719E-01   1.660610715957586E-01   1.000000000000000E+05
 -1.167490995196877E+00  -6.200762921585445E-01   1.576573305936558E-01   1.000000000000000E+05
 -1.177776474935319E+00  -6.144955248480999E-01   1.505462644914961E-01   1.000000000000000E+05
 -1.188806952978996E+00  -6.103591945432032E-01   1.444431341919672E-01   1.000000000000000E+05
 -1.200427009049649E+00  -6.081945704183774E-01   1.389817150277909E-01   1.000000000000000E+05
 -1.212360848473351E+00  -6.084671838341604E-01   1.337202439947408E-01   1.000000000000000E+05
 -1.212360848473351E+00  -6.084671838341604E-01   1.337202439947408E-01   0.000000000000000E+00 5 RotatedCurve11 
 -1.212360848473351E+00   6.084671838341604E-01  -1.337202439947408E-01  -1.000000000000000E+05
 -1.224226398484443E+00   6.115406306301830E-01  -1.281522840178311E-01  -1.000000000000000E+05
 -1.235556845729904E+00   6.176400002900834E-01  -1.217231228293095E-01  -1.000000000000000E+05
 -1.245828107897039E+00   6.268223376160826E-01  -1.138518423070628E-01  -1.000000000000000E+05
 -1.254490328448174E+00   6.389572047360939E-01  -1.039586100047176E-01  -1.000000000000000E+05
 -1.261001229748225E+00   6.537197597401343E-01  -9.149611812345582E-02  -1.000000000000000E+05
 -1.264859071747575E+00   6.705978463648019E-01  -7.598349533940227E-02  -1.000000000000000E+05
 -1.265633042560231E+00   6.889134693823430E-01  -5.704051436440889E-02  -1.000000000000000E+05
 -1.262989142197072E+00   7.078578082816215E-01  -3.441957742958792E-02  -1.000000000000000E+05
 -1.256709987961649E+00   7.265377075974490E-01  -8.032834133051781E-03  -1.000000000000000E+05
 -1.246707436696222E+00   7.440304902702998E-01   2.202809722245039E-02  -1.000000000000000E+05
 -1.233027445882573E+00   7.594430783257858E-01   5.548196493618764E-02  -1.000000000000000E+05
 -1.215847140348693E+00   7.719708630346704E-01   9.185883333095252E-02  -1.000000000000000E+05
 -1.195464572468941E+00   7.809516077308533E-01   1.305129103127421E-01  -1.000000000000000E+05
 -1.172282123751177E+00   7.859099199049403E-01   1.706470976327660E-01  -1.000000000000000E+05
 -1.146784863919401E+00   7.865884865337910E-01   2.113481436267688E-01  -1.000000000000000E+05
 -1.119515438332872E+00   7.829632812001913E-01   2.516303571415283E-01  -1.000000000000000E+05
 -1.091047184334668E+00   7.752412419682480E-01   2.904850528141466E-01  -1.000000000000000E+05
 -1.061957180873520E+00   7.638403757808615E-01   3.269323215178763E-01  -1.000000000000000E+05
 -1.032800822317753E+00   7.493537405510575E-01   3.600714179610409E-01  -1.000000000000000E+05
 -1.004089294015514E+00   7.325001556045699E-01   3.891260684016377E-01  -1.000000000000000E+05
 -9.762710374392064E-01   7.140656659432756E-01   4.134813349387945E-01  -1.000000000000000E+05
 -9.497179541662334E-01   6.948406251715438E-01   4.327093082284084E-01  -1.000000000000000E+05
 -9.247167392649625E-01   6.755576838235390E-01   4.465817879092184E-01  -1.000000000000000E+05
 -9.014653834341616E-01   6.568359291544462E-01   4.550691745344980E-01  -1.000000000000000E+05
 -8.800745636574527E-01   6.391359159164028E-01   4.583259448616361E-01  -1.000000000000000E+05
 -8.605733732923287E-01   6.227293947173382E-01   4.566642104595944E-01  -1.000000000000000E+05
 -8.429186374135332E-01   6.076862644904698E-01   4.505178639932644E-01  -1.000000000000000E+05
 -8.270069243729834E-01   5.938797605384633E-01   4.404006041440500E-01  -1.000000000000000E+05
 -8.126883001849357E-01   5.810092746257007E-01   4.268616236873442E-01  -1.000000000000000E+05
 -7.997808733381820E-01   5.686386343689783E-01   4.104428968998779E-01  -1.000000000000000E+05
 -7.880852346385239E-01   5.562462886244346E-01   3.916417948135603E-01  -1.000000000000000E+05
 -7.773979976644384E-01   5.432827805037646E-01   3.708822060852264E-01  -1.000000000000000E+05
 -7.675237772090979E-01   5.292302388946465E-01   3.484964961907173E-01  -1.000000000000000E+05
 -7.582850928206983E-01   5.136584443365978E-01   3.247195754077321E-01  -1.000000000000000E+05
 -7.495298408656872E-01   4.962723438845888E-01   2.996951651221861E-01  -1.000000000000000E+05
 -7.411361323502823E-01   4.769466749384543E-01   2.734931631126237E-01  -1.000000000000000E+05
 -7.330144386531403E-01   4.557445396452258E-01   2.461359241963435E-01  -1.000000000000000E+05
 -7.251071195966187E-01   4.329182423745899E-01   2.176303966352706E-01  -1.000000000000000E+05
 -7.173855263911532E-01   4.088923289297877E-01   1.880024718173668E-01  -1.000000000000000E+05
 -7.098449759322146E-01   3.842303989358275E-01   1.573296726393590E-01  -1.000000000000000E+05
 -7.024979834031317E-01   3.595887526621555E-01   1.257684495216850E-01  -1.000000000000000E+05
 -6.953662176650073E-01   3.356611437243434E-01   9.357286133931030E-02  -1.000000000000000E+05
 -6.884717081366589E-01   3.131197285935162E-01   6.110224616448177E-02  -1.000000000000000E+05
 -6.818278810660318E-01   2.925576574367259E-01   2.881655720633737E-02  -1.000000000000000E+05
 -6.754310340551346E-01   2.744386061817262E-01  -2.740747463277912E-03  -1.000000000000000E+05
 -6.692528659339081E-01   2.590579203345897E-01  -3.297113148649487E-02  -1.000000000000000E+05
 -6.632346593912060E-01   2.465189849945354E-01  -6.125844199894574E-02  -1.000000000000000E+05
 -6.572836611174215E-01   2.367270498129447E-01  -8.701217515556513E-02  -1.000000000000000E+05
 -6.512721147175080E-01   2.294011494663019E-01  -1.097126570062883E-01  -1.000000000000000E+05
 -6.450392736648657E-01   2.241031148890981E-01  -1.289539533755726E-01  -1.000000000000000E+05
 -6.383965565952245E-01   2.202811180986267E-01  -1.444804156171934E-01  -1.000000000000000E+05
 -6.311358106213342E-01   2.173238748598306E-01  -1.562132490352098E-01  -1.000000000000000E+05
 -6.230404295217489E-01   2.146206635307037E-01  -1.642643164885881E-01  -1.000000000000000E+05
 -6.138988459591592E-01   2.116217911532404E-01  -1.689354875711263E-01  -1.000000000000000E+05
 -6.035196968477566E-01   2.078940945876926E-01  -1.707031141342832E-01  -1.000000000000000E+05
 -5.917477671527691E-01   2.031665061579128E-01  -1.701885394232467E-01  -1.000000000000000E+05
 -5.784796687302599E-01   1.973615966541537E-01  -1.681168084829923E-01  -1.000000000000000E+05
 -5.636781248518721E-01   1.906102506247899E-01  -1.652668250879565E-01  -1.000000000000000E+05
 -5.473837220353953E-01   1.832481149361768E-01  -1.624169950834710E-01  -1.000000000000000E+05
 -5.297230678400330E-01   1.757940559955960E-01  -1.602908334147916E-01  -1.000000000000000E+05
 -5.109124589478281E-01   1.689124200694772E-01  -1.595070508207342E-01  -1.000000000000000E+05
 -4.912564132027638E-01   1.633622761860466E-01  -1.605382714579136E-01  -1.000000000000000E+05
 -4.711407395935369E-01   1.599379113703195E-01  -1.636817970067701E-01  -1.000000000000000E+05
 -4.510201913865572E-01   1.594055511905244E-01  -1.690447925729728E-01  -1.000000000000000E+05
 -4.314011435479989E-01   1.624415391385364E-01  -1.765450192461940E-01  -1.000000000000000E+05
 -4.128201257907946E-01   1.695770115807979E-01  -1.859268908213866E-01  -1.000000000000000E+05
 -3.958193947747822E-01   1.811534778304929E-01  -1.967913096662253E-01  -1.000000000000000E+05
 -3.809210118595909E-01   1.972927224795451E-01  -2.086365579022133E-01  -1.000000000000000E+05
 -3.686010788722201E-01   2.178831860774386E-01  -2.209065899868064E-01  -1.000000000000000E+05
 -3.592658526484969E-01   2.425835689341561E-01  -2.330424730295498E-01  -1.000000000000000E+05
 -3.532313974806032E-01   2.708429699859464E-01  -2.445325025550441E-01  -1.000000000000000E+05
 -3.507082412766878E-01   3.019355452225715E-01  -2.549566995622722E-01  -1.000000000000000E+05
 -3.517921855472548E-01   3.350065615741366E-01  -2.640219489814274E-01  -1.000000000000000E+05
 -3.564620014704206E-01   3.691259222334514E-01  -2.715849154064017E-01  -1.000000000000000E+05
 -3.645842540624440E-01   4.033448067648630E-01  -2.776609862060071E-01  -1.000000000000000E+05
 -3.759249711416431E-01   4.367510269726397E-01  -2.824187412765158E-01  -1.000000000000000E+05
 -3.901673550785014E-01   4.685190337208773E-01  -2.861607186963666E-01  -1.000000000000000E+05
 -4.069342660692714E-01   4.979511730488149E-01  -2.892924224029202E-01  -1.000000000000000E+05
 -4.258138259996033E-01   5.245077060951174E-01  -2.922824983947877E-01  -1.000000000000000E+05
 -4.463862357780528E-01   5.478241806575047E-01  -2.956177065303008E-01  -1.000000000000000E+05
 -4.682497908072602E-01   5.677158667789098E-01  -2.997566797111570E-01  -1.000000000000000E+05
 -4.910441316735056E-01   5.841700392335696E-01  -3.050864670005182E-01  -1.000000000000000E+05
 -5.144689795269628E-01   5.973278115515503E-01  -3.118855113597999E-01  -1.000000000000000E+05
 -5.382969637316528E-01   6.074579240568346E-01  -3.202960573107398E-01  -1.000000000000000E+05
 -5.623796261802900E-01   6.149253129908558E-01  -3.303080872046029E-01  -1.000000000000000E+05
 -5.866462444716375E-01   6.201574193882882E-01  -3.417558352362432E-01  -1.000000000000000E+05
 -6.110957095161088E-01   6.236110452933638E-01  -3.543268254432910E-01  -1.000000000000000E+05
 -6.357822727193916E-01   6.257421690428185E-01  -3.675823248123108E-01  -1.000000000000000E+05
 -6.607964946109188E-01   6.269805508991857E-01  -3.809871884046542E-01  -1.000000000000000E+05
 -6.862431360749718E-01   6.277102704666456E-01  -3.939463767011652E-01  -1.000000000000000E+05
 -7.122179991115504E-01   6.282566195764745E-01  -4.058449994794195E-01  -1.000000000000000E+05
 -7.387858219358788E-01   6.288791075858754E-01  -4.160886112905929E-01  -1.000000000000000E+05
 -7.659612528733984E-01   6.297697882120978E-01  -4.241406478153587E-01  -1.000000000000000E+05
 -7.936946736911081E-01   6.310557381862284E-01  -4.295543192824180E-01  -1.000000000000000E+05
 -8.218642354007543E-01   6.328043356536706E-01  -4.319969124396185E-01  -1.000000000000000E+05
 -8.502749412362374E-01   6.350300032117006E-01  -4.312652247159109E-01  -1.000000000000000E+05
 -8.786650061911795E-01   6.377012756445606E-01  -4.272916821312983E-01  -1.000000000000000E+05
 -9.067190909662155E-01   6.407473840808720E-01  -4.201414940682142E-01  -1.000000000000000E+05
 -9.340874038912926E-01   6.440639597406916E-01  -4.100018982848787E-01  -1.000000000000000E+05
 -9.604091389571372E-01   6.475178871238081E-01  -3.971650880648793E-01  -1.000000000000000E+05
 -9.853383167923179E-01   6.509517140135760E-01  -3.820067496842429E-01  -1.000000000000000E+05
 -1.008569853291416E+00   6.541882975951835E-01  -3.649622552354540E-01  -1.000000000000000E+05
 -1.029863619366396E+00   6.570364906820266E-01  -3.465024600962980E-01  -1.000000000000000E+05
 -1.049064381470944E+00   6.592986277653988E-01  -3.271107750152517E-01  -1.000000000000000E+05
 -1.066115816830391E+00   6.607803582553334E-01  -3.072627670847632E-01  -1.000000000000000E+05
 -1.081067255335877E+00   6.613030175398080E-01  -2.874090512004638E-01  -1.000000000000000E+05
 -1.094072374474631E+00   6.607182692630561E-01  -2.679617285488061E-01  -1.000000000000000E+05
 -1.105379717298255E+00   6.589242537149693E-01  -2.492841735726869E-01  -1.000000000000000E+05
 -1.115315563307518E+00   6.558820051287442E-01  -2.316836188395434E-01  -1.000000000000000E+05
 -1.124260303985269E+00   6.516305232599352E-01  -2.154057763283387E-01  -1.000000000000000E+05
 -1.132620007554958E+00   6.462986624922124E-01  -2.006306828297743E-01  -1.000000000000000E+05
 -1.140795257961597E+00   6.401119803337594E-01  -1.874690644911044E-01  -1.000000000000000E+05
 -1.149149588805943E+00   6.333928907643780E-01  -1.759587587806735E-01  -1.000000000000000E+05
 -1.157979885524933E+00   6.265528956358719E-01  -1.660610715957586E-01  -1.000000000000000E+05
 -1.167490995196877E+00   6.200762921585445E-01  -1.576573305936558E-01  -1.000000000000000E+05
 -1.177776474935319E+00   6.144955248480999E-01  -1.505462644914961E-01  -1.000000000000000E+05
 -1.188806952978996E+00   6.103591945432032E-01  -1.444431341919672E-01  -1.000000000000000E+05
 -1.200427009049649E+00   6.081945704183774E-01  -1.389817150277909E-01  -1.000000000000000E+05
 -1.212360848473351E+00   6.084671838341604E-01  -1.337202439947408E-01  -1.000000000000000E+05
 -1.212360848473351E+00   6.084671838341604E-01  -1.337202439947408E-01   0.000000000000000E+00 6 RotatedCurve12 
  6.084671838341603E-01  -1.212360848473351E+00   1.337202439947408E-01   1.000000000000000E+05
  6.115406306301829E-01  -1.224226398484443E+00   1.281522840178311E-01   1.000000000000000E+05
  6.176400002900833E-01  -1.235556845729904E+00   1.217231228293095E-01   1.000000000000000E+05
  6.268223376160825E-01  -1.245828107897039E+00   1.138518423070628E-01   1.000000000000000E+05
  6.389572047360937E-01  -1.254490328448174E+00   1.039586100047176E-01   1.000000000000000E+05
  6.537197597401342E-01  -1.261001229748225E+00   9.149611812345582E-02   1.000000000000000E+05
  6.705978463648018E-01  -1.264859071747576E+00   7.598349533940227E-02   1.000000000000000E+05
  6.889134693823429E-01  -1.265633042560231E+00   5.704051436440889E-02   1.000000000000000E+05
  7.078578082816214E-01  -1.262989142197072E+00   3.441957742958792E-02   1.000000000000000E+05
  7.265377075974488E-01  -1.256709987961649E+00   8.032834133051781E-03   1.000000000000000E+05
  7.440304902702997E-01  -1.246707436696222E+00  -2.202809722245039E-02   1.000000000000000E+05
  7.594430783257857E-01  -1.233027445882573E+00  -5.548196493618764E-02   1.000000000000000E+05
  7.719708630346703E-01  -1.215847140348693E+00  -9.185883333095252E-02   1.000000000000000E+05
  7.809516077308531E-01  -1.195464572468941E+00  -1.305129103127421E-01   1.000000000000000E+05
  7.859099199049402E-01  -1.172282123751177E+00  -1.706470976327660E-01   1.000000000000000E+05
  7.865884865337909E-01  -1.146784863919401E+00  -2.113481436267688E-01   1.000000000000000E+05
  7.829632812001912E-01  -1.119515438332872E+00  -2.516303571415283E-01   1.000000000000000E+05
  7.752412419682478E-01  -1.091047184334668E+00  -2.904850528141466E-01   1.000000000000000E+05
  7.638403757808614E-01  -1.061957180873521E+00  -3.269323215178763E-01   1.000000000000000E+05
  7.493537405510574E-01  -1.032800822317754E+00  -3.600714179610409E-01   1.000000000000000E+05
  7.325001556045698E-01  -1.004089294015514E+00  -3.891260684016377E-01   1.000000000000000E+05
  7.140656659432755E-01  -9.762710374392064E-01  -4.134813349387945E-01   1.000000000000000E+05
  6.948406251715437E-01  -9.497179541662334E-01  -4.327093082284084E-01   1.000000000000000E+05
  6.755576838235389E-01  -9.247167392649625E-01  -4.465817879092184E-01   1.000000000000000E+05
  6.568359291544462E-01  -9.014653834341616E-01  -4.550691745344980E-01   1.000000000000000E+05
  6.391359159164028E-01  -8.800745636574527E-01  -4.583259448616361E-01   1.000000000000000E+05
  6.227293947173382E-01  -8.605733732923287E-01  -4.566642104595944E-01   1.000000000000000E+05
  6.076862644904698E-01  -8.429186374135332E-01  -4.505178639932644E-01   1.000000000000000E+05
  5.938797605384633E-01  -8.270069243729834E-01  -4.404006041440500E-01   1.000000000000000E+05
  5.810092746257007E-01  -8.126883001849357E-01  -4.268616236873442E-01   1.000000000000000E+05
  5.686386343689783E-01  -7.997808733381820E-01  -4.104428968998779E-01   1.000000000000000E+05
  5.562462886244346E-01  -7.880852346385239E-01  -3.916417948135603E-01   1.000000000000000E+05
  5.432827805037646E-01  -7.773979976644384E-01  -3.708822060852264E-01   1.000000000000000E+05
  5.292302388946465E-01  -7.675237772090979E-01  -3.484964961907173E-01   1.000000000000000E+05
  5.136584443365978E-01  -7.582850928206983E-01  -3.247195754077321E-01   1.000000000000000E+05
  4.962723438845888E-01  -7.495298408656872E-01  -2.996951651221861E-01   1.000000000000000E+05
  4.769466749384543E-01  -7.411361323502823E-01  -2.734931631126237E-01   1.000000000000000E+05
  4.557445396452258E-01  -7.330144386531403E-01  -2.461359241963435E-01   1.000000000000000E+05
  4.329182423745899E-01  -7.251071195966188E-01  -2.176303966352706E-01   1.000000000000000E+05
  4.088923289297877E-01  -7.173855263911533E-01  -1.880024718173668E-01   1.000000000000000E+05
  3.842303989358275E-01  -7.098449759322147E-01  -1.573296726393590E-01   1.000000000000000E+05
  3.595887526621555E-01  -7.024979834031319E-01  -1.257684495216850E-01   1.000000000000000E+05
  3.356611437243434E-01  -6.953662176650074E-01  -9.357286133931030E-02   1.000000000000000E+05
  3.131197285935162E-01  -6.884717081366590E-01  -6.110224616448177E-02   1.000000000000000E+05
  2.925576574367259E-01  -6.818278810660318E-01  -2.881655720633737E-02   1.000000000000000E+05
  2.744386061817262E-01  -6.754310340551346E-01   2.740747463277912E-03   1.000000000000000E+05
  2.590579203345897E-01  -6.692528659339081E-01   3.297113148649487E-02   1.000000000000000E+05
  2.465189849945354E-01  -6.632346593912060E-01   6.125844199894574E-02   1.000000000000000E+05
  2.367270498129447E-01  -6.572836611174215E-01   8.701217515556513E-02   1.000000000000000E+05
  2.294011494663018E-01  -6.512721147175080E-01   1.097126570062883E-01   1.000000000000000E+05
  2.241031148890981E-01  -6.450392736648657E-01   1.289539533755726E-01   1.000000000000000E+05
  2.202811180986267E-01  -6.383965565952245E-01   1.444804156171934E-01   1.000000000000000E+05
  2.173238748598305E-01  -6.311358106213342E-01   1.562132490352098E-01   1.000000000000000E+05
  2.146206635307037E-01  -6.230404295217489E-01   1.642643164885881E-01   1.000000000000000E+05
  2.116217911532403E-01  -6.138988459591592E-01   1.689354875711263E-01   1.000000000000000E+05
  2.078940945876926E-01  -6.035196968477566E-01   1.707031141342832E-01   1.000000000000000E+05
  2.031665061579127E-01  -5.917477671527691E-01   1.701885394232467E-01   1.000000000000000E+05
  1.973615966541537E-01  -5.784796687302599E-01   1.681168084829923E-01   1.000000000000000E+05
  1.906102506247898E-01  -5.636781248518721E-01   1.652668250879565E-01   1.000000000000000E+05
  1.832481149361767E-01  -5.473837220353953E-01   1.624169950834710E-01   1.000000000000000E+05
  1.757940559955960E-01  -5.297230678400330E-01   1.602908334147916E-01   1.000000000000000E+05
  1.689124200694771E-01  -5.109124589478281E-01   1.595070508207342E-01   1.000000000000000E+05
  1.633622761860466E-01  -4.912564132027639E-01   1.605382714579136E-01   1.000000000000000E+05
  1.599379113703194E-01  -4.711407395935369E-01   1.636817970067701E-01   1.000000000000000E+05
  1.594055511905244E-01  -4.510201913865572E-01   1.690447925729728E-01   1.000000000000000E+05
  1.624415391385364E-01  -4.314011435479990E-01   1.765450192461940E-01   1.000000000000000E+05
  1.695770115807979E-01  -4.128201257907947E-01   1.859268908213866E-01   1.000000000000000E+05
  1.811534778304929E-01  -3.958193947747823E-01   1.967913096662253E-01   1.000000000000000E+05
  1.972927224795450E-01  -3.809210118595909E-01   2.086365579022133E-01   1.000000000000000E+05
  2.178831860774386E-01  -3.686010788722202E-01   2.209065899868064E-01   1.000000000000000E+05
  2.425835689341561E-01  -3.592658526484969E-01   2.330424730295498E-01   1.000000000000000E+05
  2.708429699859464E-01  -3.532313974806032E-01   2.445325025550441E-01   1.000000000000000E+05
  3.019355452225715E-01  -3.507082412766878E-01   2.549566995622722E-01   1.000000000000000E+05
  3.350065615741366E-01  -3.517921855472548E-01   2.640219489814274E-01   1.000000000000000E+05
  3.691259222334514E-01  -3.564620014704206E-01   2.715849154064017E-01   1.000000000000000E+05
  4.033448067648630E-01  -3.645842540624440E-01   2.776609862060071E-01   1.000000000000000E+05
  4.367510269726397E-01  -3.759249711416431E-01   2.824187412765158E-01   1.000000000000000E+05
  4.685190337208773E-01  -3.901673550785015E-01   2.861607186963666E-01   1.000000000000000E+05
  4.979511730488149E-01  -4.069342660692714E-01   2.892924224029202E-01   1.000000000000000E+05
  5.245077060951173E-01  -4.258138259996034E-01   2.922824983947877E-01   1.000000000000000E+05
  5.478241806575046E-01  -4.463862357780528E-01   2.956177065303008E-01   1.000000000000000E+05
  5.677158667789098E-01  -4.682497908072603E-01   2.997566797111570E-01   1.000000000000000E+05
  5.841700392335696E-01  -4.910441316735056E-01   3.050864670005182E-01   1.000000000000000E+05
  5.973278115515503E-01  -5.144689795269628E-01   3.118855113597999E-01   1.000000000000000E+05
  6.074579240568346E-01  -5.382969637316528E-01   3.202960573107398E-01   1.000000000000000E+05
  6.149253129908558E-01  -5.623796261802900E-01   3.303080872046029E-01   1.000000000000000E+05
  6.201574193882882E-01  -5.866462444716375E-01   3.417558352362432E-01   1.000000000000000E+05
  6.236110452933638E-01  -6.110957095161088E-01   3.543268254432910E-01   1.000000000000000E+05
  6.257421690428185E-01  -6.357822727193916E-01   3.675823248123108E-01   1.000000000000000E+05
  6.269805508991857E-01  -6.607964946109188E-01   3.809871884046542E-01   1.000000000000000E+05
  6.277102704666456E-01  -6.862431360749718E-01   3.939463767011652E-01   1.000000000000000E+05
  6.282566195764745E-01  -7.122179991115504E-01   4.058449994794195E-01   1.000000000000000E+05
  6.288791075858754E-01  -7.387858219358788E-01   4.160886112905929E-01   1.000000000000000E+05
  6.297697882120978E-01  -7.659612528733984E-01   4.241406478153587E-01   1.000000000000000E+05
  6.310557381862284E-01  -7.936946736911081E-01   4.295543192824180E-01   1.000000000000000E+05
  6.328043356536706E-01  -8.218642354007543E-01   4.319969124396185E-01   1.000000000000000E+05
  6.350300032117006E-01  -8.502749412362374E-01   4.312652247159109E-01   1.000000000000000E+05
  6.377012756445606E-01  -8.786650061911795E-01   4.272916821312983E-01   1.000000000000000E+05
  6.407473840808718E-01  -9.067190909662155E-01   4.201414940682142E-01   1.000000000000000E+05
  6.440639597406915E-01  -9.340874038912926E-01   4.100018982848787E-01   1.000000000000000E+05
  6.475178871238080E-01  -9.604091389571372E-01   3.971650880648793E-01   1.000000000000000E+05
  6.509517140135759E-01  -9.853383167923179E-01   3.820067496842429E-01   1.000000000000000E+05
  6.541882975951834E-01  -1.008569853291416E+00   3.649622552354540E-01   1.000000000000000E+05
  6.570364906820265E-01  -1.029863619366397E+00   3.465024600962980E-01   1.000000000000000E+05
  6.592986277653987E-01  -1.049064381470944E+00   3.271107750152517E-01   1.000000000000000E+05
  6.607803582553333E-01  -1.066115816830392E+00   3.072627670847632E-01   1.000000000000000E+05
  6.613030175398079E-01  -1.081067255335877E+00   2.874090512004638E-01   1.000000000000000E+05
  6.607182692630560E-01  -1.094072374474631E+00   2.679617285488061E-01   1.000000000000000E+05
  6.589242537149692E-01  -1.105379717298255E+00   2.492841735726869E-01   1.000000000000000E+05
  6.558820051287441E-01  -1.115315563307519E+00   2.316836188395434E-01   1.000000000000000E+05
  6.516305232599351E-01  -1.124260303985270E+00   2.154057763283387E-01   1.000000000000000E+05
  6.462986624922122E-01  -1.132620007554959E+00   2.006306828297743E-01   1.000000000000000E+05
  6.401119803337593E-01  -1.140795257961598E+00   1.874690644911044E-01   1.000000000000000E+05
  6.333928907643779E-01  -1.149149588805943E+00   1.759587587806735E-01   1.000000000000000E+05
  6.265528956358718E-01  -1.157979885524933E+00   1.660610715957586E-01   1.000000000000000E+05
  6.200762921585444E-01  -1.167490995196877E+00   1.576573305936558E-01   1.000000000000000E+05
  6.144955248480998E-01  -1.177776474935319E+00   1.505462644914961E-01   1.000000000000000E+05
  6.103591945432031E-01  -1.188806952978996E+00   1.444431341919672E-01   1.000000000000000E+05
  6.081945704183773E-01  -1.200427009049649E+00   1.389817150277909E-01   1.000000000000000E+05
  6.084671838341603E-01  -1.212360848473351E+00   1.337202439947408E-01   1.000000000000000E+05
  6.084671838341603E-01  -1.212360848473351E+00   1.337202439947408E-01   0.000000000000000E+00 7 RotatedCurve13 
  6.084671838341603E-01   1.212360848473351E+00  -1.337202439947408E-01  -1.000000000000000E+05
  6.115406306301829E-01   1.224226398484443E+00  -1.281522840178311E-01  -1.000000000000000E+05
  6.176400002900833E-01   1.235556845729904E+00  -1.217231228293095E-01  -1.000000000000000E+05
  6.268223376160825E-01   1.245828107897039E+00  -1.138518423070628E-01  -1.000000000000000E+05
  6.389572047360937E-01   1.254490328448174E+00  -1.039586100047176E-01  -1.000000000000000E+05
  6.537197597401342E-01   1.261001229748225E+00  -9.149611812345582E-02  -1.000000000000000E+05
  6.705978463648018E-01   1.264859071747576E+00  -7.598349533940227E-02  -1.000000000000000E+05
  6.889134693823429E-01   1.265633042560231E+00  -5.704051436440889E-02  -1.000000000000000E+05
  7.078578082816214E-01   1.262989142197072E+00  -3.441957742958792E-02  -1.000000000000000E+05
  7.265377075974488E-01   1.256709987961649E+00  -8.032834133051781E-03  -1.000000000000000E+05
  7.440304902702997E-01   1.246707436696222E+00   2.202809722245039E-02  -1.000000000000000E+05
  7.594430783257857E-01   1.233027445882573E+00   5.548196493618764E-02  -1.000000000000000E+05
  7.719708630346703E-01   1.215847140348693E+00   9.185883333095252E-02  -1.000000000000000E+05
  7.809516077308531E-01   1.195464572468941E+00   1.305129103127421E-01  -1.000000000000000E+05
  7.859099199049402E-01   1.172282123751177E+00   1.706470976327660E-01  -1.000000000000000E+05
  7.865884865337909E-01   1.146784863919401E+00   2.113481436267688E-01  -1.000000000000000E+05
  7.829632812001912E-01   1.119515438332872E+00   2.516303571415283E-01  -1.000000000000000E+05
  7.752412419682478E-01   1.091047184334668E+00   2.904850528141466E-01  -1.000000000000000E+05
  7.638403757808614E-01   1.061957180873521E+00   3.269323215178763E-01  -1.000000000000000E+05
  7.493537405510574E-01   1.032800822317754E+00   3.600714179610409E-01  -1.000000000000000E+05
  7.325001556045698E-01   1.004089294015514E+00   3.891260684016377E-01  -1.000000000000000E+05
  7.140656659432755E-01   9.762710374392064E-01   4.134813349387945E-01  -1.000000000000000E+05
  6.948406251715437E-01   9.497179541662334E-01   4.327093082284084E-01  -1.000000000000000E+05
  6.755576838235389E-01   9.247167392649625E-01   4.465817879092184E-01  -1.000000000000000E+05
  6.568359291544462E-01   9.014653834341616E-01   4.550691745344980E-01  -1.000000000000000E+05
  6.391359159164028E-01   8.800745636574527E-01   4.583259448616361E-01  -1.000000000000000E+05
  6.227293947173382E-01   8.605733732923287E-01   4.566642104595944E-01  -1.000000000000000E+05
  6.076862644904698E-01   8.429186374135332E-01   4.505178639932644E-01  -1.000000000000000E+05
  5.938797605384633E-01   8.270069243729834E-01   4.404006041440500E-01  -1.000000000000000E+05
  5.810092746257007E-01   8.126883001849357E-01   4.268616236873442E-01  -1.000000000000000E+05
  5.686386343689783E-01   7.997808733381820E-01   4.104428968998779E-01  -1.000000000000000E+05
  5.562462886244346E-01   7.880852346385239E-01   3.916417948135603E-01  -1.000000000000000E+05
  5.432827805037646E-01   7.773979976644384E-01   3.708822060852264E-01  -1.000000000000000E+05
  5.292302388946465E-01   7.675237772090979E-01   3.484964961907173E-01  -1.000000000000000E+05
  5.136584443365978E-01   7.582850928206983E-01   3.247195754077321E-01  -1.000000000000000E+05
  4.962723438845888E-01   7.495298408656872E-01   2.996951651221861E-01  -1.000000000000000E+05
  4.769466749384543E-01   7.411361323502823E-01   2.734931631126237E-01  -1.000000000000000E+05
  4.557445396452258E-01   7.330144386531403E-01   2.461359241963435E-01  -1.000000000000000E+05
  4.329182423745899E-01   7.251071195966188E-01   2.176303966352706E-01  -1.000000000000000E+05
  4.088923289297877E-01   7.173855263911533E-01   1.880024718173668E-01  -1.000000000000000E+05
  3.842303989358275E-01   7.098449759322147E-01   1.573296726393590E-01  -1.000000000000000E+05
  3.595887526621555E-01   7.024979834031319E-01   1.257684495216850E-01  -1.000000000000000E+05
  3.356611437243434E-01   6.953662176650074E-01   9.357286133931030E-02  -1.000000000000000E+05
  3.131197285935162E-01   6.884717081366590E-01   6.110224616448177E-02  -1.000000000000000E+05
  2.925576574367259E-01   6.818278810660318E-01   2.881655720633737E-02  -1.000000000000000E+05
  2.744386061817262E-01   6.754310340551346E-01  -2.740747463277912E-03  -1.000000000000000E+05
  2.590579203345897E-01   6.692528659339081E-01  -3.297113148649487E-02  -1.000000000000000E+05
  2.465189849945354E-01   6.632346593912060E-01  -6.125844199894574E-02  -1.000000000000000E+05
  2.367270498129447E-01   6.572836611174215E-01  -8.701217515556513E-02  -1.000000000000000E+05
  2.294011494663018E-01   6.512721147175080E-01  -1.097126570062883E-01  -1.000000000000000E+05
  2.241031148890981E-01   6.450392736648657E-01  -1.289539533755726E-01  -1.000000000000000E+05
  2.202811180986267E-01   6.383965565952245E-01  -1.444804156171934E-01  -1.000000000000000E+05
  2.173238748598305E-01   6.311358106213342E-01  -1.562132490352098E-01  -1.000000000000000E+05
  2.146206635307037E-01   6.230404295217489E-01  -1.642643164885881E-01  -1.000000000000000E+05
  2.116217911532403E-01   6.138988459591592E-01  -1.689354875711263E-01  -1.000000000000000E+05
  2.078940945876926E-01   6.035196968477566E-01  -1.707031141342832E-01  -1.000000000000000E+05
  2.031665061579127E-01   5.917477671527691E-01  -1.701885394232467E-01  -1.000000000000000E+05
  1.973615966541537E-01   5.784796687302599E-01  -1.681168084829923E-01  -1.000000000000000E+05
  1.906102506247898E-01   5.636781248518721E-01  -1.652668250879565E-01  -1.000000000000000E+05
  1.832481149361767E-01   5.473837220353953E-01  -1.624169950834710E-01  -1.000000000000000E+05
  1.757940559955960E-01   5.297230678400330E-01  -1.602908334147916E-01  -1.000000000000000E+05
  1.689124200694771E-01   5.109124589478281E-01  -1.595070508207342E-01  -1.000000000000000E+05
  1.633622761860466E-01   4.912564132027639E-01  -1.605382714579136E-01  -1.000000000000000E+05
  1.599379113703194E-01   4.711407395935369E-01  -1.636817970067701E-01  -1.000000000000000E+05
  1.594055511905244E-01   4.510201913865572E-01  -1.690447925729728E-01  -1.000000000000000E+05
  1.624415391385364E-01   4.314011435479990E-01  -1.765450192461940E-01  -1.000000000000000E+05
  1.695770115807979E-01   4.128201257907947E-01  -1.859268908213866E-01  -1.000000000000000E+05
  1.811534778304929E-01   3.958193947747823E-01  -1.967913096662253E-01  -1.000000000000000E+05
  1.972927224795450E-01   3.809210118595909E-01  -2.086365579022133E-01  -1.000000000000000E+05
  2.178831860774386E-01   3.686010788722202E-01  -2.209065899868064E-01  -1.000000000000000E+05
  2.425835689341561E-01   3.592658526484969E-01  -2.330424730295498E-01  -1.000000000000000E+05
  2.708429699859464E-01   3.532313974806032E-01  -2.445325025550441E-01  -1.000000000000000E+05
  3.019355452225715E-01   3.507082412766878E-01  -2.549566995622722E-01  -1.000000000000000E+05
  3.350065615741366E-01   3.517921855472548E-01  -2.640219489814274E-01  -1.000000000000000E+05
  3.691259222334514E-01   3.564620014704206E-01  -2.715849154064017E-01  -1.000000000000000E+05
  4.033448067648630E-01   3.645842540624440E-01  -2.776609862060071E-01  -1.000000000000000E+05
  4.367510269726397E-01   3.759249711416431E-01  -2.824187412765158E-01  -1.000000000000000E+05
  4.685190337208773E-01   3.901673550785015E-01  -2.861607186963666E-01  -1.000000000000000E+05
  4.979511730488149E-01   4.069342660692714E-01  -2.892924224029202E-01  -1.000000000000000E+05
  5.245077060951173E-01   4.258138259996034E-01  -2.922824983947877E-01  -1.000000000000000E+05
  5.478241806575046E-01   4.463862357780528E-01  -2.956177065303008E-01  -1.000000000000000E+05
  5.677158667789098E-01   4.682497908072603E-01  -2.997566797111570E-01  -1.000000000000000E+05
  5.841700392335696E-01   4.910441316735056E-01  -3.050864670005182E-01  -1.000000000000000E+05
  5.973278115515503E-01   5.144689795269628E-01  -3.118855113597999E-01  -1.000000000000000E+05
  6.074579240568346E-01   5.382969637316528E-01  -3.202960573107398E-01  -1.000000000000000E+05
  6.149253129908558E-01   5.623796261802900E-01  -3.303080872046029E-01  -1.000000000000000E+05
  6.201574193882882E-01   5.866462444716375E-01  -3.417558352362432E-01  -1.000000000000000E+05
  6.236110452933638E-01   6.110957095161088E-01  -3.543268254432910E-01  -1.000000000000000E+05
  6.257421690428185E-01   6.357822727193916E-01  -3.675823248123108E-01  -1.000000000000000E+05
  6.269805508991857E-01   6.607964946109188E-01  -3.809871884046542E-01  -1.000000000000000E+05
  6.277102704666456E-01   6.862431360749718E-01  -3.939463767011652E-01  -1.000000000000000E+05
  6.282566195764745E-01   7.122179991115504E-01  -4.058449994794195E-01  -1.000000000000000E+05
  6.288791075858754E-01   7.387858219358788E-01  -4.160886112905929E-01  -1.000000000000000E+05
  6.297697882120978E-01   7.659612528733984E-01  -4.241406478153587E-01  -1.000000000000000E+05
  6.310557381862284E-01   7.936946736911081E-01  -4.295543192824180E-01  -1.000000000000000E+05
  6.328043356536706E-01   8.218642354007543E-01  -4.319969124396185E-01  -1.000000000000000E+05
  6.350300032117006E-01   8.502749412362374E-01  -4.312652247159109E-01  -1.000000000000000E+05
  6.377012756445606E-01   8.786650061911795E-01  -4.272916821312983E-01  -1.000000000000000E+05
  6.407473840808718E-01   9.067190909662155E-01  -4.201414940682142E-01  -1.000000000000000E+05
  6.440639597406915E-01   9.340874038912926E-01  -4.100018982848787E-01  -1.000000000000000E+05
  6.475178871238080E-01   9.604091389571372E-01  -3.971650880648793E-01  -1.000000000000000E+05
  6.509517140135759E-01   9.853383167923179E-01  -3.820067496842429E-01  -1.000000000000000E+05
  6.541882975951834E-01   1.008569853291416E+00  -3.649622552354540E-01  -1.000000000000000E+05
  6.570364906820265E-01   1.029863619366397E+00  -3.465024600962980E-01  -1.000000000000000E+05
  6.592986277653987E-01   1.049064381470944E+00  -3.271107750152517E-01  -1.000000000000000E+05
  6.607803582553333E-01   1.066115816830392E+00  -3.072627670847632E-01  -1.000000000000000E+05
  6.613030175398079E-01   1.081067255335877E+00  -2.874090512004638E-01  -1.000000000000000E+05
  6.607182692630560E-01   1.094072374474631E+00  -2.679617285488061E-01  -1.000000000000000E+05
  6.589242537149692E-01   1.105379717298255E+00  -2.492841735726869E-01  -1.000000000000000E+05
  6.558820051287441E-01   1.115315563307519E+00  -2.316836188395434E-01  -1.000000000000000E+05
  6.516305232599351E-01   1.124260303985270E+00  -2.154057763283387E-01  -1.000000000000000E+05
  6.462986624922122E-01   1.132620007554959E+00  -2.006306828297743E-01  -1.000000000000000E+05
  6.401119803337593E-01   1.140795257961598E+00  -1.874690644911044E-01  -1.000000000000000E+05
  6.333928907643779E-01   1.149149588805943E+00  -1.759587587806735E-01  -1.000000000000000E+05
  6.265528956358718E-01   1.157979885524933E+00  -1.660610715957586E-01  -1.000000000000000E+05
  6.200762921585444E-01   1.167490995196877E+00  -1.576573305936558E-01  -1.000000000000000E+05
  6.144955248480998E-01   1.177776474935319E+00  -1.505462644914961E-01  -1.000000000000000E+05
  6.103591945432031E-01   1.188806952978996E+00  -1.444431341919672E-01  -1.000000000000000E+05
  6.081945704183773E-01   1.200427009049649E+00  -1.389817150277909E-01  -1.000000000000000E+05
  6.084671838341603E-01   1.212360848473351E+00  -1.337202439947408E-01  -1.000000000000000E+05
  6.084671838341603E-01   1.212360848473351E+00  -1.337202439947408E-01   0.000000000000000E+00 8 RotatedCurve14 
end 
