s
0.016666666666666666, 0.08333333333333334, 0.18333333333333335, 0.31666666666666665, 0.38333333333333336, 0.5166666666666666, 0.6166666666666666, 0.7166666666666666, 0.8166666666666667, 0.9166666666666666, 0.9833333333333333
iteration, j dot B Redl, j dot B vmec
0, -663203.9854402775, -1472731.8106319355, -1829380.5346847875, -2089187.708738103, -2214814.008462125, -2436899.054989173, -2476190.2782432064, -2249856.523266825, -1604530.6919823291, -575524.0708655561, -31023.45776849916, -905687.140136813, -1422835.2942073536, -1861552.9460006226, -2092544.3503802838, -2184753.3005822957, -2409563.040407985, -2473894.9253036687, -2226110.3950448073, -1595157.7929772267, -684190.9379512643, -19883.13268440083
1, -663203.9854402775, -1472731.8106319355, -1829380.5346847875, -2089187.708738103, -2214814.008462125, -2436899.054989173, -2476190.2782432064, -2249856.523266825, -1604530.6919823291, -575524.0708655561, -31023.45776849916, -905687.140136813, -1422835.2942073536, -1861552.9460006226, -2092544.3503802838, -2184753.3005822957, -2409563.040407985, -2473894.9253036687, -2226110.3950448073, -1595157.7929772267, -684190.9379512643, -19883.13268440083
2, -663203.9854402775, -1472731.8106319355, -1829380.5346847875, -2089187.708738103, -2214814.008462125, -2436899.054989173, -2476190.2782432064, -2249856.523266825, -1604530.6919823291, -575524.0708655561, -31023.45776849916, -905687.140136813, -1422835.2942073536, -1861552.9460006226, -2092544.3503802838, -2184753.3005822957, -2409563.040407985, -2473894.9253036687, -2226110.3950448073, -1595157.7929772267, -684190.9379512643, -19883.13268440083
3, -663203.9901680392, -1472731.8207078124, -1829380.5449832277, -2089187.7174699353, -2214814.0163798686, -2436899.0615436104, -2476190.2842128933, -2249856.5287386347, -1604530.6961814584, -575524.0724843076, -31023.45785648092, -905687.1389378204, -1422835.292331792, -1861552.9435445378, -2092544.347602426, -2184753.297753543, -2409563.0372700584, -2473894.9220265467, -2226110.3919559545, -1595157.7906843612, -684190.9369292252, -19883.132726765296
4, -663203.1999019397, -1472729.4561961538, -1829378.6608471307, -2089186.8799706153, -2214813.660634522, -2436899.6100683063, -2476191.301318483, -2249857.5829468067, -1604531.3400760246, -575524.2293850629, -31023.466174924994, -905693.2324390771, -1422844.6887583586, -1861564.9378712168, -2092557.404453799, -2184766.7198136332, -2409577.399738768, -2473909.359584853, -2226123.14249853, -1595166.7901351703, -684194.7736019648, -19883.27523394357
5, -343828.0295643433, -920545.6212480163, -1249494.3034091196, -1460714.7745987484, -1529612.145579271, -1593940.665189262, -1519742.82363649, -1266078.6347473944, -803378.8602838891, -244047.5653636384, -10797.375981330446, -406760.1489487154, -1262805.9207115916, -1693416.0557808478, -1961538.3553305739, -2070821.8654587644, -2176190.94462078, -2097741.8047263315, -1772620.4108591913, -1108596.9654367205, -265205.0412444066, -15799.994721182615
6, -610748.0107957677, -1362575.2698036833, -1712208.8616274477, -1991330.5039772806, -2123442.396933972, -2353749.4599339464, -2400200.826892136, -2181838.733450903, -1551666.6335241725, -553426.7497160218, -29388.471791649514, -727649.7158016994, -1303925.84497881, -1714533.323698131, -1912489.2117982772, -2033889.2675569826, -2230769.953551749, -2275586.826631878, -2068831.522350661, -1470431.4556551292, -534554.5174017964, -17019.167175631577
7, -643701.2790146708, -1449306.4059378835, -1819053.0077387611, -2096964.36343749, -2230449.3378878823, -2462714.9287667503, -2504306.304715595, -2272856.2531142966, -1615755.2571513618, -575836.7465493786, -30562.761569416813, -896540.8573298944, -1419960.9881186124, -1882370.311162292, -2094283.5158339378, -2197257.756501154, -2416888.5560974176, -2477900.67731324, -2235623.815665757, -1595766.1471783046, -649168.2094561248, -725.7752688723849
8, -643701.2790146708, -1449306.4059378835, -1819053.0077387611, -2096964.36343749, -2230449.3378878823, -2462714.9287667503, -2504306.304715595, -2272856.2531142966, -1615755.2571513618, -575836.7465493786, -30562.761569416813, -896540.8573298944, -1419960.9881186124, -1882370.311162292, -2094283.5158339378, -2197257.756501154, -2416888.5560974176, -2477900.67731324, -2235623.815665757, -1595766.1471783046, -649168.2094561248, -725.7752688723849
9, -643701.2830726027, -1449306.4148252667, -1819053.0205439387, -2096964.3812115518, -2230449.358235162, -2462714.9535346758, -2504306.33058595, -2272856.276445021, -1615755.2733632189, -575836.752411208, -30562.76189582717, -896540.8542093862, -1419960.9832010444, -1882370.3046757788, -2094283.508619347, -2197257.7489651907, -2416888.5478412965, -2477900.668914117, -2235623.8082755045, -1595766.142089609, -649168.2075357242, -725.7749026251258
10, -643700.8320894921, -1449304.831238039, -1819051.7056545743, -2096963.612363159, -2230448.8122047842, -2462714.8848118735, -2504306.558599142, -2272856.589706241, -1615755.3443208162, -575836.6390941069, -30562.749464904526, -896546.7067348984, -1419970.08627869, -1882382.1365595101, -2094296.288897113, -2197271.0345618823, -2416902.777567988, -2477914.942180324, -2235636.4194137133, -1595775.0079509784, -649171.8421479418, -725.8124170236406
11, -665400.670493687, -1515568.2081149574, -1878769.6350935937, -2138971.5514371656, -2261819.1442718455, -2468134.3956770813, -2489630.551463761, -2243159.426694816, -1584484.343195516, -560715.9453050683, -29463.936422305862, -849618.7169307504, -1430266.2594337543, -1912053.2039738225, -2117136.539490521, -2230052.4692629203, -2435788.2918801047, -2486623.9813942662, -2241696.192686994, -1588692.4971865653, -619959.8941431213, 6069.639779644727
12, -653786.0651617032, -1478213.9858444072, -1843573.082756381, -2108842.44085456, -2235558.8930220352, -2452978.9265628294, -2484853.900419102, -2249003.482878897, -1596294.8226851898, -568393.3239418532, -30141.05863040326, -882258.8785464813, -1410596.5860920683, -1881986.8576680801, -2092187.2721606682, -2197930.0975343673, -2417142.9707928025, -2477889.0390438633, -2236117.1425068146, -1594741.7668726803, -643670.7177950017, 1733.1922819114698
13, -645964.3221644773, -1455938.2805623054, -1823241.413720848, -2095793.2954290535, -2226439.9370873645, -2452907.484421901, -2491239.2175307916, -2259227.026303675, -1605528.5194635426, -572150.2583323983, -30372.50779077888, -891896.7834874205, -1414751.3240336773, -1878263.3647523578, -2089826.012275484, -2193265.7947743554, -2412944.7535635266, -2474053.387857401, -2232337.9216661425, -1593238.945865619, -647382.9369222391, -333.2132637250761
14, -645964.3221644773, -1455938.2805623054, -1823241.413720848, -2095793.2954290535, -2226439.9370873645, -2452907.484421901, -2491239.2175307916, -2259227.026303675, -1605528.5194635426, -572150.2583323983, -30372.50779077888, -891896.7834874205, -1414751.3240336773, -1878263.3647523578, -2089826.012275484, -2193265.7947743554, -2412944.7535635266, -2474053.387857401, -2232337.9216661425, -1593238.945865619, -647382.9369222391, -333.2132637250761
15, -645964.3238024148, -1455938.284353581, -1823241.4230769842, -2095793.313221192, -2226439.959156081, -2452907.513351675, -2491239.247660077, -2259227.052329368, -1605528.536575781, -572150.2644174043, -30372.50813776943, -891896.7807984072, -1414751.319637557, -1878263.3588502035, -2089826.0055757607, -2193265.7877102154, -2412944.7458293354, -2474053.380159944, -2232337.9151151115, -1593238.941459706, -647382.9351124662, -333.213413911697
16, -645964.6361055064, -1455935.888318311, -1823240.9062416793, -2095794.486582952, -2226441.561543428, -2452909.761066894, -2491241.9571954245, -2259229.672160768, -1605530.4055630667, -572151.0598468941, -30372.560896665695, -891902.5206805062, -1414760.2811115, -1878274.987120887, -2089838.5836236547, -2193278.805529473, -2412958.6793761887, -2474067.3788012695, -2232350.320105802, -1593247.6769783453, -647386.482432296, -333.2508655008569
17, -649402.4599763837, -1467277.2495700498, -1832870.2935665841, -2100321.338478687, -2228281.7212057794, -2448768.300104754, -2483171.9748008735, -2249397.6027162117, -1597533.9244437718, -569084.6784258884, -30194.19129049342, -884082.4256798842, -1409208.8747915234, -1878225.2499043609, -2089013.1716381104, -2194070.097345703, -2414050.525835439, -2475279.505614409, -2233947.9105861755, -1593889.0324384747, -645155.8363558426, 936.079549069429
18, -649402.4599763837, -1467277.2495700498, -1832870.2935665841, -2100321.338478687, -2228281.7212057794, -2448768.300104754, -2483171.9748008735, -2249397.6027162117, -1597533.9244437718, -569084.6784258884, -30194.19129049342, -884082.4256798842, -1409208.8747915234, -1878225.2499043609, -2089013.1716381104, -2194070.097345703, -2414050.525835439, -2475279.505614409, -2233947.9105861755, -1593889.0324384747, -645155.8363558426, 936.079549069429
19, -649402.4632858755, -1467277.2573697749, -1832870.30626472, -2100321.357764623, -2228281.7438381533, -2448768.3281233497, -2483172.003700096, -2249397.628007335, -1597533.9415548805, -569084.68460868, -30194.191640711953, -884082.423189084, -1409208.8706661265, -1878225.2444437516, -2089013.1655092635, -2194070.090917306, -2414050.5188305075, -2475279.498621433, -2233947.904538577, -1593889.0283724922, -645155.8348119559, 936.079545616667
20, -649401.8062671365, -1467275.3577425391, -1832868.7395689893, -2100320.404017354, -2228281.035304128, -2448768.1081755543, -2483172.071344046, -2249397.743552408, -1597533.8596948443, -569084.5245939742, -30194.177187450623, -884087.9416396595, -1409217.5281832842, -1878236.5390611312, -2089025.390439936, -2194082.762335322, -2414064.1007303935, -2475293.1575550684, -2233960.0088522118, -1593897.5353739937, -645159.2669024495, 936.0500080572965
21, -651276.1259704835, -1471848.4814357394, -1838079.5402897648, -2106172.1387557797, -2234325.777353059, -2454060.1966083543, -2487010.6916639283, -2251116.0774551127, -1597498.0389511327, -568692.6115602182, -30131.851615927742, -879477.5544023097, -1407606.063896849, -1883477.3961441864, -2091577.7672010497, -2199663.0622650427, -2418013.47604868, -2477682.8441528543, -2236353.455409165, -1592925.718002451, -637038.463839232, 4196.857184695924
22, -651276.1259704835, -1471848.4814357394, -1838079.5402897648, -2106172.1387557797, -2234325.777353059, -2454060.1966083543, -2487010.6916639283, -2251116.0774551127, -1597498.0389511327, -568692.6115602182, -30131.851615927742, -879477.5544023097, -1407606.063896849, -1883477.3961441864, -2091577.7672010497, -2199663.0622650427, -2418013.47604868, -2477682.8441528543, -2236353.455409165, -1592925.718002451, -637038.463839232, 4196.857184695924
23, -651276.1315033871, -1471848.4942682362, -1838079.5580845284, -2106172.1625952893, -2234325.8043955076, -2454060.2292697127, -2487010.7257959703, -2251116.108309081, -1597498.0603339402, -568692.619193188, -30131.852038281082, -879477.5513729618, -1407606.0591510308, -1883477.3898985446, -2091577.7603204534, -2199663.0550421653, -2418013.468152144, -2477682.8362346413, -2236353.4484435627, -1592925.7132401594, -637038.4619635775, 4196.856582523265
24, -651275.4529828706, -1471846.5917595853, -1838078.0309082763, -2106171.2838157075, -2234325.183619611, -2454060.1122078868, -2487010.885990078, -2251116.284620637, -1597497.9987064407, -568692.4567741908, -30131.83675766876, -879482.9973466152, -1407614.633358605, -1883488.6213259536, -2091589.9020789051, -2199675.6595245907, -2418026.9749284373, -2477696.4181002616, -2236365.4930727016, -1592934.1687011626, -637041.8348971324, 4196.839797379769
25, -663545.0715965318, -1508492.8159417852, -1871627.091101709, -2130501.186680882, -2253320.5258596335, -2459947.959558538, -2482301.211240426, -2237781.4831591514, -1582176.1875667402, -560980.8524118233, -29570.86840885644, -855223.0744722462, -1410306.7804484754, -1897763.196085628, -2102753.827281553, -2215982.3017742066, -2426827.655324642, -2481360.3676488246, -2238248.7739472413, -1588199.2040544292, -622614.7291611151, 7750.203625809198
26, -655782.8574678137, -1484979.579608112, -1849801.7999816528, -2113400.3850101815, -2239175.650206664, -2453437.8982763155, -2482390.043593835, -2243956.3347712075, -1590868.8341267523, -565883.7902375117, -29959.520186377085, -872073.9499187191, -1403885.1746070401, -1884396.466803612, -2091617.6036537313, -2201125.6626626393, -2418748.2142533087, -2477928.5027915365, -2236647.921265833, -1592188.0422802337, -634089.5237145488, 5271.22705046917
27, -652424.2313866923, -1475178.9302241574, -1840718.1768122902, -2107134.140562323, -2234414.7233027406, -2452248.7536092587, -2483953.560100168, -2247510.7820010576, -1594569.2539324597, -567571.6193340437, -30070.78448394677, -877196.5652358916, -1405729.8808438976, -1882609.5199026277, -2090477.0225734916, -2198885.789263059, -2417138.959310605, -2476760.695890051, -2235590.674280617, -1592208.584965855, -636191.4828653208, 4433.580044839095
28, -651469.0783272849, -1472473.1584737792, -1838439.6578849657, -2106006.9196406095, -2233886.7762638996, -2453038.112006863, -2485630.962351891, -2249634.803939816, -1596347.1100741215, -568261.7303703317, -30108.758248135637, -878596.0822553418, -1406598.9414902409, -1882529.8237265372, -2090516.1012222962, -2198643.5560543523, -2416914.5517230835, -2476567.0610021283, -2235372.2460121023, -1592192.363390138, -636619.8488093144, 4250.200815744698
29, -651469.0783272849, -1472473.1584737792, -1838439.6578849657, -2106006.9196406095, -2233886.7762638996, -2453038.112006863, -2485630.962351891, -2249634.803939816, -1596347.1100741215, -568261.7303703317, -30108.758248135637, -878596.0822553418, -1406598.9414902409, -1882529.8237265372, -2090516.1012222962, -2198643.5560543523, -2416914.5517230835, -2476567.0610021283, -2235372.2460121023, -1592192.363390138, -636619.8488093144, 4250.200815744698
30, -651469.0824286351, -1472473.1684191409, -1838439.6736233537, -2106006.942889428, -2233886.8033440453, -2453038.1455607666, -2485630.9973632144, -2249634.834990268, -1596347.1312196383, -568261.7379792402, -30108.75867450321, -878596.0796028292, -1406598.936849647, -1882529.817545746, -2090516.0943184535, -2198643.5487669487, -2416914.543841202, -2476567.053153758, -2235372.2391932257, -1592192.3588242256, -636619.8469844628, 4250.200908537052
31, -651468.4170690421, -1472471.2964414908, -1838438.167893534, -2106006.065681519, -2233886.173740803, -2453038.000263755, -2485631.122506702, -2249634.9816501886, -1596347.0550683097, -568261.572828096, -30108.74331233114, -878601.50642101, -1406607.484022362, -1882541.0158601229, -2090528.200639119, -2198656.117428215, -2416928.012724787, -2476580.596952701, -2235384.2492429526, -1592200.789360676, -636623.210104543, 4250.192663617985
32, -651374.337167873, -1472235.6699741385, -1838291.0364567318, -2106020.3197777243, -2233977.803721603, -2453278.0298901037, -2485948.302765471, -2249954.6342568104, -1596569.3163506512, -568329.8959575943, -30111.273212693533, -878952.0477828976, -1407083.5786725304, -1883104.968403698, -2091132.7079056946, -2199279.7107849717, -2417589.5197787173, -2477242.172841447, -2235972.84962748, -1592612.1211595712, -636776.6169410622, 4254.369181135611
33, -651374.337167873, -1472235.6699741385, -1838291.0364567318, -2106020.3197777243, -2233977.803721603, -2453278.0298901037, -2485948.302765471, -2249954.6342568104, -1596569.3163506512, -568329.8959575943, -30111.273212693533, -878952.0477828976, -1407083.5786725304, -1883104.968403698, -2091132.7079056946, -2199279.7107849717, -2417589.5197787173, -2477242.172841447, -2235972.84962748, -1592612.1211595712, -636776.6169410622, 4254.369181135611
34, -651374.3423034884, -1472235.6820233834, -1838291.0536884284, -2106020.343416243, -2233977.8306869073, -2453278.0626456426, -2485948.336992337, -2249954.665037343, -1596569.3376132876, -568329.9035860875, -30111.273637314105, -878952.0449008148, -1407083.5739832937, -1883104.9622001145, -2091132.7010375224, -2199279.703547765, -2417589.511944915, -2477242.1649544504, -2235972.842785877, -1592612.1164670903, -636776.6150547746, 4254.368642231653
35, -651373.6822563525, -1472233.8211854124, -1838289.5565595245, -2106019.469678107, -2233977.202124478, -2453277.914472965, -2485948.458464504, -2249954.80965226, -1596569.2608089559, -568329.7380263646, -30111.25823958667, -878957.475530326, -1407092.128357859, -1883116.1697246737, -2091144.8175088486, -2199292.2831734302, -2417602.992352503, -2477255.720157635, -2235984.862679702, -1592620.5538152172, -636779.9793436845, 4254.347277440451
36, -651310.0501603881, -1472036.2703138404, -1838082.3711392693, -2105861.8874710454, -2233847.44908867, -2453200.613750094, -2485905.380595748, -2249932.946508835, -1596559.0147606432, -568329.0965584875, -30111.1450610144, -878820.4598408372, -1406875.051215295, -1882871.776899083, -2090834.4296123087, -2199001.482914328, -2417255.1312034065, -2476877.1445801104, -2235647.5707265413, -1592343.5858433074, -636562.4836608699, 4298.554655946529
37, -651310.0501603881, -1472036.2703138404, -1838082.3711392693, -2105861.8874710454, -2233847.44908867, -2453200.613750094, -2485905.380595748, -2249932.946508835, -1596559.0147606432, -568329.0965584875, -30111.1450610144, -878820.4598408372, -1406875.051215295, -1882871.776899083, -2090834.4296123087, -2199001.482914328, -2417255.1312034065, -2476877.1445801104, -2235647.5707265413, -1592343.5858433074, -636562.4836608699, 4298.554655946529
38, -651310.0548653852, -1472036.2814383863, -1838082.3876825918, -2105861.9108923804, -2233847.4760675402, -2453200.646875134, -2485905.4152377467, -2249932.9775183517, -1596559.0360491294, -568329.1041954894, -30111.14548686517, -878820.4570413862, -1406875.0465639955, -1882871.7707079723, -2090834.4227369213, -2199001.4757071557, -2417255.1234092815, -2476877.136697152, -2235647.5639418955, -1592343.5812146955, -636562.4819140825, 4298.5544142574945
39, -651309.3858014013, -1472034.401688969, -1838080.876359697, -2105861.032773412, -2233846.8478979766, -2453200.506704455, -2485905.5458378093, -2249933.1270826682, -1596558.9593446183, -568328.9383336005, -30111.1300808902, -878825.889061287, -1406883.6006097186, -1882882.977758695, -2090846.538070638, -2199014.0543247187, -2417268.602692069, -2476890.6911110613, -2235659.5838855524, -1592352.0185503974, -636565.8455362224, 4298.53351998335
40, -651334.0936801109, -1472097.2057135515, -1838110.0267153406, -2105846.3624495314, -2233806.493599399, -2453079.06934032, -2485715.914565011, -2249695.6305412813, -1596347.0443442438, -568241.4674564366, -30105.57149463632, -878642.3058183622, -1406751.8580874153, -1882938.4126717446, -2090819.9154138425, -2199080.9521712903, -2417284.785743019, -2476860.6179261794, -2235642.1639805837, -1592256.9128755904, -636290.5848398895, 4397.886985402816
41, -651334.0936801109, -1472097.2057135515, -1838110.0267153406, -2105846.3624495314, -2233806.493599399, -2453079.06934032, -2485715.914565011, -2249695.6305412813, -1596347.0443442438, -568241.4674564366, -30105.57149463632, -878642.3058183622, -1406751.8580874153, -1882938.4126717446, -2090819.9154138425, -2199080.9521712903, -2417284.785743019, -2476860.6179261794, -2235642.1639805837, -1592256.9128755904, -636290.5848398895, 4397.886985402816
42, -651334.0965707297, -1472097.2128796857, -1838110.0401921356, -2105846.38476721, -2233806.5204406, -2453079.103813404, -2485715.9509011027, -2249695.662579882, -1596347.0658437742, -568241.4751326985, -30105.571925530512, -878642.3033890697, -1406751.8535227089, -1882938.4065383626, -2090819.9084826354, -2199080.9448704016, -2417284.7778233937, -2476860.6100422563, -2235642.1572955446, -1592256.9083844833, -636290.5830176186, 4397.8868779123295
43, -651333.4126878331, -1472095.3025249816, -1838108.5051960398, -2105845.497224418, -2233805.8904232136, -2453078.9773907973, -2485716.1024390603, -2249695.831010587, -1596346.9972899356, -568241.3089546548, -30105.556357434714, -878647.7322156142, -1406760.4046436294, -1882949.6112703874, -2090832.020416091, -2199093.5197981973, -2417298.2527721846, -2476874.1598836444, -2235654.1738161626, -1592265.343478491, -636293.9463267794, 4397.87906485729
44, -651326.3167715248, -1472184.2626630017, -1838203.6214390765, -2105905.8280328983, -2233829.786834075, -2452951.342071712, -2485435.5534793786, -2249278.079718397, -1595929.810992002, -568050.929180857, -30092.387973783203, -878294.3771984923, -1406549.828715333, -1883149.058054912, -2090879.2803741368, -2199333.968773208, -2417449.688354661, -2476937.185160771, -2235732.0367980166, -1592157.4068989633, -635785.8202629599, 4586.134255604091
45, -651326.3167715248, -1472184.2626630017, -1838203.6214390765, -2105905.8280328983, -2233829.786834075, -2452951.342071712, -2485435.5534793786, -2249278.079718397, -1595929.810992002, -568050.929180857, -30092.387973783203, -878294.3771984923, -1406549.828715333, -1883149.058054912, -2090879.2803741368, -2199333.968773208, -2417449.688354661, -2476937.185160771, -2235732.0367980166, -1592157.4068989633, -635785.8202629599, 4586.134255604091
46, -651326.3220196561, -1472184.2749869616, -1838203.639029595, -2105905.852024299, -2233829.8141754232, -2452951.375237761, -2485435.5881517287, -2249278.1109680687, -1595929.8326108363, -568050.9368999547, -30092.38840100691, -878294.374292804, -1406549.8240845737, -1883149.0519282978, -2090879.2735749204, -2199333.9617131967, -2417449.68063189, -2476937.177382138, -2235732.03003746, -1592157.4022763995, -635785.8185202241, 4586.134046239662
47, -651325.6769249135, -1472182.4563450625, -1838202.1819834593, -2105905.0029222774, -2233829.2018556297, -2452951.2278197343, -2485435.7046108423, -2249278.2531774156, -1595929.7570903068, -568050.7710033294, -30092.372854187215, -878299.7921226757, -1406558.3657702822, -1883160.2487024602, -2090891.3787708743, -2199346.5318192258, -2417463.1512392405, -2476950.7220861455, -2235744.0408205963, -1592165.8320535067, -635789.1764370556, 4586.117267631664
48, -652660.8014053914, -1475929.5818821942, -1841420.582513238, -2107643.633815903, -2234803.8709670356, -2452244.785785231, -2483584.390130347, -2246817.7185906186, -1593831.1583249897, -567226.38879752, -30046.484528012475, -876329.4653368909, -1405256.3386454568, -1883087.131627715, -2090635.2460870566, -2199453.819150831, -2417514.3430078784, -2476945.8812166527, -2235792.453115945, -1592010.0140717668, -635151.4250315586, 4823.191567857022
49, -651668.8708871264, -1473135.496218556, -1838976.141533482, -2106235.2352197818, -2233931.534350479, -2452564.8254281785, -2484733.2726317463, -2248436.9617021494, -1595249.6704948985, -567795.2618815593, -30078.934717774853, -877727.3597525179, -1406081.6838617916, -1882944.3200522305, -2090622.1233772095, -2199159.6104186443, -2417258.9217665223, -2476736.9894670565, -2235568.908384573, -1591998.6714803928, -635587.8690942822, 4641.997177937039
50, -651413.3479092399, -1472420.224442999, -1838382.74524259, -2105960.050854485, -2233820.9392464734, -2452810.4200583585, -2485213.2509800894, -2249027.187855475, -1595735.0443440527, -567980.9944633013, -30088.9192883898, -878097.3578698586, -1406342.0627911792, -1882976.6748902632, -2090683.8238312919, -2199153.25611747, -2417254.624239858, -2476738.302943432, -2235558.2126536095, -1592023.8706637216, -635699.7333219234, 4599.833556046215
51, -651348.0351675488, -1472238.8315907894, -1838236.686273295, -2105901.0560046053, -2233806.775553847, -2452892.0357097257, -2485356.291610187, -2249196.2438686476, -1595870.7375193255, -568031.6904146017, -30091.566358327793, -878205.4085202529, -1406434.0868909687, -1883021.0291813093, -2090737.985289045, -2199192.2176394504, -2417296.551033565, -2476781.7650277177, -2235594.054591914, -1592057.205392715, -635737.7704888624, 4589.566331531183
52, -651348.0351675488, -1472238.8315907894, -1838236.686273295, -2105901.0560046053, -2233806.775553847, -2452892.0357097257, -2485356.291610187, -2249196.2438686476, -1595870.7375193255, -568031.6904146017, -30091.566358327793, -878205.4085202529, -1406434.0868909687, -1883021.0291813093, -2090737.985289045, -2199192.2176394504, -2417296.551033565, -2476781.7650277177, -2235594.054591914, -1592057.205392715, -635737.7704888624, 4589.566331531183
53, -651348.0404774805, -1472238.8440336457, -1838236.7039384362, -2105901.0799885285, -2233806.802851198, -2452892.0688034003, -2485356.3262665225, -2249196.2751426594, -1595870.7591480596, -568031.6981235038, -30091.56678475218, -878205.4056034035, -1406434.0822613311, -1883021.0230571092, -2090737.9785152944, -2199192.210552923, -2417296.5432858746, -2476781.757201948, -2235594.0477501447, -1592057.2007761975, -635737.7686868651, 4589.565854543267
54, -651347.3897761861, -1472237.0123096933, -1838235.2357482212, -2105900.225456028, -2233806.1881503845, -2452891.9248181046, -2485356.44845139, -2249196.421874536, -1595870.6851920267, -568031.5324578328, -30091.551257296018, -878210.8228113512, -1406442.6223323336, -1883032.2176744686, -2090750.0810039958, -2199204.777736403, -2417310.010628607, -2476795.2987215985, -2235606.0560493683, -1592065.6289479528, -635741.1259540297, 4589.549505004863
55, -651352.8964005699, -1472257.1031909278, -1838260.183375482, -2105926.206648054, -2233831.6062473627, -2452912.35287363, -2485369.8138548816, -2249200.4627066324, -1595867.0252342513, -568027.3988254771, -30091.12781791074, -878232.9032892892, -1406492.170457555, -1883115.6280773978, -2090835.5992844617, -2199300.322373408, -2417410.0799464034, -2476893.9365982288, -2235694.943237939, -1592123.4472802286, -635749.6906014979, 4595.602059418132
56, -651352.8964005699, -1472257.1031909278, -1838260.183375482, -2105926.206648054, -2233831.6062473627, -2452912.35287363, -2485369.8138548816, -2249200.4627066324, -1595867.0252342513, -568027.3988254771, -30091.12781791074, -878232.9032892892, -1406492.170457555, -1883115.6280773978, -2090835.5992844617, -2199300.322373408, -2417410.0799464034, -2476893.9365982288, -2235694.943237939, -1592123.4472802286, -635749.6906014979, 4595.602059418132
57, -651352.901048367, -1472257.114314051, -1838260.2001811452, -2105926.230544717, -2233831.633767351, -2452912.386537008, -2485369.8489755075, -2249200.494101931, -1595867.0467863467, -568027.4065457588, -30091.128246403412, -878232.9005422643, -1406492.1658723822, -1883115.6219643971, -2090835.5924740236, -2199300.3152338634, -2417410.072159706, -2476893.9288324835, -2235694.936512056, -1592123.4426855068, -635749.6888546916, 4595.602019492042
58, -651352.2544650536, -1472255.2926524598, -1838258.741533099, -2105925.381456117, -2233831.022210287, -2452912.241278816, -2485369.9681430254, -2249200.6385043226, -1595866.9723328776, -568027.2408315648, -30091.112703897008, -878238.3172998811, -1406500.7059653692, -1883126.8168700277, -2090847.6955860835, -2199312.8832068043, -2417423.540481565, -2476907.4711620957, -2235706.9452576344, -1592131.870986478, -635753.0459939865, 4595.584981774358
59, -651360.6811126696, -1472278.9282699625, -1838278.7514170506, -2105937.501648783, -2233838.618637383, -2452906.4602638944, -2485352.7085592845, -2249174.266831852, -1595841.1948119586, -568015.8664245288, -30090.356773813477, -878218.2482217788, -1406494.6503620578, -1883152.162133623, -2090864.4904921292, -2199342.812238631, -2417449.062654349, -2476927.5836109547, -2235726.202728312, -1592135.1588957475, -635725.0326338582, 4607.43023066243
60, -651360.6811126696, -1472278.9282699625, -1838278.7514170506, -2105937.501648783, -2233838.618637383, -2452906.4602638944, -2485352.7085592845, -2249174.266831852, -1595841.1948119586, -568015.8664245288, -30090.356773813477, -878218.2482217788, -1406494.6503620578, -1883152.162133623, -2090864.4904921292, -2199342.812238631, -2417449.062654349, -2476927.5836109547, -2235726.202728312, -1592135.1588957475, -635725.0326338582, 4607.43023066243
61, -651360.6860273693, -1472278.9398400304, -1838278.7684183875, -2105937.5254354533, -2233838.645942243, -2452906.4936746974, -2485352.743584104, -2249174.298327024, -1595841.216495457, -568015.8741473202, -30090.357201738956, -878218.2453660475, -1406494.6457658235, -1883152.1560341893, -2090864.4837103768, -2199342.80513697, -2417449.0548345097, -2476927.5757826176, -2235726.1958576925, -1592135.1542664263, -635725.0307925998, 4607.430104638246
62, -651360.0334668768, -1472277.1043889718, -1838277.2983024083, -2105936.6711984593, -2233838.032465888, -2452906.3524448955, -2485352.868881165, -2249174.447425602, -1595841.1435927388, -568015.7085999454, -30090.34167135563, -878223.6624463038, -1406503.1856939576, -1883163.3507224808, -2090876.5861535594, -2199355.3723729295, -2417462.5222360957, -2476941.1173666012, -2235738.204363946, -1592143.5825897062, -635728.3879427449, 4607.413386951346
63, -651373.856474018, -1472314.2448150804, -1838312.4361091065, -2105966.8651592825, -2233864.9360792744, -2452917.982347305, -2485348.0350838946, -2249152.65630223, -1595813.45775598, -568001.9189092998, -30089.27887957661, -878175.6612658675, -1406475.9827489876, -1883191.7172248114, -2090884.2539373362, -2199387.8277377416, -2417482.279959571, -2476948.618078163, -2235746.993910932, -1592128.2782365805, -635661.8130111701, 4633.041560965707
64, -651373.856474018, -1472314.2448150804, -1838312.4361091065, -2105966.8651592825, -2233864.9360792744, -2452917.982347305, -2485348.0350838946, -2249152.65630223, -1595813.45775598, -568001.9189092998, -30089.27887957661, -878175.6612658675, -1406475.9827489876, -1883191.7172248114, -2090884.2539373362, -2199387.8277377416, -2417482.279959571, -2476948.618078163, -2235746.993910932, -1592128.2782365805, -635661.8130111701, 4633.041560965707
65, -651373.8614485611, -1472314.2564709578, -1838312.4531214444, -2105966.8888549823, -2233864.963281413, -2452918.015701167, -2485348.07012901, -2249152.687897551, -1595813.4795359995, -568001.9266381582, -30089.27930740782, -878175.6583748593, -1406475.9781482073, -1883191.711127331, -2090884.247165999, -2199387.820616548, -2417482.2722046776, -2476948.6103084474, -2235746.987163694, -1592128.2736757002, -635661.811218635, 4633.041460913984
66, -651373.2072064251, -1472312.4173461986, -1838310.9801366497, -2105966.033395805, -2233864.3494499153, -2452917.8756285245, -2485348.1971676126, -2249152.8383069704, -1595813.4070320434, -568001.761019506, -30089.26376093257, -878181.0747643274, -1406484.517201237, -1883202.9049409616, -2090896.3482021638, -2199400.3870983715, -2417495.738618022, -2476962.151027996, -2235758.9947075327, -1592136.7012758206, -635665.1684821479, 4633.032056386903
67, -651399.2794705881, -1472380.6052351068, -1838370.4623068017, -2106010.8126379843, -2233900.28353809, -2452919.5799821187, -2485315.8365609227, -2249088.153331934, -1595742.901803984, -567969.0394068381, -30086.92171022082, -878085.4760107393, -1406429.1322970781, -1883256.798458696, -2090909.0019810526, -2199462.1662149276, -2417532.0804524734, -2476973.66915592, -2235773.0899228686, -1592103.831226692, -635532.5881642884, 4681.548703191715
68, -651399.2794705881, -1472380.6052351068, -1838370.4623068017, -2106010.8126379843, -2233900.28353809, -2452919.5799821187, -2485315.8365609227, -2249088.153331934, -1595742.901803984, -567969.0394068381, -30086.92171022082, -878085.4760107393, -1406429.1322970781, -1883256.798458696, -2090909.0019810526, -2199462.1662149276, -2417532.0804524734, -2476973.66915592, -2235773.0899228686, -1592103.831226692, -635532.5881642884, 4681.548703191715
69, -651399.2847100833, -1472380.617406366, -1838370.4796691828, -2106010.8364229775, -2233900.3107067877, -2452919.6131626666, -2485315.8714267584, -2249088.184828422, -1595742.9235733366, -567969.0471394046, -30086.922136769757, -878085.4730434588, -1406429.1276914729, -1883256.7923600103, -2090908.9952256437, -2199462.1591145806, -2417532.0727571826, -2476973.661396609, -2235773.0830627712, -1592103.826619533, -635532.5865104826, 4681.54906555012
70, -651398.6129882168, -1472378.7362713576, -1838368.970531114, -2106009.9633134548, -2233899.689114231, -2452919.4841878484, -2485316.0167435464, -2249088.3495710194, -1595742.8557489808, -567968.881916591, -30086.906619742324, -878090.8895407781, -1406437.6655176019, -1883267.9849581053, -2090921.0936739135, -2199474.722393425, -2417545.535329336, -2476987.1984910537, -2235785.0887027835, -1592112.2532883766, -635535.942494652, 4681.5348563522275
71, -651458.436073258, -1472539.4028273227, -1838519.0100120585, -2106139.108906415, -2234018.1502752313, -2452985.976046603, -2485324.1524698636, -2249030.769555196, -1595656.2989560394, -567922.9026674522, -30083.091458590246, -877899.133577375, -1406333.2426134672, -1883386.6513693205, -2090955.5591372652, -2199607.833245972, -2417625.072643507, -2477014.859770094, -2235816.055290183, -1592046.305056569, -635267.6022616788, 4780.894391045324
72, -651458.436073258, -1472539.4028273227, -1838519.0100120585, -2106139.108906415, -2234018.1502752313, -2452985.976046603, -2485324.1524698636, -2249030.769555196, -1595656.2989560394, -567922.9026674522, -30083.091458590246, -877899.133577375, -1406333.2426134672, -1883386.6513693205, -2090955.5591372652, -2199607.833245972, -2417625.072643507, -2477014.859770094, -2235816.055290183, -1592046.305056569, -635267.6022616788, 4780.894391045324
73, -651458.4415500752, -1472539.4154780596, -1838519.0276625408, -2106139.1327017876, -2234018.1773551176, -2452986.0089808707, -2485324.1871412164, -2249030.801011766, -1595656.320753791, -567922.9103896401, -30083.09188323039, -877899.1305479568, -1406333.2380263864, -1883386.645305399, -2090955.5523948013, -2199607.826200876, -2417625.0650091264, -2477014.852033686, -2235816.0485523483, -1592046.3004128975, -635267.6004953791, 4780.894215920329
74, -651457.7676831478, -1472537.5334175138, -1838517.5205071084, -2106138.2636951124, -2234017.5603563604, -2452985.8843456497, -2485324.3357356247, -2249030.9681082033, -1595656.25390307, -567922.74471703, -30083.07627897483, -877904.5437707677, -1406341.7719000145, -1883397.8343240556, -2090967.6467174971, -2199620.385668802, -2417638.5234472384, -2477028.3848557686, -2235828.0505211046, -1592054.7244368922, -635270.9540842413, 4780.878585366154
75, -651550.4986614255, -1472803.7377944603, -1838785.947236211, -2106396.7211381244, -2234263.974377743, -2453135.3046550686, -2485351.1607444016, -2248913.7104516, -1595465.991308475, -567817.3119606163, -30074.268881656586, -877521.225546299, -1406146.2690214429, -1883657.318712254, -2091058.3079042502, -2199912.2728514583, -2417820.3198056673, -2477103.9240009654, -2235907.6816211953, -1591931.5987835426, -634733.8634860497, 4977.848990951723
76, -651550.4986614255, -1472803.7377944603, -1838785.947236211, -2106396.7211381244, -2234263.974377743, -2453135.3046550686, -2485351.1607444016, -2248913.7104516, -1595465.991308475, -567817.3119606163, -30074.268881656586, -877521.225546299, -1406146.2690214429, -1883657.318712254, -2091058.3079042502, -2199912.2728514583, -2417820.3198056673, -2477103.9240009654, -2235907.6816211953, -1591931.5987835426, -634733.8634860497, 4977.848990951723
77, -651550.505303868, -1472803.7535302923, -1838785.9677610667, -2106396.746642677, -2234264.0024601826, -2453135.337076969, -2485351.1941010985, -2248913.7406463465, -1595466.012603525, -567817.3196415268, -30074.269304799545, -877521.222529253, -1406146.264369975, -1883657.3126225923, -2091058.3012245554, -2199912.2659419347, -2417820.312277027, -2477103.91638771, -2235907.674949272, -1591931.594231139, -634733.8617653034, 4977.848939014715
78, -651550.0270915701, -1472802.2510556974, -1838784.6939613395, -2106395.8893579245, -2234263.321064538, -2453135.0162760783, -2485351.210271449, -2248913.8997381683, -1595466.011548918, -567817.1498928533, -30074.252883444144, -877526.5640425958, -1406154.7703722878, -1883668.5144239587, -2091070.4150188453, -2199924.8273256347, -2417833.774188598, -2477117.4019414424, -2235919.6118077002, -1591940.0250676996, -634737.2532088816, 4977.611890506028
79, -651982.2083153356, -1473643.9390938794, -1839370.843109567, -2106632.373676054, -2234331.425342605, -2452782.831915776, -2484693.723289847, -2248066.466449235, -1594736.5487651234, -567547.1494552663, -30060.17773911065, -876664.3420772642, -1405672.013925246, -1884090.7295294798, -2091192.1996962493, -2200464.943655118, -2418179.661668549, -2477263.9068283676, -2236086.4482244668, -1591705.4300094491, -633696.5730783223, 5345.744969124935
80, -651982.2083153356, -1473643.9390938794, -1839370.843109567, -2106632.373676054, -2234331.425342605, -2452782.831915776, -2484693.723289847, -2248066.466449235, -1594736.5487651234, -567547.1494552663, -30060.17773911065, -876664.3420772642, -1405672.013925246, -1884090.7295294798, -2091192.1996962493, -2200464.943655118, -2418179.661668549, -2477263.9068283676, -2236086.4482244668, -1591705.4300094491, -633696.5730783223, 5345.744969124935
81, -651982.213491326, -1473643.951524789, -1839370.8610516773, -2106632.398306016, -2234331.4534219317, -2452782.8659422174, -2484693.7588507347, -2248066.4984741225, -1594736.5708894304, -567547.1573520317, -30060.178174971734, -876664.3392711455, -1405672.0093378494, -1884090.7234186751, -2091192.1929474217, -2200464.9365356644, -2418179.653887791, -2477263.899072185, -2236086.441484558, -1591705.425440127, -633696.5714203434, 5345.7452668820915
82, -651981.5417814124, -1473642.0884636475, -1839369.3797013653, -2106631.5510512805, -2234330.853645237, -2452782.7469855566, -2484693.9051632774, -2248066.6604334554, -1594736.5010003578, -567546.9903455842, -30060.16238680336, -876669.7310388759, -1405680.515741025, -1884101.8859704756, -2091204.2566185137, -2200477.4687887663, -2418193.0832542353, -2477277.402257689, -2236098.4181034127, -1591713.8292733943, -633699.9097570416, 5345.733777736459
83, -652281.2583013447, -1474443.1108428005, -1840157.822694211, -2107445.865034535, -2235141.7831799607, -2453345.07443907, -2484903.750762214, -2247802.014475755, -1594174.1695502526, -567203.9619776509, -30029.996257162413, -875092.8977196028, -1404995.543674467, -1885219.4620391324, -2091666.2393029537, -2201804.4154092283, -2419032.3173048412, -2477633.663658867, -2236463.9771418963, -1591191.588518195, -631514.3081510796, 6066.992876325588
84, -652281.2583013447, -1474443.1108428005, -1840157.822694211, -2107445.865034535, -2235141.7831799607, -2453345.07443907, -2484903.750762214, -2247802.014475755, -1594174.1695502526, -567203.9619776509, -30029.996257162413, -875092.8977196028, -1404995.543674467, -1885219.4620391324, -2091666.2393029537, -2201804.4154092283, -2419032.3173048412, -2477633.663658867, -2236463.9771418963, -1591191.588518195, -631514.3081510796, 6066.992876325588
85, -652281.263941652, -1474443.1241547808, -1840157.8413556428, -2107445.89022105, -2235141.811822653, -2453345.1091146315, -2484903.787095378, -2247802.0473404513, -1594174.1923474674, -567203.9700873891, -30029.996704047393, -875092.8948240264, -1404995.53907653, -1885219.4559516653, -2091666.2325472198, -2201804.4083608985, -2419032.3095873212, -2477633.6559185577, -2236463.9703866355, -1591191.583950636, -631514.3064016545, 6066.992602366285
86, -652280.587021861, -1474441.2564640564, -1840156.3567250343, -2107445.0404717596, -2235141.21125466, -2453344.9953776496, -2484903.9424269386, -2247802.2161309584, -1594174.1212202944, -567203.798749076, -30029.980496489086, -875098.2597290797, -1405004.0197007286, -1885230.5972254747, -2091678.269575285, -2201816.9182882267, -2419045.712759865, -2477647.131488685, -2236475.924419017, -1591199.969476959, -631517.6283677649, 6066.985041079955
87, -652900.3791207453, -1476078.4299839307, -1841709.1495431599, -2109019.672001878, -2236703.165370267, -2454483.989482798, -2485481.129825427, -2247555.0899597704, -1593350.0402522127, -566667.6287196132, -29980.929142955414, -871308.2664719478, -1403563.799640663, -1887508.3995058513, -2092723.0778369554, -2204814.686360112, -2420963.555255416, -2478440.441395994, -2237297.5707716346, -1590012.642803427, -626967.594325034, 7261.8416697996145
88, -652900.3791207453, -1476078.4299839307, -1841709.1495431599, -2109019.672001878, -2236703.165370267, -2454483.989482798, -2485481.129825427, -2247555.0899597704, -1593350.0402522127, -566667.6287196132, -29980.929142955414, -871308.2664719478, -1403563.799640663, -1887508.3995058513, -2092723.0778369554, -2204814.686360112, -2420963.555255416, -2478440.441395994, -2237297.5707716346, -1590012.642803427, -626967.594325034, 7261.8416697996145
89, -652900.3850466079, -1476078.444545662, -1841709.169926004, -2109019.6992773307, -2236703.1961758365, -2454484.026155086, -2485481.1680087964, -2247555.1244934457, -1593350.0643342363, -566667.6373775665, -29980.9296179164, -871308.2639286625, -1403563.794978154, -1887508.393302903, -2092723.0710083856, -2204814.6791713, -2420963.5475392733, -2478440.4336877503, -2237297.564126671, -1590012.6382438357, -626967.5926803504, 7261.842064075434
90, -652899.7051260339, -1476076.6068305722, -1841707.7308014315, -2109018.8912119553, -2236702.6310123517, -2454483.928422896, -2485481.321034044, -2247555.2786891907, -1593349.9775242421, -566667.4580130221, -29980.912628505543, -871313.5833421601, -1403572.2266700354, -1887519.4959359595, -2092735.0606957038, -2204827.1528047863, -2420976.9091778873, -2478453.8648677613, -2237309.4818395856, -1590020.9905679878, -626970.8819776864, 7261.848180704343
91, -660994.0073700583, -1499775.168320706, -1863256.765706793, -2123854.9451766536, -2247898.7424470442, -2457272.981088889, -2481930.965707154, -2239308.826652519, -1584527.006431894, -562475.4318730391, -29696.147760293825, -857598.2519202324, -1402071.5193403915, -1892948.4372419473, -2096943.472417512, -2211797.9538740665, -2424931.1472632815, -2480312.4368547616, -2238524.0922297146, -1588204.3896104016, -621005.1093467465, 8427.082623596769
92, -655517.4405297338, -1483544.9665967347, -1848308.1472962329, -2113023.5712277386, -2239369.1611644328, -2454183.831143085, -2483097.1433638935, -2243896.078276082, -1590002.08989053, -565268.2994781602, -29898.203306765678, -867347.9594446332, -1401531.5860732815, -1887853.38692842, -2092755.6130469686, -2205592.655549909, -2421461.9162703515, -2478695.3241598746, -2237569.0497540417, -1589731.7227663677, -625756.620794863, 7574.980678432708
93, -653576.2567523764, -1478002.5504987058, -1843315.707201224, -2109800.745541673, -2237061.2205375293, -2453931.651941644, -2484326.5326242694, -2246099.9829480746, -1592129.762566746, -566189.7582504186, -29954.759248325932, -870186.8998632246, -1402761.894191976, -1887260.4589579988, -2092391.2191759944, -2204659.0707362383, -2420763.7603359665, -2478203.1927539674, -2237109.523065856, -1589779.3802324638, -626627.743010582, 7334.228078416199
94, -653062.0473577518, -1476545.1288393636, -1842072.2398766037, -2109142.910398757, -2236704.173499167, -2454226.666599213, -2485059.856826097, -2247065.8294917974, -1592956.2004905136, -566517.9712045896, -29972.97210390883, -870946.0365473516, -1403220.4231505827, -1887254.1189473993, -2092433.3576457333, -2204558.7827473558, -2420682.8793614013, -2478149.5207290314, -2237043.780315416, -1589809.6877136054, -626828.6705951876, 7279.120364329254
95, -652929.8661752775, -1476170.6463995725, -1841764.6350479405, -2109005.1955237063, -2236653.634782386, -2454362.133609855, -2485316.282068479, -2247378.9066445353, -1593214.3040543555, -566617.6317274027, -29978.321915841836, -871155.9540663641, -1403375.2408510977, -1887305.3035773777, -2092498.6921376947, -2204591.0063746166, -2420720.70582907, -2478192.835596569, -2237077.4616091186, -1589851.5308907775, -626890.111340459, 7265.853231900517
96, -652929.8661752775, -1476170.6463995725, -1841764.6350479405, -2109005.1955237063, -2236653.634782386, -2454362.133609855, -2485316.282068479, -2247378.9066445353, -1593214.3040543555, -566617.6317274027, -29978.321915841836, -871155.9540663641, -1403375.2408510977, -1887305.3035773777, -2092498.6921376947, -2204591.0063746166, -2420720.70582907, -2478192.835596569, -2237077.4616091186, -1589851.5308907775, -626890.111340459, 7265.853231900517
97, -652929.8722507686, -1476170.6610040134, -1841764.6552650356, -2109005.222452216, -2236653.665227472, -2454362.170224341, -2485316.320425307, -2247378.9414394773, -1593214.328294695, -566617.6403497654, -29978.32238909945, -871155.9511707394, -1403375.2362202536, -1887305.2974075105, -2092498.6853228812, -2204590.9991985997, -2420720.6980632897, -2478192.8278390146, -2237077.454873308, -1589851.5263618464, -626890.1097419757, 7265.853700957348
98, -652929.1921997886, -1476168.823615302, -1841763.215464294, -2109004.412478014, -2236653.0975991003, -2454362.068822032, -2485316.469351394, -2247379.0920922603, -1593214.2395635154, -566617.460462013, -29978.305372974573, -871161.2685093179, -1403383.6640655466, -1887316.3951931067, -2092510.6696888944, -2204603.467368588, -2420734.0538097927, -2478206.253099006, -2237089.367266292, -1589859.8748309354, -626893.3972574507, 7265.858835453284
99, -652913.0035953247, -1476139.85260098, -1841745.886551781, -2109006.800172078, -2236663.6420527175, -2454383.294219028, -2485338.76362285, -2247392.658695166, -1593213.720553395, -566611.5369305729, -29977.531193407405, -871196.9671032897, -1403464.834151933, -1887447.3059083717, -2092642.533231523, -2204754.4327490544, -2420887.1239264384, -2478352.644098317, -2237221.151567432, -1589940.0835216204, -626895.2567622456, 7274.827084905177
100, -652913.0035953247, -1476139.85260098, -1841745.886551781, -2109006.800172078, -2236663.6420527175, -2454383.294219028, -2485338.76362285, -2247392.658695166, -1593213.720553395, -566611.5369305729, -29977.531193407405, -871196.9671032897, -1403464.834151933, -1887447.3059083717, -2092642.533231523, -2204754.4327490544, -2420887.1239264384, -2478352.644098317, -2237221.151567432, -1589940.0835216204, -626895.2567622456, 7274.827084905177
101, -652913.0097261468, -1476139.8670924616, -1841745.9066110612, -2109006.8269368405, -2236663.672376528, -2454383.3309021713, -2485338.802177953, -2247392.693674496, -1593213.7448876547, -566611.5455551683, -29977.53166557606, -871196.9640276365, -1403464.8295115125, -1887447.299760734, -2092642.5264245775, -2204754.4255994307, -2420887.116117568, -2478352.6362712, -2237221.1447544107, -1589940.0789280927, -626895.255083844, 7274.82737010112
102, -652912.3298927532, -1476138.0298847987, -1841744.4666582877, -2109006.0163098956, -2236663.104075835, -2454383.2295526913, -2485338.951640594, -2247392.844791051, -1593213.6560469533, -566611.3653936887, -29977.514628529127, -871202.2808602271, -1403473.2580372428, -1887458.3986375083, -2092654.5119988013, -2204766.895059192, -2420900.473133792, -2478366.0627336167, -2237233.058304545, -1589948.4283371486, -626898.5428741941, 7274.832800340926
103, -652907.6959917983, -1476137.052577603, -1841737.0925859425, -2108994.546968417, -2236648.660478963, -2454355.580474702, -2485298.521156679, -2247340.2964902893, -1593162.7338713123, -566587.7833040557, -29975.847625652445, -871138.1598454232, -1403439.8689235146, -1887478.1507149197, -2092655.0487402503, -2204797.008710942, -2420913.854975019, -2478362.7877611336, -2237232.3220515735, -1589921.1831054487, -626825.6964506686, 7293.245775269053
104, -652907.6959917983, -1476137.052577603, -1841737.0925859425, -2108994.546968417, -2236648.660478963, -2454355.580474702, -2485298.521156679, -2247340.2964902893, -1593162.7338713123, -566587.7833040557, -29975.847625652445, -871138.1598454232, -1403439.8689235146, -1887478.1507149197, -2092655.0487402503, -2204797.008710942, -2420913.854975019, -2478362.7877611336, -2237232.3220515735, -1589921.1831054487, -626825.6964506686, 7293.245775269053
105, -652907.7020911578, -1476137.0671330476, -1841737.1127327755, -2108994.5738372244, -2236648.690897476, -2454355.617190668, -2485298.559690108, -2247340.3314691186, -1593162.758181694, -566587.7919455671, -29975.848098375078, -871138.1568676659, -1403439.8642908356, -1887478.1445492557, -2092655.0419341666, -2204797.0015316163, -2420913.8471753625, -2478362.7799220076, -2237232.3152710926, -1589921.1785282183, -626825.6947747722, 7293.245940054359
106, -652907.0219638337, -1476135.2298495763, -1841735.6729315263, -2108993.763317734, -2236648.1227588975, -2454355.5163689787, -2485298.7096876074, -2247340.4827005574, -1593162.669070035, -566587.6115837217, -29975.831047214848, -871143.4726613646, -1403448.29183843, -1887489.2425956326, -2092667.0265623399, -2204809.4701912915, -2420927.203306404, -2478376.205401111, -2237244.2280065194, -1589929.5272377902, -626828.982049208, 7293.2512843234
107, -652906.1447705007, -1476154.1211387108, -1841744.905855529, -2108994.9650983294, -2236643.298755727, -2454323.4523409004, -2485239.348458871, -2247253.432071955, -1593073.0003460196, -566544.6047688153, -29972.697953136172, -871019.3810381992, -1403392.6520242738, -1887546.6848450988, -2092687.0641867018, -2204890.0517954156, -2420975.364777766, -2478390.665643005, -2237261.2104445137, -1589887.3531988212, -626687.4771488158, 7330.076961096813
108, -652906.1447705007, -1476154.1211387108, -1841744.905855529, -2108994.9650983294, -2236643.298755727, -2454323.4523409004, -2485239.348458871, -2247253.432071955, -1593073.0003460196, -566544.6047688153, -29972.697953136172, -871019.3810381992, -1403392.6520242738, -1887546.6848450988, -2092687.0641867018, -2204890.0517954156, -2420975.364777766, -2478390.665643005, -2237261.2104445137, -1589887.3531988212, -626687.4771488158, 7330.076961096813
109, -652906.1509271442, -1476154.135768011, -1841744.926034531, -2108994.991978734, -2236643.3291759584, -2454323.4890934606, -2485239.387099196, -2247253.4671323276, -1593073.0246996642, -566544.6133996397, -29972.698426216768, -871019.378007821, -1403392.6473890117, -1887546.6786910873, -2092687.0574054278, -2204890.0447070254, -2420975.3570087883, -2478390.657773746, -2237261.203664308, -1589887.3486524927, -626687.4754936185, 7330.077149461926
110, -652905.4704656721, -1476152.297073154, -1841743.485158299, -2108994.1811169926, -2236642.7612475213, -2454323.3901733793, -2485239.5396161275, -2247253.6203443133, -1593072.9361577218, -566544.4327550621, -29972.68134564964, -871024.690237792, -1403401.0730784503, -1887557.7751442604, -2092699.040106692, -2204902.511632885, -2420988.710946703, -2478404.0808547824, -2237273.1144048376, -1589895.6960316615, -626690.7616299052, 7330.082045775198
111, -652908.9249842665, -1476199.7921517193, -1841787.5950603094, -2109037.7515097866, -2236680.214007611, -2454315.280158934, -2485180.2580162333, -2247135.012717315, -1592933.0293207434, -566473.1441963506, -29967.19523396701, -870780.1229212254, -1403297.610498991, -1887683.1702470263, -2092749.3588137748, -2205074.928107587, -2421095.2754044067, -2478441.4385859724, -2237313.9337769453, -1589814.3657677264, -626407.7162882565, 7402.6071723260975
112, -652908.9249842665, -1476199.7921517193, -1841787.5950603094, -2109037.7515097866, -2236680.214007611, -2454315.280158934, -2485180.2580162333, -2247135.012717315, -1592933.0293207434, -566473.1441963506, -29967.19523396701, -870780.1229212254, -1403297.610498991, -1887683.1702470263, -2092749.3588137748, -2205074.928107587, -2421095.2754044067, -2478441.4385859724, -2237313.9337769453, -1589814.3657677264, -626407.7162882565, 7402.6071723260975
113, -652908.9309461269, -1476199.806629316, -1841787.6154087316, -2109037.778831281, -2236680.2449191026, -2454315.3171158014, -2485180.296533441, -2247135.0475973464, -1592933.0536623031, -566473.1528940593, -29967.195711777957, -870780.1202932552, -1403297.6058796044, -1887683.16408204, -2092749.3520140857, -2205074.920990625, -2421095.2676954633, -2478441.430832835, -2237313.9270465984, -1589814.3612108158, -626407.7146618034, 7402.607495597971
114, -652908.2491547533, -1476197.967618219, -1841786.1779753957, -2109036.9738155087, -2236679.6832002513, -2454315.2232887587, -2485180.4529778524, -2247135.2036167, -1592932.9667985304, -566472.9729775845, -29967.17866979498, -870785.430206728, -1403306.0278369614, -1887694.2570895983, -2092761.3306578533, -2205087.384517983, -2421108.618190982, -2478454.8501347606, -2237325.835003679, -1589822.705768333, -626410.9988871847, 7402.615449603065
115, -652932.9679687945, -1476329.8203628242, -1841901.64106022, -2109147.9324510414, -2236781.483987599, -2454339.0252944436, -2485111.7325884444, -2246950.991622844, -1592696.2356186963, -566345.312961876, -29956.925359247914, -870285.9470408328, -1403103.689329323, -1887956.2438821662, -2092872.8018123235, -2205446.8039717623, -2421332.4968501423, -2478534.868567652, -2237410.157727601, -1589656.8226906958, -625840.5900241286, 7543.913751677057
116, -652932.9679687945, -1476329.8203628242, -1841901.64106022, -2109147.9324510414, -2236781.483987599, -2454339.0252944436, -2485111.7325884444, -2246950.991622844, -1592696.2356186963, -566345.312961876, -29956.925359247914, -870285.9470408328, -1403103.689329323, -1887956.2438821662, -2092872.8018123235, -2205446.8039717623, -2421332.4968501423, -2478534.868567652, -2237410.157727601, -1589656.8226906958, -625840.5900241286, 7543.913751677057
117, -652932.9740669557, -1476329.8350377334, -1841901.6614824543, -2109147.959738257, -2236781.514861883, -2454339.062476721, -2485111.7715262463, -2246951.026943505, -1592696.2602222688, -566345.3216982872, -29956.925837542127, -870285.9441573748, -1403103.6847200855, -1887956.2377485426, -2092872.7950587869, -2205446.7968520964, -2421332.4891128396, -2478534.860816677, -2237410.150884396, -1589656.8181201147, -625840.5883419714, 7543.913978114317
118, -652932.2910575105, -1476327.9965231237, -1841900.2265031908, -2109147.157653286, -2236780.955879788, -2454338.9718001955, -2485111.9310198077, -2246951.1851909542, -1592696.173550834, -566345.1407798403, -29956.90868094872, -870291.2454187238, -1403112.099376075, -1887967.3245471676, -2092884.7662696815, -2205459.2539665787, -2421345.8322669915, -2478548.272129778, -2237422.0520325853, -1589665.1572559918, -625843.8677834887, 7543.921814122645
119, -652999.7042834316, -1476604.36197289, -1842147.3687656512, -2109404.575653651, -2237032.316429534, -2454468.281632661, -2485088.1806375245, -2246715.9208731023, -1592338.2694145902, -566138.8728030473, -29939.455711300365, -869267.5136627033, -1402718.9878201683, -1888506.450832288, -2093130.1041964022, -2206217.1281682034, -2421826.1297431737, -2478726.5268473304, -2237606.795899188, -1589328.4713931922, -624694.258670382, 7807.933326818718
120, -652999.7042834316, -1476604.36197289, -1842147.3687656512, -2109404.575653651, -2237032.316429534, -2454468.281632661, -2485088.1806375245, -2246715.9208731023, -1592338.2694145902, -566138.8728030473, -29939.455711300365, -869267.5136627033, -1402718.9878201683, -1888506.450832288, -2093130.1041964022, -2206217.1281682034, -2421826.1297431737, -2478726.5268473304, -2237606.795899188, -1589328.4713931922, -624694.258670382, 7807.933326818718
121, -652999.7104863266, -1476604.3768234176, -1842147.389479688, -2109404.603351411, -2237032.3477604305, -2454468.3193429033, -2485088.220127718, -2246715.9566931333, -1592338.294348638, -566138.8816473146, -29939.45619309914, -869267.510698766, -1402718.9832120803, -1888506.4446849634, -2093130.097417511, -2206217.121075583, -2421826.1220277925, -2478726.5191119057, -2237606.789072151, -1589328.4668240931, -624694.2569195902, 7807.933224478707
122, -652999.0241897976, -1476602.5398228122, -1842145.9614513982, -2109403.8106590747, -2237031.797215151, -2454468.231533532, -2485088.376974361, -2246716.1103939433, -1592338.2046152512, -566138.6997797822, -29939.438930445034, -869272.8024448728, -1402727.3845015345, -1888517.5201551283, -2093142.0551019977, -2206229.5672537866, -2421839.452793796, -2478739.917693685, -2237618.6797250654, -1589336.796300528, -624697.5263083478, 7807.9299449051905
123, -653167.1863998256, -1477142.8571840264, -1842594.806682324, -2109883.2497218736, -2237512.325932103, -2454767.2624780713, -2485162.2259945995, -2246438.530677337, -1591819.0450810497, -565817.0186094217, -29910.83096690498, -867105.8434787733, -1401969.1443029174, -1889600.2241934713, -2093676.6375570176, -2207853.183805784, -2422890.4203310595, -2479133.7372027426, -2238025.8364692093, -1588630.2438252252, -622365.334214832, 8250.619119024952
124, -653167.1863998256, -1477142.8571840264, -1842594.806682324, -2109883.2497218736, -2237512.325932103, -2454767.2624780713, -2485162.2259945995, -2246438.530677337, -1591819.0450810497, -565817.0186094217, -29910.83096690498, -867105.8434787733, -1401969.1443029174, -1889600.2241934713, -2093676.6375570176, -2207853.183805784, -2422890.4203310595, -2479133.7372027426, -2238025.8364692093, -1588630.2438252252, -622365.334214832, 8250.619119024952
125, -653167.1928665347, -1477142.8726979303, -1842594.8281199702, -2109883.2781732, -2237512.3580866796, -2454767.301129816, -2485162.266540816, -2246438.567491992, -1591819.0707058625, -565817.027710962, -29910.83146333627, -867105.8404872819, -1401969.139663278, -1889600.2180131786, -2093676.6307459357, -2207853.1766578653, -2422890.4125518426, -2479133.729368791, -2238025.82961272, -1588630.2392213903, -622365.332457582, 8250.618637543492
126, -653166.5066711141, -1477141.0484965427, -1842593.4171572533, -2109882.4985887734, -2237511.818863675, -2454767.220844013, -2485162.4277498247, -2246438.7208258156, -1591818.9765485453, -565816.8422482455, -29910.8138587541, -867111.1034894013, -1401977.5183185376, -1889611.276484609, -2093688.5675713494, -2207865.6078207064, -2422903.7246501287, -2479147.106854479, -2238037.702926864, -1588638.552743451, -622368.5857315012, 8250.619480881345
127, -653281.0933009147, -1477601.9268084676, -1842927.7496909196, -2110456.7973575094, -2238147.82717409, -2455230.5061856024, -2485406.626982928, -2246194.164655408, -1591148.7665855465, -565354.7945181559, -29866.52987048471, -862399.8643823215, -1400542.0875367664, -1891466.6268208514, -2094669.3712246479, -2211232.296594473, -2425161.5581918396, -2479933.9395587645, -2238924.907130229, -1587138.3607463227, -617729.9953397219, 8696.025427219487
128, -653281.0933009147, -1477601.9268084676, -1842927.7496909196, -2110456.7973575094, -2238147.82717409, -2455230.5061856024, -2485406.626982928, -2246194.164655408, -1591148.7665855465, -565354.7945181559, -29866.52987048471, -862399.8643823215, -1400542.0875367664, -1891466.6268208514, -2094669.3712246479, -2211232.296594473, -2425161.5581918396, -2479933.9395587645, -2238924.907130229, -1587138.3607463227, -617729.9953397219, 8696.025427219487
129, -653281.1000571959, -1477601.9431523727, -1842927.7723148363, -2110456.8274270715, -2238147.8611430423, -2455230.5469600097, -2485406.6697420245, -2246194.203611746, -1591148.7938393792, -565354.8041841259, -29866.530395492126, -862399.86142663, -1400542.0827856408, -1891466.6204716363, -2094669.364221993, -2211232.289259249, -2425161.5501884934, -2479933.9315796327, -2238924.9002218707, -1587138.3560677243, -617729.9935441082, 8696.025151825626
130, -653280.4065238126, -1477600.1331957185, -1842926.393023473, -2110456.0855900347, -2238147.360392036, -2455230.5025244933, -2485406.8584395144, -2246194.3735307558, -1591148.7046331367, -565354.6164081466, -29866.5123821759, -862405.0817133216, -1400550.4278258851, -1891477.657790402, -2094681.274217653, -2211244.7073052623, -2425174.8440394844, -2479947.28547655, -2238936.756130304, -1587146.6482352177, -617733.2193119657, 8696.028306846303
131, -658182.285819585, -1491771.1875686725, -1855737.6864032154, -2118883.179215573, -2244257.3454269543, -2456171.1609605877, -2482626.925457263, -2240905.3593837144, -1585923.0520862099, -563043.0828169975, -29721.371737584504, -854973.381835909, -1398408.7177171505, -1893006.8341766768, -2095875.0935298963, -2213833.09831937, -2426840.182364823, -2480830.3261902756, -2239653.989320164, -1586566.407932015, -615566.6656816864, 8847.265255197737
132, -654656.1709900021, -1481541.8672898472, -1846401.9978023008, -2112502.928173666, -2239455.631754761, -2454935.273954397, -2484016.0326045584, -2244171.370722835, -1589359.2315545008, -564640.5602841015, -29827.039117004977, -860341.198583424, -1399378.3698779785, -1891374.1692484112, -2094495.6947130451, -2211417.289668634, -2425276.9429149767, -2479951.135849257, -2238976.531094112, -1586968.129188549, -617256.2193117116, 8738.790099472739
133, -653640.717639394, -1478621.3748151548, -1843770.7444487219, -2110851.2166885333, -2238313.216988978, -2454911.5638175346, -2484773.767656467, -2245411.3645766675, -1590500.5365273098, -565104.7208204158, -29853.241110445135, -861827.3395088031, -1400119.3170984809, -1891276.6399141976, -2094453.4150338783, -2211098.151421107, -2425013.108991708, -2479768.5306262737, -2238789.651902997, -1586997.2307422035, -617581.916222504, 8705.993064565613
134, -653369.4358087778, -1477853.7360089729, -1843128.1388329237, -2110534.9876667177, -2238163.9052084736, -2455116.5207078983, -2485210.2513989112, -2245962.5128412303, -1590961.6689267326, -565284.1271313033, -29862.854522889647, -862222.460540347, -1400374.8042604155, -1891334.4574118147, -2094523.8908726587, -2211102.170401445, -2425021.087714601, -2479788.648441768, -2238798.1200349615, -1587038.0685489778, -617668.7417465479, 8698.338898213377
135, -653299.1815291413, -1477655.7903108941, -1842964.8101976747, -2110459.930819191, -2238133.977767136, -2455181.695072186, -2485336.698569251, -2246117.534377759, -1591089.1575278158, -565332.884849794, -29865.410810298465, -862331.9609052006, -1400460.7428949685, -1891379.7766753226, -2094574.4137823528, -2211138.086203545, -2425059.8039285704, -2479830.2203096463, -2238832.8519642646, -1587070.8852194156, -617698.3803733033, 8696.543235924619
136, -653299.1815291413, -1477655.7903108941, -1842964.8101976747, -2110459.930819191, -2238133.977767136, -2455181.695072186, -2485336.698569251, -2246117.534377759, -1591089.1575278158, -565332.884849794, -29865.410810298465, -862331.9609052006, -1400460.7428949685, -1891379.7766753226, -2094574.4137823528, -2211138.086203545, -2425059.8039285704, -2479830.2203096463, -2238832.8519642646, -1587070.8852194156, -617698.3803733033, 8696.543235924619
137, -653299.1883115489, -1477655.8067275672, -1842964.832884184, -2110459.9608955095, -2238134.011714289, -2455181.735829088, -2485336.741337605, -2246117.573344797, -1591089.1847893859, -565332.89451956, -29865.411335211487, -862331.9579382872, -1400460.7381426005, -1891379.770334915, -2094574.4067904425, -2211138.0788729982, -2425059.7959208232, -2479830.2123384615, -2238832.845047437, -1587070.8805678834, -617698.3786465984, 8696.543083515891
138, -653298.4943562314, -1477653.995861052, -1842963.452913927, -2110459.21866664, -2238133.5105753653, -2455181.690926552, -2485336.9294272917, -2246117.7428569035, -1591089.0955242182, -565332.7067438827, -29865.39332438821, -862337.1775572393, -1400469.0815269204, -1891390.8055472525, -2094586.3144521662, -2211150.494507142, -2425073.08723091, -2479843.563630544, -2238844.698644052, -1587079.171072628, -617701.6037122223, 8696.546103741013
139, -653301.0013093116, -1477677.722068876, -1842983.6486884851, -2110467.1607199516, -2238133.433236177, -2455160.276949483, -2485298.496206288, -2246066.6741558947, -1591040.9158193273, -565310.814802979, -29863.943813015998, -862328.2450000701, -1400505.097411543, -1891472.6540121757, -2094670.5085822397, -2211255.8049817584, -2425180.658451998, -2479944.6915845047, -2238937.6038958123, -1587131.398002909, -617695.9283525564, 8699.442946003022
140, -653301.0013093116, -1477677.722068876, -1842983.6486884851, -2110467.1607199516, -2238133.433236177, -2455160.276949483, -2485298.496206288, -2246066.6741558947, -1591040.9158193273, -565310.814802979, -29863.943813015998, -862328.2450000701, -1400505.097411543, -1891472.6540121757, -2094670.5085822397, -2211255.8049817584, -2425180.658451998, -2479944.6915845047, -2238937.6038958123, -1587131.398002909, -617695.9283525564, 8699.442946003022
141, -653301.0080409433, -1477677.738372859, -1842983.6712824632, -2110467.1907545435, -2238133.467182946, -2455160.3177408627, -2485298.5389955263, -2246066.713138301, -1591040.9430962377, -565310.8244710921, -29863.944338477842, -862328.2420787464, -1400505.0926611375, -1891472.6476748148, -2094670.5016292466, -2211255.797612418, -2425180.650482441, -2479944.6835885937, -2238937.596932688, -1587131.3933396721, -617695.9266002253, 8699.442642924463
142, -653300.3138783886, -1477675.9275697314, -1842982.2915775902, -2110466.448890717, -2238132.966502006, -2455160.2735248166, -2485298.7277512006, -2246066.883020742, -1591040.8538641874, -565310.6366894748, -29863.926325910266, -862333.461118761, -1400513.4357642464, -1891483.6827228405, -2094682.409130271, -2211268.2132362667, -2425193.9417354837, -2479958.0348399538, -2238949.4506301326, -1587139.683837599, -617699.1515671847, 8699.445689220272
143, -653287.0115068067, -1477661.3825839122, -1842956.0484822108, -2110428.786304656, -2238087.777565616, -2455093.640742271, -2485216.459459159, -2245975.711257281, -1590963.1761028457, -565278.1819864119, -29861.868635486513, -862264.4580732896, -1400489.1507763483, -1891506.507108771, -2094696.0255119218, -2211316.092550161, -2425230.8550294307, -2479977.911417578, -2238971.5992209543, -1587127.24810496, -617639.6236714625, 8705.329835326003
144, -653287.0115068067, -1477661.3825839122, -1842956.0484822108, -2110428.786304656, -2238087.777565616, -2455093.640742271, -2485216.459459159, -2245975.711257281, -1590963.1761028457, -565278.1819864119, -29861.868635486513, -862264.4580732896, -1400489.1507763483, -1891506.507108771, -2094696.0255119218, -2211316.092550161, -2425230.8550294307, -2479977.911417578, -2238971.5992209543, -1587127.24810496, -617639.6236714625, 8705.329835326003
145, -653287.0182374048, -1477661.398887399, -1842956.0710666692, -2110428.816318432, -2238087.8114678916, -2455093.681506459, -2485216.502243506, -2245975.7502672123, -1590963.2033974687, -565278.1916625078, -29861.869161489416, -862264.4551774762, -1400489.1460320079, -1891506.500783391, -2094696.0185595895, -2211316.0851926366, -2425230.8470745455, -2479977.903444112, -2238971.5922970218, -1587127.2435075636, -617639.6220040862, 8705.329848490277
146, -653286.3239825186, -1477659.5887148152, -1842954.692243489, -2110428.07508855, -2238087.3113295767, -2455093.6377679366, -2485216.6914150896, -2245975.920370617, -1590963.1142221997, -565278.003868268, -29861.851144560038, -862269.6731067523, -1400497.4883065382, -1891517.5351386026, -2094707.9253552821, -2211328.500308922, -2425244.1378216585, -2479991.254192397, -2238983.44555956, -1587135.5336122795, -617642.8464401443, 8705.332588517573
