s
0.016666666666666666, 0.15, 0.31666666666666665, 0.5166666666666666, 0.6833333333333332, 0.8166666666666667, 0.9833333333333333
iteration, j dot B Redl, j dot B vmec
0, -630280.5828517615, -1735285.1742579252, -2053247.2663823678, -2353480.200482974, -2255121.7694108333, -1490700.2765309901, -27101.950686739452, -701207.6740221176, -1468699.0724997427, -2020588.844401422, -2241257.7146652997, -2108436.443713554, -1568825.5423565842, -30502.715171100834
1, -630280.5828517615, -1735285.1742579252, -2053247.2663823678, -2353480.200482974, -2255121.7694108333, -1490700.2765309901, -27101.950686739452, -701207.6740221176, -1468699.0724997427, -2020588.844401422, -2241257.7146652997, -2108436.443713554, -1568825.5423565842, -30502.715171100834
2, -630280.5828517615, -1735285.1742579252, -2053247.2663823678, -2353480.200482974, -2255121.7694108333, -1490700.2765309901, -27101.950686739452, -701207.6740221176, -1468699.0724997427, -2020588.844401422, -2241257.7146652997, -2108436.443713554, -1568825.5423565842, -30502.715171100834
3, -630274.0532927889, -1735272.4449640766, -2053229.5835352014, -2353456.141319911, -2255095.8962452, -1490681.78302402, -27101.565147341913, -701187.7092139327, -1468657.9457184433, -2020533.364760077, -2241197.4185478776, -2108380.4168505985, -1568784.0405033515, -30501.731724825513
4, -685987.356099826, -1762658.2536777605, -2094891.9074606006, -2441162.3024034216, -2366179.8989377297, -1600928.164738434, -31121.840234752635, -872030.215257705, -1752250.24462703, -2107465.3043259904, -2424605.474446786, -2368338.764177521, -1613566.665997681, -33521.59481908879
5, -685987.356099826, -1762658.2536777605, -2094891.9074606006, -2441162.3024034216, -2366179.8989377297, -1600928.164738434, -31121.840234752635, -872030.215257705, -1752250.24462703, -2107465.3043259904, -2424605.474446786, -2368338.764177521, -1613566.665997681, -33521.59481908879
6, -685979.7024289875, -1762642.5789673505, -2094872.089608823, -2441137.2304495736, -2366153.273262797, -1600908.4316538014, -31121.3599440666, -872006.1729511877, -1752202.7929156006, -2107409.292801598, -2424542.3087052084, -2368277.910095291, -1613525.4321249556, -33520.579936453054
7, -662387.1507392774, -1736584.598601756, -2074040.27068354, -2414048.77144879, -2328446.992844627, -1564021.2136748154, -29688.38181191141, -871672.901548485, -1728159.3376141198, -2076956.3510793035, -2389087.3436928974, -2327349.7939101257, -1565335.5902642026, -30717.54176927521
8, -662387.1507392774, -1736584.598601756, -2074040.27068354, -2414048.77144879, -2328446.992844627, -1564021.2136748154, -29688.38181191141, -871672.901548485, -1728159.3376141198, -2076956.3510793035, -2389087.3436928974, -2327349.7939101257, -1565335.5902642026, -30717.54176927521
9, -662380.2484370841, -1736570.6569442647, -2074021.587631885, -2414024.2101325653, -2328420.8797142706, -1564002.1317293458, -29687.932375660846, -871648.8233565051, -1728112.449208255, -2076901.0726941694, -2389025.040258525, -2327289.9106870396, -1565295.494861252, -30716.590182147862
10, -704457.4897300119, -1784159.6463482585, -2114592.0426424304, -2466753.2981390064, -2399578.426130431, -1634466.4009843874, -32431.866190063993, -905515.1001413055, -1780457.220688251, -2121455.712804962, -2445562.10739062, -2402557.808978233, -1635275.5054927915, -37398.544226484926
11, -673568.6108555279, -1746569.1527106666, -2081826.6317261194, -2425770.8122573206, -2346129.780550925, -1582413.4267386557, -30431.95459128639, -873284.1126490841, -1736242.6181173497, -2082767.4412906708, -2397776.034135597, -2340614.8196949223, -1577482.365761374, -33762.43555024342
12, -673568.6108555279, -1746569.1527106666, -2081826.6317261194, -2425770.8122573206, -2346129.780550925, -1582413.4267386557, -30431.95459128639, -873284.1126490841, -1736242.6181173497, -2082767.4412906708, -2397776.034135597, -2340614.8196949223, -1577482.365761374, -33762.43555024342
13, -673561.4058532973, -1746554.4830096317, -2081807.4104822741, -2425745.953769971, -2346103.3947344264, -1582394.0227251602, -30431.488518567738, -873260.015387118, -1736195.565754441, -2082712.0709300856, -2397713.567822175, -2340554.667653635, -1577442.0214383684, -33761.4083134649
14, -680982.4709106436, -1754000.170949392, -2088721.6874232208, -2435712.4457288543, -2359893.712657266, -1596025.7899587196, -30963.59380016272, -886402.18393494, -1750628.1181239313, -2092732.2095606956, -2409273.2559407162, -2355949.7156453943, -1595792.5997838324, -31936.107941507973
15, -680982.4709106436, -1754000.170949392, -2088721.6874232208, -2435712.4457288543, -2359893.712657266, -1596025.7899587196, -30963.59380016272, -886402.18393494, -1750628.1181239313, -2092732.2095606956, -2409273.2559407162, -2355949.7156453943, -1595792.5997838324, -31936.107941507973
16, -680975.3479818162, -1753985.5943639558, -2088702.3430387801, -2435687.2655366054, -2359867.012299563, -1596006.208380478, -30963.12361131017, -886377.7794972607, -1750580.7934247565, -2092676.7256842344, -2409210.6733388756, -2355889.3437919365, -1595751.9060092021, -31935.127981025318
17, -702910.9979477946, -1787576.2488314305, -2118802.5567935198, -2469717.850584051, -2399621.7701164437, -1632650.1938280463, -32242.43846420965, -914014.7999714245, -1783030.1314699226, -2110101.0528387274, -2428860.4760738416, -2382688.747185838, -1618484.1489404794, -35083.356123371195
18, -686922.7631513152, -1764714.3826987557, -2098735.1202966226, -2446420.4798742947, -2371661.0397768524, -1606378.8090585768, -31297.73626744463, -891703.8198972346, -1755344.7101202565, -2092768.0452031745, -2410746.517166635, -2358256.018923565, -1597927.3834916584, -32517.67491138159
19, -682766.1631266184, -1757330.276286859, -2091786.0471966844, -2438938.160242959, -2363466.4168660818, -1599153.074240217, -31063.431198913542, -886982.6375829087, -1750803.1603573568, -2092214.9212203014, -2409108.1780160777, -2355940.1350401654, -1595899.4277188992, -32023.04561500135
20, -681481.6589083461, -1754951.6116856718, -2089542.4406958206, -2436519.6956410445, -2360783.2326245364, -1596820.6370105033, -30989.66534008741, -886351.1741584076, -1750383.8459969, -2092363.9562995033, -2408959.3089596773, -2355687.5217859987, -1595642.3100628362, -31948.77735492523
21, -681125.0669193371, -1754283.2249010042, -2088916.0980457873, -2435847.517712664, -2360036.033581226, -1596173.9902830287, -30969.36299525288, -886239.5063569753, -1750323.46984389, -2092391.8752018837, -2408914.367963322, -2355618.1411601068, -1595575.741796744, -31933.774967760197
22, -681125.0669193371, -1754283.2249010042, -2088916.0980457873, -2435847.517712664, -2360036.033581226, -1596173.9902830287, -30969.36299525288, -886239.5063569753, -1750323.46984389, -2092391.8752018837, -2408914.367963322, -2355618.1411601068, -1595575.741796744, -31933.774967760197
23, -681117.993915879, -1754268.744719524, -2088896.7854924048, -2435822.308382716, -2360009.306359794, -1596154.4116664813, -30968.89370609824, -886215.1072577487, -1750276.1574206152, -2092336.4084365275, -2408851.806705382, -2355557.787089033, -1595535.0577855788, -31932.795492765435
24, -680988.8245491161, -1754049.7819552945, -2088746.0836959528, -2435688.5466296957, -2359839.7781273355, -1595989.2329854337, -30962.82585263664, -886465.0503396876, -1750485.4639757464, -2092389.617773673, -2408923.272134165, -2355625.934746803, -1595582.5977582433, -31951.536149940308
25, -680988.8245491161, -1754049.7819552945, -2088746.0836959528, -2435688.5466296957, -2359839.7781273355, -1595989.2329854337, -30962.82585263664, -886465.0503396876, -1750485.4639757464, -2092389.617773673, -2408923.272134165, -2355625.934746803, -1595582.5977582433, -31951.536149940308
26, -680981.7638693079, -1754035.3269375467, -2088726.7828765495, -2435663.334142153, -2359813.0459775412, -1595969.656844162, -30962.35702387401, -886440.644427344, -1750438.1459974842, -2092334.1501985043, -2408860.7102030334, -2355565.579556618, -1595541.9122183362, -31950.55555714169
27, -680806.8380808849, -1753839.4518927617, -2088609.7120051791, -2435527.780645371, -2359592.1384427506, -1595734.890220367, -30952.654591695817, -886811.1335313381, -1750636.8291003937, -2092311.5167651959, -2408830.1286771917, -2355545.0835349937, -1595527.699793333, -31841.41847221664
28, -680806.8380808849, -1753839.4518927617, -2088609.7120051791, -2435527.780645371, -2359592.1384427506, -1595734.890220367, -30952.654591695817, -886811.1335313381, -1750636.8291003937, -2092311.5167651959, -2408830.1286771917, -2355545.0835349937, -1595527.699793333, -31841.41847221664
29, -680799.7646638078, -1753824.9734469897, -2088590.4071763179, -2435502.5824669767, -2359565.420676823, -1595715.3179750117, -30952.185578097804, -886786.7199326612, -1750589.5098248627, -2092256.053398862, -2408767.570854745, -2355484.7327779206, -1595487.0179391645, -31840.44112416962
30, -680634.0205944176, -1753726.4942087743, -2088595.6278805532, -2435519.8664548723, -2359523.8932154784, -1595625.5664675015, -30946.09813818087, -887148.4890204591, -1750685.262093226, -2092257.8302100436, -2408730.927459061, -2355457.989888392, -1595469.6044165492, -31613.80449081
31, -680773.2088830123, -1753816.5812811358, -2088611.321593793, -2435537.762467506, -2359593.149168712, -1595725.3173289862, -30951.690371309043, -886879.5187316479, -1750657.5014620998, -2092296.7838629312, -2408811.1748277224, -2355530.689782091, -1595517.8935338345, -31799.03532070981
32, -680773.2088830123, -1753816.5812811358, -2088611.321593793, -2435537.762467506, -2359593.149168712, -1595725.3173289862, -30951.690371309043, -886879.5187316479, -1750657.5014620998, -2092296.7838629312, -2408811.1748277224, -2355530.689782091, -1595517.8935338345, -31799.03532070981
33, -680766.1628818824, -1753802.155172805, -2088592.0332162525, -2435512.5481918277, -2359566.417546275, -1595705.7469778047, -30951.221789002026, -886855.1027081091, -1750610.1818122528, -2092241.3225728318, -2408748.620534604, -2355470.340864315, -1595477.2118444587, -31798.057898675557
34, -680714.9851335781, -1753757.187505214, -2088586.047357687, -2435518.5422761627, -2359555.0040261345, -1595677.1582116708, -30949.26406307428, -887001.5495499702, -1750701.1484610238, -2092278.3509705495, -2408780.6470733983, -2355502.357077606, -1595498.1210030315, -31710.528697575704
35, -680714.9851335781, -1753757.187505214, -2088586.047357687, -2435518.5422761627, -2359555.0040261345, -1595677.1582116708, -30949.26406307428, -887001.5495499702, -1750701.1484610238, -2092278.3509705495, -2408780.6470733983, -2355502.357077606, -1595498.1210030315, -31710.528697575704
36, -680707.9967449744, -1753742.8728641286, -2088566.796918611, -2435493.2963691107, -2359528.242639959, -1595657.5922329735, -30948.796620180474, -886977.1286499021, -1750653.826913834, -2092222.8927441528, -2408718.099147683, -2355442.0111656445, -1595457.4387188335, -31709.55352664768
37, -680694.84837739, -1753739.4208844975, -2088585.3373038475, -2435516.7360380488, -2359536.507716214, -1595650.288076704, -30947.88788374162, -887152.0251214266, -1750756.5264833206, -2092260.5195390563, -2408730.4791525817, -2355457.0133384503, -1595458.4686702199, -31605.170288123307
38, -680694.84837739, -1753739.4208844975, -2088585.3373038475, -2435516.7360380488, -2359536.507716214, -1595650.288076704, -30947.88788374162, -887152.0251214266, -1750756.5264833206, -2092260.5195390563, -2408730.4791525817, -2355457.0133384503, -1595458.4686702199, -31605.170288123307
39, -680687.8329924841, -1753725.053766036, -2088566.0699006212, -2435491.508068797, -2359509.7647939343, -1595630.7225816748, -30947.41985605426, -887127.6015654465, -1750709.2053084518, -2092205.062283005, -2408667.931689855, -2355396.6692605442, -1595417.7892895464, -31604.197543496324
40, -680713.8195496108, -1753767.7689384953, -2088603.590083534, -2435521.945255871, -2359534.3188626487, -1595648.4365061556, -30947.975774803996, -887210.317955474, -1750769.6480462844, -2092254.3875572234, -2408713.3287982787, -2355445.9313213136, -1595454.9880792908, -31558.46456679984
41, -680697.2433305621, -1753742.241203975, -2088586.0813226874, -2435513.9462681315, -2359531.2042810856, -1595645.6228111112, -30947.77447086874, -887166.1272631299, -1750759.8719988216, -2092258.554212499, -2408726.0067858547, -2355453.8479740866, -1595457.0545732863, -31594.422258363542
42, -680694.609155949, -1753738.2286582645, -2088584.1546882535, -2435515.0987193, -2359534.3002236364, -1595648.3013003329, -30947.830986728753, -887156.1252330716, -1750757.9909667005, -2092260.2916640665, -2408729.654114583, -2355456.4157439405, -1595458.2204283176, -31602.55417993467
