s
0.016666666666666666, 0.08333333333333334, 0.15, 0.21666666666666667, 0.2833333333333333, 0.35, 0.4166666666666667, 0.5166666666666666, 0.5833333333333333, 0.6499999999999999, 0.7166666666666666, 0.7833333333333333, 0.85, 0.9166666666666666, 0.9833333333333333
iteration, j dot B Redl, j dot B vmec
0, -642010.1009476087, -1461555.4306878848, -1735922.5793005072, -1898967.9419904707, -2040588.1894653253, -2175334.1318913186, -2305180.7773722983, -2467619.8748498242, -2513161.822779362, -2461461.707867447, -2262875.6575265974, -1873249.3184790753, -1281212.977869564, -566450.6167616411, -29677.99313097875, -762632.5372360337, -1378398.3474963647, -1793655.3676809035, -1937024.3522574643, -2027107.9327174951, -2175468.1652083937, -2295609.744902467, -2457732.0608805865, -2507830.122101715, -2452150.819285701, -2264346.957674071, -1869867.9447036318, -1267242.938054262, -594385.2537753715, -6176.777699502563
1, -642010.1009476087, -1461555.4306878848, -1735922.5793005072, -1898967.9419904707, -2040588.1894653253, -2175334.1318913186, -2305180.7773722983, -2467619.8748498242, -2513161.822779362, -2461461.707867447, -2262875.6575265974, -1873249.3184790753, -1281212.977869564, -566450.6167616411, -29677.99313097875, -762632.5372360337, -1378398.3474963647, -1793655.3676809035, -1937024.3522574643, -2027107.9327174951, -2175468.1652083937, -2295609.744902467, -2457732.0608805865, -2507830.122101715, -2452150.819285701, -2264346.957674071, -1869867.9447036318, -1267242.938054262, -594385.2537753715, -6176.777699502563
2, -642010.1009476087, -1461555.4306878848, -1735922.5793005072, -1898967.9419904707, -2040588.1894653253, -2175334.1318913186, -2305180.7773722983, -2467619.8748498242, -2513161.822779362, -2461461.707867447, -2262875.6575265974, -1873249.3184790753, -1281212.977869564, -566450.6167616411, -29677.99313097875, -762632.5372360337, -1378398.3474963647, -1793655.3676809035, -1937024.3522574643, -2027107.9327174951, -2175468.1652083937, -2295609.744902467, -2457732.0608805865, -2507830.122101715, -2452150.819285701, -2264346.957674071, -1869867.9447036318, -1267242.938054262, -594385.2537753715, -6176.777699502563
3, -642010.1009316323, -1461555.430677183, -1735922.5792855765, -1898967.941983583, -2040588.1894796127, -2175334.1319308393, -2305180.7774238433, -2467619.8749366757, -2513161.822882467, -2461461.707978423, -2262875.657603911, -1873249.3185602024, -1281212.9778611413, -566450.6168079247, -29677.993141265695, -762632.5372104875, -1378398.3474901684, -1793655.3676631, -1937024.3522624148, -2027107.9326858073, -2175468.165221221, -2295609.744869963, -2457732.060877225, -2507830.1220001, -2452150.819482041, -2264346.957225887, -1869867.9455446107, -1267242.937509692, -594385.2489309082, -6177.147569775989
4, -642010.1220651479, -1461555.408965709, -1735922.4707498245, -1898967.7333662608, -2040587.8772993165, -2175333.7137172776, -2305180.254476027, -2467619.2129857363, -2513161.098207888, -2461460.96403022, -2262874.9515785277, -1873248.7322953423, -1281212.5852067124, -566450.4461419916, -29677.98611354247, -762632.3201561193, -1378397.9464792036, -1793654.8536376227, -1937023.805990274, -2027107.3700321135, -2175467.570657824, -2295609.1268286137, -2457731.412834269, -2507829.4687356213, -2452150.186254765, -2264346.3776667058, -1869867.4680361191, -1267242.615054827, -594385.1004719005, -6176.774831374438
5, -642010.1126558862, -1461555.4585531016, -1735922.6245806096, -1898967.9985159552, -2040588.2546753767, -2175334.2050165553, -2305180.8585875886, -2467619.9686653744, -2513161.923422688, -2461461.811456832, -2262875.7547330894, -1873249.4032510028, -1281213.0399682503, -566450.6435531791, -29677.99455741353, -762632.5337812853, -1378398.3318014108, -1793655.3461200958, -1937024.3281387894, -2027107.9066833109, -2175468.136596958, -2295609.7141373097, -2457732.0273087285, -2507830.087514769, -2452150.7849524557, -2264346.92575489, -1869867.918408849, -1267242.9203052784, -594385.2453010955, -6176.777740032034
6, -642010.1060912774, -1461555.4498969396, -1735922.6101154364, -1898967.980934912, -2040588.2346401326, -2175334.182426348, -2305180.8329337044, -2467619.9373999266, -2513161.8887118194, -2461461.774977578, -2262875.721238113, -1873249.3746609408, -1281213.0198244315, -566450.6364669104, -29677.99431357926, -762632.537376984, -1378398.3445642088, -1793655.363558547, -1937024.3475872043, -2027107.927610435, -2175468.159592353, -2295609.738821814, -2457732.0543416115, -2507830.1154278573, -2452150.8127902783, -2264346.9518790375, -1869867.9401847753, -1267242.9352950447, -594385.252583967, -6176.777822738251
7, -617972.6664412117, -1379746.7854840714, -1642022.4915110958, -1805408.3976819604, -1936360.9272134402, -2057282.8541811942, -2174046.1291238433, -2315095.2207220457, -2349125.644297842, -2290620.5279233838, -2094534.9001091174, -1722392.9697554647, -1168147.9439912091, -511214.74256954325, -26479.279251161493, -647596.043687362, -1369054.876336864, -1661922.2688197216, -1792277.780682174, -1941214.2860845602, -2055846.0822518351, -2174112.387476514, -2317513.7663651677, -2357052.238540221, -2299140.2887536744, -2105422.1335652545, -1732472.3769940878, -1177190.6840636604, -513086.8173191821, -28934.47821627502
8, -643752.9206112106, -1461177.0328389988, -1730314.1780240848, -1900214.1637705304, -2043967.6135967374, -2176902.985785097, -2307753.2826070245, -2470309.296150246, -2516946.8523546723, -2466260.1711206185, -2268792.7035937505, -1879627.33619692, -1286773.8078585567, -569692.0231074374, -29906.757692265208, -725615.618138341, -1388200.7203541396, -1783692.8279566837, -1869695.5846410126, -2039292.196715341, -2165268.700591023, -2294851.06288884, -2458133.240277492, -2509324.929906518, -2457903.880115872, -2261831.243023104, -1879143.7803557345, -1272714.2845809008, -581624.4714380419, -20215.762995301862
9, -640957.4939893119, -1462818.4927957219, -1735620.9293276214, -1902552.618448002, -2045942.607478117, -2179705.048158154, -2309613.3532372057, -2471186.5699272114, -2516104.0080780983, -2463511.9082668163, -2264081.269397655, -1873551.6336191874, -1280849.4024799946, -565976.1078189239, -29613.803145254766, -747362.140618124, -1383316.1519771693, -1796589.1989959732, -1906295.243243698, -2035743.7370268498, -2178226.04040791, -2299479.542580661, -2462716.7727483036, -2513717.794580946, -2458218.3831971604, -2265204.5849498, -1876766.9211745728, -1266514.6575213997, -590588.9860257616, -12236.248469951533
10, -640957.4939893119, -1462818.4927957219, -1735620.9293276214, -1902552.618448002, -2045942.607478117, -2179705.048158154, -2309613.3532372057, -2471186.5699272114, -2516104.0080780983, -2463511.9082668163, -2264081.269397655, -1873551.6336191874, -1280849.4024799946, -565976.1078189239, -29613.803145254766, -747362.140618124, -1383316.1519771693, -1796589.1989959732, -1906295.243243698, -2035743.7370268498, -2178226.04040791, -2299479.542580661, -2462716.7727483036, -2513717.794580946, -2458218.3831971604, -2265204.5849498, -1876766.9211745728, -1266514.6575213997, -590588.9860257616, -12236.248469951533
11, -640957.4946869549, -1462818.4943165127, -1735620.9310246906, -1902552.6203169478, -2045942.609394049, -2179705.0498510124, -2309613.35439441, -2471186.5698852097, -2516104.007308765, -2463511.9070614865, -2264081.268169466, -1873551.632764021, -1280849.402064306, -565976.1119593626, -29613.80315835403, -747362.1413295699, -1383316.1519329129, -1796589.1989605138, -1906295.2432074281, -2035743.7370230514, -2178226.040419939, -2299479.542623236, -2462716.7728723087, -2513717.794609849, -2458218.3833696693, -2265204.5845844476, -1876766.9218876525, -1266514.6570192473, -590588.9819175189, -12236.561407170113
12, -640946.0126958814, -1462794.441285458, -1735600.7857418598, -1902537.8605657327, -2045933.529529612, -2179704.0758696366, -2309621.3886986864, -2471205.962412042, -2516125.6135226255, -2463529.508581492, -2264091.1270599356, -1873553.1699288425, -1280846.1343501206, -565973.319486831, -29613.612674272343, -747354.2590318935, -1383316.1025049055, -1796588.588400156, -1906294.2943397944, -2035742.5179781509, -2178224.518184822, -2299477.91119216, -2462715.4614401935, -2513717.1669850065, -2458218.4700035015, -2265204.97215296, -1876767.1899265635, -1266514.489278322, -590588.7999543238, -12235.712069670117
13, -640953.3077323961, -1462809.678617328, -1735612.3474390374, -1902544.473330696, -2045935.339025142, -2179699.8389819963, -2309611.4852739763, -2471190.636188296, -2516110.7704403168, -2463519.392818848, -2264087.2897368665, -1873554.9550916194, -1280850.193242551, -565975.8447526533, -29613.76256765964, -747358.856628436, -1383316.3026377377, -1796589.2254664204, -1906295.202708839, -2035743.5898960205, -2178225.779404849, -2299479.13864801, -2462716.256828587, -2513717.4540524734, -2458218.40181092, -2265204.752611651, -1876766.9795316146, -1266514.7355141703, -590589.0026805082, -12235.753577528609
14, -640956.5318501603, -1462816.4548766694, -1735618.8300596063, -1902550.483236481, -2045940.5617580728, -2179703.403348927, -2309612.486583221, -2471187.195498, -2516105.4273104547, -2463513.6960167494, -2264082.86333863, -1873552.6608244681, -1280849.7867986192, -565976.1281298717, -29613.797055045998, -747361.2766918461, -1383316.1976139925, -1796589.2102046271, -1906295.2402312392, -2035743.725123385, -2178226.004210339, -2299479.466721175, -2462716.579012152, -2513717.729317371, -2458218.3534707455, -2265204.6097651497, -1876766.9413987906, -1266514.677008148, -590588.9616458882, -12235.973774217942
15, -644413.159770253, -1475490.2005454174, -1747567.8558697435, -1913272.3961739892, -2054996.4337685117, -2186522.1595392902, -2314305.0712686437, -2472482.243076529, -2515297.954290396, -2460956.658622403, -2260424.352872303, -1869632.855551992, -1277629.1843025838, -564274.1029319629, -29493.776219645675, -740582.593865366, -1382663.776473428, -1797565.5504067992, -1903073.9212140096, -2038976.5769906004, -2180522.7344032167, -2301967.399288092, -2465770.0545448363, -2516302.295091625, -2460509.187692769, -2266209.7422794765, -1878503.4234150236, -1266706.3046977213, -590434.3717559986, -13711.70268610082
16, -644137.305527617, -1472031.1226012968, -1744367.508019044, -1910064.3846879278, -2052122.109334093, -2184400.7614246337, -2312819.459575561, -2472175.3886645893, -2515766.9922960713, -2462142.1293598763, -2262135.8894525915, -1871587.0916646146, -1279393.493207767, -565320.946804139, -29578.976801259807, -746202.4223670375, -1383143.253534065, -1796846.713546888, -1906032.9889283944, -2036429.7413130081, -2178948.493006381, -2300352.30371239, -2463830.7740981756, -2514874.760708645, -2459331.4994539362, -2266074.609805695, -1877557.976773768, -1266897.2328598527, -590712.4653111169, -12400.028903136292
17, -642307.7165393506, -1466291.6152589705, -1738877.4470149328, -1905332.0887912004, -2048251.5207373046, -2181524.1433194736, -2310946.233547533, -2471828.4398493543, -2516360.4803374712, -2463497.949761332, -2263946.314828459, -1873437.818519975, -1280829.9850063173, -566013.0775133312, -29619.975792344543, -747272.2188648338, -1383383.9574184678, -1796777.3587988534, -1906491.6161606044, -2036058.0256410274, -2178597.5808774903, -2299908.3894096883, -2463218.4328628224, -2514243.625031236, -2458733.2984028873, -2265664.4130988778, -1877142.7991426717, -1266752.5676370806, -590691.2431804076, -12245.496469712962
18, -641218.691854833, -1463530.3834471868, -1736275.2419403358, -1903105.2461476075, -2046399.253806855, -2180059.299656629, -2309859.0778870923, -2471269.767763479, -2516098.2973751025, -2463450.698189104, -2264007.166457834, -1873500.7482215627, -1280832.0589148053, -565974.5076008044, -29613.83347348374, -747385.7586984772, -1383379.5581982231, -1796686.6503858422, -1906402.7578965682, -2035872.1503054693, -2178371.066675242, -2299639.779048184, -2462896.562407136, -2513903.945895516, -2458400.619697954, -2265370.368491289, -1876902.3983829482, -1266603.7515104618, -590629.6801498065, -12238.873410332366
19, -640997.0889829352, -1462926.916574614, -1735729.879919215, -1902649.8070656678, -2046025.6950791427, -2179772.061843341, -2309663.339538862, -2471211.1292680064, -2516113.7823567586, -2463510.838813939, -2264074.3513180814, -1873544.6480785345, -1280845.7748554451, -565975.8178204331, -29613.941633891893, -747370.0080321952, -1383336.2496663914, -1796617.7873646105, -1906326.335737084, -2035779.1068175114, -2178265.173165165, -2299521.9694734905, -2462763.417844595, -2513765.830930675, -2458265.443702819, -2265247.6846443666, -1876802.3510792013, -1266538.1732717995, -590599.9677011392, -12236.804475484736
20, -640997.5837199214, -1462943.0690151881, -1735705.5910201783, -1902614.426644328, -2045994.7020806335, -2179746.7107675127, -2309637.184698173, -2471173.5160809928, -2516071.2735004434, -2463472.9357681083, -2264053.0124232383, -1873543.9931724176, -1280854.7629752134, -565976.9133357792, -29613.039701136313, -747374.800817749, -1383322.0819294977, -1796597.1021408085, -1906303.8721756097, -2035753.8788286205, -2178238.258073558, -2299494.103614159, -2462734.959713064, -2513737.3187894775, -2458237.657885387, -2265221.914922265, -1876780.7110767085, -1266523.5995941132, -590593.2670004787, -12238.101426711277
