s
0.016666666666666666, 0.05, 0.11666666666666667, 0.15, 0.21666666666666667, 0.2833333333333333, 0.31666666666666665, 0.38333333333333336, 0.45, 0.5166666666666666, 0.5499999999999999, 0.6166666666666666, 0.6833333333333332, 0.7166666666666666, 0.7833333333333333, 0.8166666666666667, 0.8833333333333333, 0.95, 0.9833333333333333
iteration, j dot B Redl, j dot B vmec
0, -641332.9942884101, -1145946.2555458865, -1591444.52196305, -1708798.279509752, -1892998.8030645647, -2043345.185915832, -2113686.545645034, -2251796.9958804036, -2380625.747755884, -2483546.9037069976, -2516039.4707702864, -2518164.2665154627, -2396029.504896286, -2272742.9142529145, -1876453.3214853986, -1600218.0976225594, -922181.6952418673, -238161.57836449472, -28897.071817829656, -716901.0867457194, -1061917.452098482, -1629587.4916612103, -1744197.797706076, -1874959.4884534422, -2047638.6711363075, -2112045.2693035225, -2247383.6368107414, -2376573.481532259, -2481791.370692811, -2515690.170945, -2518183.726409525, -2397585.36185127, -2273583.6342481314, -1883227.2507179165, -1605594.1476799503, -911921.4802937551, -266451.22418578994, -7580.417831829545
1, -641332.9942884101, -1145946.2555458865, -1591444.52196305, -1708798.279509752, -1892998.8030645647, -2043345.185915832, -2113686.545645034, -2251796.9958804036, -2380625.747755884, -2483546.9037069976, -2516039.4707702864, -2518164.2665154627, -2396029.504896286, -2272742.9142529145, -1876453.3214853986, -1600218.0976225594, -922181.6952418673, -238161.57836449472, -28897.071817829656, -716901.0867457194, -1061917.452098482, -1629587.4916612103, -1744197.797706076, -1874959.4884534422, -2047638.6711363075, -2112045.2693035225, -2247383.6368107414, -2376573.481532259, -2481791.370692811, -2515690.170945, -2518183.726409525, -2397585.36185127, -2273583.6342481314, -1883227.2507179165, -1605594.1476799503, -911921.4802937551, -266451.22418578994, -7580.417831829545
2, -641332.9942884101, -1145946.2555458865, -1591444.52196305, -1708798.279509752, -1892998.8030645647, -2043345.185915832, -2113686.545645034, -2251796.9958804036, -2380625.747755884, -2483546.9037069976, -2516039.4707702864, -2518164.2665154627, -2396029.504896286, -2272742.9142529145, -1876453.3214853986, -1600218.0976225594, -922181.6952418673, -238161.57836449472, -28897.071817829656, -716901.0867457194, -1061917.452098482, -1629587.4916612103, -1744197.797706076, -1874959.4884534422, -2047638.6711363075, -2112045.2693035225, -2247383.6368107414, -2376573.481532259, -2481791.370692811, -2515690.170945, -2518183.726409525, -2397585.36185127, -2273583.6342481314, -1883227.2507179165, -1605594.1476799503, -911921.4802937551, -266451.22418578994, -7580.417831829545
3, -641333.0209984286, -1145946.3191799526, -1591444.6067387846, -1708798.3662322972, -1892998.8915975383, -2043345.273565807, -2113686.6321168924, -2251797.0791287534, -2380625.8262318633, -2483546.9763265145, -2516039.538780176, -2518164.32932895, -2396029.549141192, -2272742.9776087934, -1876453.1753668222, -1600217.9086890607, -922181.6387173528, -238161.57861727732, -28897.073310077245, -716901.0872342201, -1061917.45310409, -1629587.493777804, -1744197.8002962808, -1874959.491932436, -2047638.6758489567, -2112045.2746327417, -2247383.6437308965, -2376573.4858199107, -2481791.403699255, -2515690.1651297747, -2518183.941158456, -2397584.1384295975, -2273584.7493587504, -1883242.8892679329, -1605601.4434326808, -911920.6932945093, -266451.06078704965, -7579.163097616736
4, -641333.843938235, -1145949.3389283181, -1591447.9545309886, -1708801.422867575, -1893001.3678096938, -2043347.126789079, -2113688.1699217344, -2251798.0070990087, -2380626.1736810645, -2483546.8205224536, -2516039.182173898, -2518163.709553963, -2396028.9198027505, -2272742.406437454, -1876453.1019921135, -1600218.042887837, -922181.857376333, -238161.68011443055, -28897.087960274417, -716895.7329854846, -1061909.6000277237, -1629575.6079802457, -1744185.166506899, -1874946.0997984167, -2047624.2501825434, -2112030.494289585, -2247368.122112749, -2376557.2875643065, -2481774.6765660155, -2515673.356712036, -2518167.1058455785, -2397569.728147244, -2273568.8941967078, -1883215.1677183327, -1605583.8875360447, -911915.6632922154, -266449.48880111997, -7580.326123386869
5, -641332.9891258654, -1145946.2818517848, -1591444.5280122967, -1708798.289616958, -1892998.8188228162, -2043345.2063486252, -2113686.568659486, -2251797.02503082, -2380625.7848594706, -2483546.9505452244, -2516039.5228484627, -2518164.3295798707, -2396029.57764077, -2272742.9905665643, -1876453.3992053054, -1600218.1717633293, -922181.750427174, -238161.59761456266, -28897.074585016962, -716901.0927594239, -1061917.4612699184, -1629587.5063184418, -1744197.8137281341, -1874959.5064174011, -2047638.691531146, -2112045.290761941, -2247383.6604184266, -2376573.5072846184, -2481791.398221172, -2515690.1992498436, -2518183.7551818434, -2397585.3897516336, -2273583.660834526, -1883227.2730803355, -1605594.1668774944, -911921.4914100606, -266451.2275141711, -7580.417980556915
6, -641332.987787258, -1145946.2430462153, -1591444.5051556763, -1708798.2625091742, -1892998.7857528785, -2043345.168309276, -2113686.5279030455, -2251796.9779877244, -2380625.729791236, -2483546.8857056336, -2516039.4527231697, -2518164.2484237254, -2396029.4870574875, -2272742.8969399305, -1876453.3062800933, -1600218.084140799, -922181.6871131946, -238161.57624495454, -28897.0715619017, -716901.0851175094, -1061917.4503161404, -1629587.490130384, -1744197.7965852686, -1874959.4881679406, -2047638.671560135, -2112045.270025243, -2247383.638064119, -2376573.4831579626, -2481791.3725088523, -2515690.1728463075, -2518183.7282402143, -2397585.3634874807, -2273583.6357466234, -1883227.25176029, -1605594.1485034293, -911921.4806499034, -266451.22423516953, -7580.417546575802
7, -641332.9939226933, -1145946.250972082, -1591444.5141069335, -1708798.2708456651, -1892998.793314816, -2043345.175388623, -2113686.534731604, -2251796.984130723, -2380625.735027896, -2483546.8898072275, -2516039.456222298, -2518164.250645535, -2396029.487937663, -2272742.896950378, -1876453.3046210606, -1600218.0818278436, -922181.6840004928, -238161.57469940628, -28897.071319622275, -716901.0867324516, -1061917.4520768893, -1629587.4916598876, -1744197.7977250465, -1874959.4884701055, -2047638.671154933, -2112045.2693355656, -2247383.636746363, -2376573.4814873235, -2481791.37052184, -2515690.1708116583, -2518183.72612241, -2397585.3615355105, -2273583.6339518437, -1883227.2503831098, -1605594.1474645426, -911921.4800769732, -266451.22419605125, -7580.4177659988345
8, -641332.979098761, -1145946.2150474591, -1591444.474054035, -1708798.2348373265, -1892998.766551637, -2043345.1586199338, -2113686.5229014102, -2251796.981551274, -2380625.7406576807, -2483546.90190676, -2516039.470646886, -2518164.2675305195, -2396029.504046952, -2272742.911556306, -1876453.3149986481, -1600218.089871082, -922181.6879846554, -238161.57575045165, -28897.07144444209, -716901.0890326136, -1061917.455190439, -1629587.495737969, -1744197.801713522, -1874959.492002032, -2047638.6743408083, -2112045.2723169606, -2247383.6394664166, -2376573.4839915857, -2481791.37285883, -2515690.173138742, -2518183.728427178, -2397585.3637948893, -2273583.636122186, -1883227.252384683, -1605594.1491913288, -911921.4811240125, -266451.2244877126, -7580.417759437405
9, -433353.0983996237, -834344.5189521528, -1230299.7476854182, -1350169.8461076003, -1521863.7701341575, -1647333.3305361825, -1701581.7943683611, -1797300.0608235497, -1873744.0526010604, -1917037.766084745, -1919328.4759374752, -1867399.0430792102, -1715076.5101536645, -1593273.7155802415, -1252341.3833225942, -1037449.348227608, -557474.9927726698, -130960.38878873896, -14856.322100894868, -491990.949126321, -920583.522006446, -1375655.6705379034, -1477339.6529439192, -1694530.9195548226, -1819449.9149683206, -1882606.7529934526, -1990600.1009101323, -2079810.1787295039, -2132211.6526659764, -2136222.0198454303, -2078370.0487060994, -1902497.9153318554, -1761409.4953939428, -1363582.3831282274, -1117067.9227777582, -582289.2709116098, -117855.59639804398, -20520.48044876993
10, -586484.202421271, -1066133.9087864119, -1501015.6323428298, -1622647.9658224527, -1808972.693840066, -1950827.8726837821, -2017971.0268177262, -2145787.4548651427, -2263153.0013732053, -2352518.503973789, -2378141.5930631384, -2367583.308477134, -2237863.465033176, -2114355.996030397, -1729638.2479510806, -1467035.343145361, -834276.3555856916, -211501.7694194495, -25300.086729180497, -633792.9074699115, -1013779.0709776183, -1543673.33000268, -1598381.6709471722, -1813975.034921031, -1949459.391661188, -2018707.8020496655, -2146440.4261834305, -2265459.039691127, -2356499.434657409, -2383233.5634590723, -2374003.456490645, -2244264.2325356677, -2121853.1044190107, -1733036.0185441906, -1473984.2403806732, -833972.8083554013, -216590.12788795066, -21845.97288003775
11, -625594.0460203125, -1130610.746081234, -1577573.1460343674, -1699549.7648566586, -1890429.7758240364, -2037839.9690969773, -2108475.720666402, -2245095.8650626168, -2372741.3618615977, -2473795.4343392495, -2505341.302167975, -2505528.973886562, -2382236.9710247344, -2258770.7753729005, -1863821.422319684, -1589082.3108448621, -915361.611725586, -236234.12408271228, -28622.293886354404, -690327.3063397153, -1060512.6562644886, -1622081.688250327, -1684386.9030719441, -1887401.2691855952, -2036464.4797746832, -2104201.287112464, -2242175.266062278, -2370281.403320616, -2472711.4983946797, -2505395.4255884066, -2506339.8683047304, -2383864.48761398, -2261838.452087708, -1862837.4776853858, -1598147.1216202914, -906378.9566567764, -257330.0270441686, -13784.778266575857
12, -635363.0539287832, -1141571.5470556247, -1589983.5004844076, -1709421.5840851064, -1896039.0065575517, -2045576.0374304545, -2116096.788060869, -2253989.7567831194, -2382528.9820810063, -2485046.151580844, -2517337.831852896, -2519100.7565902057, -2396847.241555189, -2273608.702912901, -1877743.2656808463, -1601744.2905020658, -923795.6485633503, -238851.20947772864, -28995.923126835587, -713128.9704910276, -1063590.4716609023, -1626169.4966066359, -1726910.365560525, -1881855.3094637564, -2047606.1363462885, -2111428.6785128755, -2249579.7254982097, -2378342.135001449, -2482966.977308529, -2516637.894987307, -2518604.4838341926, -2398267.920253443, -2274239.7649160596, -1880877.9214878147, -1606927.5916579885, -912105.7678224385, -265879.9561389305, -9750.782606392837
13, -635363.0539287832, -1141571.5470556247, -1589983.5004844076, -1709421.5840851064, -1896039.0065575517, -2045576.0374304545, -2116096.788060869, -2253989.7567831194, -2382528.9820810063, -2485046.151580844, -2517337.831852896, -2519100.7565902057, -2396847.241555189, -2273608.702912901, -1877743.2656808463, -1601744.2905020658, -923795.6485633503, -238851.20947772864, -28995.923126835587, -713128.9704910276, -1063590.4716609023, -1626169.4966066359, -1726910.365560525, -1881855.3094637564, -2047606.1363462885, -2111428.6785128755, -2249579.7254982097, -2378342.135001449, -2482966.977308529, -2516637.894987307, -2518604.4838341926, -2398267.920253443, -2274239.7649160596, -1880877.9214878147, -1606927.5916579885, -912105.7678224385, -265879.9561389305, -9750.782606392837
14, -635363.0802657855, -1141571.6110522673, -1589983.5866841725, -1709421.6723544323, -1896039.0965901653, -2045576.1261283574, -2116096.875456182, -2253989.840630773, -2382529.0608028173, -2485046.224030385, -2517337.8994562803, -2519100.8185906955, -2396847.2847021064, -2273608.764799554, -1877743.1154454392, -1601744.096045253, -923795.5872486285, -238851.20836587157, -28995.924468856523, -713128.9710342574, -1063590.4727231595, -1626169.4987858045, -1726910.3681611768, -1881855.3130046073, -2047606.1410768828, -2111428.683830624, -2249579.732380947, -2378342.139275245, -2482967.0102655906, -2516637.889141134, -2518604.698105805, -2398266.6995450193, -2274240.877761255, -1880893.527752739, -1606934.872603297, -912104.9823286333, -265879.7930078015, -9749.529911718113
15, -635363.9118142258, -1141574.5900509171, -1589986.9413709915, -1709424.755883225, -1896041.6179283361, -2045578.008062383, -2116098.439995887, -2253990.7877605064, -2382529.424719125, -2485046.087580448, -2517337.565294977, -2519100.23661082, -2396846.7159378007, -2273608.2707508923, -1877743.1471627303, -1601744.3417659185, -923795.9036014881, -238851.3454200003, -28995.943962422007, -713123.6674428317, -1063582.6418990244, -1626157.6900838243, -1726897.914623159, -1881841.9319885434, -2047591.7800878687, -2111413.974175954, -2249564.2661051005, -2378326.003064926, -2482950.35199646, -2516621.1517028445, -2518587.936721138, -2398252.35336497, -2274225.087344937, -1880865.9067529743, -1606917.3683813817, -912099.974736072, -265878.2314524464, -9750.67813613618
16, -635363.0478215388, -1141571.5771173974, -1589983.5091888192, -1709421.5973810065, -1896039.026288724, -2045576.0622952268, -2116096.8157647466, -2253989.791277616, -2382529.0253341272, -2485046.2054705587, -2517337.891438854, -2519100.8280230174, -2396847.323188989, -2273608.788113483, -1877743.3514621747, -1601744.371835112, -923795.7080701778, -238851.2297754287, -28995.92600006925, -713128.9784674234, -1063590.4838289937, -1626169.5158175512, -1726910.3862723536, -1881855.3327607326, -2047606.1624085205, -2111428.7057922427, -2249579.755322115, -2378342.1672596727, -2482967.0117074223, -2516637.9302611225, -2518604.5196700552, -2398267.955026972, -2274239.7981453836, -1880877.9494585837, -1606927.615875948, -912105.7818536151, -265879.9603706685, -9750.782637812532
17, -635363.0477367933, -1141571.535316578, -1589983.484461018, -1709421.567780017, -1896038.989908385, -2045576.0205723098, -2116096.7711434034, -2253989.7398804054, -2382528.9653368583, -2485046.1350455293, -2517337.815394709, -2519100.740429147, -2396847.226005106, -2273608.6880800333, -1877743.2531178738, -1601744.2796138027, -923795.6424627433, -238851.20804607833, -28995.922965273174, -713128.9687155178, -1063590.469620165, -1626169.4946934227, -1726910.3640545544, -1881855.3087679534, -2047606.1363546597, -2111428.6788464366, -2249579.726349688, -2378342.1362475813, -2482966.978773183, -2516637.8965710727, -2518604.4853271223, -2398267.9215847254, -2274239.7661079764, -1880877.9223066876, -1606927.5922454295, -912105.7680422041, -265879.95611474814, -9750.782383253623
18, -635363.0528859813, -1141571.542338014, -1589983.492165035, -1709421.5749609661, -1896038.996386896, -2045576.0265637818, -2116096.7768561514, -2253989.744838743, -2382528.969263731, -2485046.137696848, -2517337.817365915, -2519100.740822463, -2396847.224589917, -2273608.685552034, -1877743.248541192, -1601744.2743481195, -923795.637066139, -238851.20579122243, -28995.92263408634, -713128.9703987986, -1063590.4715416671, -1626169.4964819474, -1726910.365448959, -1881855.3094103974, -2047606.1362520067, -2111428.678452785, -2249579.7253499874, -2378342.1348344614, -2482966.977027504, -2516637.894712194, -2518604.4834598745, -2398267.919814495, -2274239.7645352404, -1880877.9210846252, -1606927.5913096596, -912105.7676512504, -265879.9560283051, -9750.782216544132
19, -635363.0374796668, -1141571.5029247669, -1589983.4470294337, -1709421.5334332448, -1896038.9638646669, -2045576.004424932, -2116096.75994202, -2253989.737927194, -2382528.971387982, -2485046.147112229, -2517337.8295547306, -2519100.7561239605, -2396847.2396038105, -2273608.699171157, -1877743.2581109998, -1601744.2817511428, -923795.6405737629, -238851.2066660969, -28995.922729814556, -713128.9726136393, -1063590.4744590903, -1626169.5001824442, -1726910.3689866322, -1881855.3124713772, -2047606.138858959, -2111428.6808037045, -2249579.727310456, -2378342.1364013962, -2482966.978397956, -2516637.8960083104, -2518604.4846586953, -2398267.9211324463, -2274239.7658134, -1880877.92236193, -1606927.592527652, -912105.768371668, -265879.9562935101, -9750.782580486295
20, -626444.7850332797, -1132946.1593527994, -1580616.7126677001, -1702956.4390921076, -1894339.3638643494, -2043341.3260660232, -2114469.5621359497, -2252390.934452379, -2381024.7057586526, -2483201.021480366, -2515257.0715773534, -2516359.423398617, -2393528.7039953573, -2270048.040772519, -1874247.7969543403, -1598543.9326106678, -921609.4042758769, -238065.05381351308, -28846.163715691313, -696778.3470285368, -1061813.0662904605, -1624477.9936450976, -1697253.614397992, -1890695.9858877887, -2045392.407219641, -2110914.545835829, -2250867.978870881, -2379150.0933787827, -2482361.177885877, -2515368.2059792425, -2516258.242225796, -2394601.715823592, -2271452.246384776, -1873032.534146243, -1606338.527405246, -910357.5880430294, -262475.0308085281, -11203.468632712553
21, -631886.5154174399, -1138360.456476782, -1586730.119148648, -1707260.5521452806, -1895526.00272207, -2045240.5438420898, -2116072.2478576526, -2254267.0522823245, -2383039.360018165, -2485664.4208639497, -2517971.8438923, -2519668.020381584, -2397268.0283906036, -2273928.65224239, -1877910.6246625092, -1601848.1885664102, -923774.3965931635, -238760.37078395282, -28962.198558463653, -709622.604772584, -1063121.1952544968, -1624972.3006835617, -1719215.0549521025, -1884553.6701944117, -2047527.1911328048, -2111276.530659994, -2250525.277851147, -2379153.0220479956, -2483555.34103872, -2517120.0124126147, -2518815.7368608005, -2398473.999388769, -2274479.84428832, -1879828.9051777993, -1607538.3238400205, -912183.3262645509, -265352.6656350022, -10111.337880869993
22, -631886.5154174399, -1138360.456476782, -1586730.119148648, -1707260.5521452806, -1895526.00272207, -2045240.5438420898, -2116072.2478576526, -2254267.0522823245, -2383039.360018165, -2485664.4208639497, -2517971.8438923, -2519668.020381584, -2397268.0283906036, -2273928.65224239, -1877910.6246625092, -1601848.1885664102, -923774.3965931635, -238760.37078395282, -28962.198558463653, -709622.604772584, -1063121.1952544968, -1624972.3006835617, -1719215.0549521025, -1884553.6701944117, -2047527.1911328048, -2111276.530659994, -2250525.277851147, -2379153.0220479956, -2483555.34103872, -2517120.0124126147, -2518815.7368608005, -2398473.999388769, -2274479.84428832, -1879828.9051777993, -1607538.3238400205, -912183.3262645509, -265352.6656350022, -10111.337880869993
23, -631886.5408637411, -1138360.521787796, -1586730.2065059529, -1707260.641538365, -1895526.0935850209, -2045240.6327523557, -2116072.335197717, -2254267.135732817, -2383039.4383069766, -2485664.4932350274, -2517971.9117006953, -2519668.0834603827, -2397268.0735058663, -2273928.7162138075, -1877910.4749109908, -1601847.993685425, -923774.3342132499, -238760.36918186836, -28962.199838564247, -709622.6053351501, -1063121.1964033772, -1624972.303039119, -1719215.0577308293, -1884553.6738797724, -2047527.1959789954, -2111276.5360819334, -2250525.284808821, -2379153.026324002, -2483555.373883022, -2517120.0064147036, -2518815.950760961, -2398472.779629567, -2274480.9559400524, -1879844.496930255, -1607545.5979463754, -912182.5414319076, -265352.50264917256, -10110.086147891954
24, -631876.0734331359, -1138336.0821527974, -1586705.2872853223, -1707234.6548463688, -1895500.6763376703, -2045217.7550671382, -2116048.434117239, -2254246.3274881565, -2383020.6041619545, -2485643.5931995516, -2517950.979743154, -2519644.366550664, -2397241.6051391084, -2273901.617155201, -1877888.681713831, -1601833.8157734612, -923768.2383769795, -238759.47066510865, -28962.262746220913, -709617.3842756582, -1063113.4886547592, -1624960.6853111642, -1719202.8726583244, -1884540.523149196, -2047513.051720871, -2111262.0021679043, -2250509.8555468135, -2379136.7512623984, -2483538.4318998894, -2517102.9292409047, -2518798.743736006, -2398458.043194311, -2274464.8549352833, -1879816.7072192836, -1607527.984967323, -912177.518198265, -265350.945727878, -10111.183780581472
25, -631886.5087898817, -1138360.4804379093, -1586730.121842881, -1707260.5597280748, -1895526.0175750959, -2045240.5644498225, -2116072.2714599473, -2254267.0825967644, -2383039.3985332795, -2485664.4690289963, -2517971.897227029, -2519668.084340288, -2397268.101714953, -2273928.729020304, -1877910.7028305575, -1601848.2630969463, -923774.4516463043, -238760.38963813434, -28962.20122899606, -709622.6120086829, -1063121.2063920675, -1624972.3182706493, -1719215.0738532161, -1884553.691609277, -2047527.2150869626, -2111276.5557404193, -2250525.3053290825, -2379153.051833857, -2483555.3727901746, -2517120.0449767304, -2518815.770026989, -2398474.031493097, -2274479.8750626077, -1879828.9310057305, -1607538.346025572, -912183.3392304885, -265352.66961383587, -10111.338189145914
26, -631886.5109326626, -1138360.4506174945, -1586730.1093349291, -1707260.5413021855, -1895525.9898852427, -2045240.5291199735, -2116072.2323005716, -2254267.0354065476, -2383039.342344737, -2485664.402995343, -2517971.8261415013, -2519668.0034085414, -2397268.012883152, -2273928.637827454, -1877910.6130050537, -1601848.178576184, -923774.3908567897, -238760.3693032555, -28962.19837898029, -709622.6027870346, -1063121.1930101183, -1624972.298565507, -1719215.0532683516, -1884553.6693663585, -2047527.1910049205, -2111276.5308566527, -2250525.2786745476, -2379153.0232439986, -2483555.3424900803, -2517120.0139191346, -2518815.7383217863, -2398474.000602016, -2274479.8454322135, -1879828.9058858997, -1607538.3242941224, -912183.3264290858, -265352.6657416571, -10111.338045266064
27, -631886.514128638, -1138360.4499397553, -1586730.1086076093, -1707260.5410132331, -1895525.99098631, -2045240.5319112653, -2116072.23582876, -2254267.0399197657, -2383039.3470077044, -2485664.4068475356, -2517971.8292297767, -2519668.0043101907, -2397268.0109995734, -2273928.6344514308, -1877910.6072840756, -1601848.1722962337, -923774.3851120595, -238760.3670778626, -28962.198059126364, -709622.6049293971, -1063121.1954921056, -1624972.3010593762, -1719215.055330677, -1884553.6706583577, -2047527.1915897655, -2111276.531156431, -2250525.278344933, -2379153.022536369, -2483555.34149027, -2517120.01282286, -2518815.7372378944, -2398473.999677252, -2274479.844579502, -1879828.905341885, -1607538.323884092, -912183.3263151172, -265352.6656902362, -10111.337677370786
28, -631886.4994893944, -1138360.4077705245, -1586730.0617181147, -1707260.4980693492, -1895525.9576593745, -2045240.5096803606, -2116072.219106891, -2254267.033302491, -2383039.348976184, -2485664.4150548656, -2517971.839559222, -2519668.016336527, -2397268.0219223136, -2273928.644049079, -1877910.6139110355, -1601848.177366038, -923774.3878999009, -238760.36792611206, -28962.198157643776, -709622.6068704202, -1063121.1979466078, -1624972.3039097632, -1719215.0579540166, -1884553.672694564, -2047527.1931462735, -2111276.5324126803, -2250525.279182674, -2379153.023049106, -2483555.341723467, -2517120.0131098377, -2518815.7375116097, -2398474.0001470973, -2274479.845113262, -1879828.9058466032, -1607538.3245022292, -912183.326651712, -265352.66583120666, -10111.337942134574
29, -635688.9977472743, -1144434.8162735545, -1595260.902530054, -1716311.0631464857, -1904333.5034525527, -2051246.7981156488, -2121051.1885561664, -2256969.2912245174, -2383836.710742548, -2484936.265123145, -2516716.947985755, -2517910.6897907616, -2395944.3891583923, -2273142.140884576, -1878663.3676924112, -1603361.8244024562, -925997.6737503016, -239859.92488493753, -29153.09927731184, -703199.1293204036, -1063099.9692894204, -1623963.6976850054, -1708093.374888367, -1888891.1884547125, -2047580.4690942264, -2111578.207543708, -2251337.14527968, -2379271.84040559, -2482394.918141357, -2515442.441816608, -2516360.267625997, -2395334.4621442473, -2271795.353004242, -1876878.1190914186, -1608046.8812107714, -913090.9522027967, -264891.3748430492, -11311.389725262998
30, -638058.9980080394, -1143454.9281989215, -1593338.8080340198, -1713688.0564921107, -1901234.5886772845, -2049658.6238851147, -2119871.290013171, -2256829.0295208367, -2384529.4411144564, -2486350.7635764577, -2518454.203769009, -2519970.885083368, -2397892.2240301566, -2274777.2375709703, -1879506.0978627142, -1603705.2440405563, -925567.7242057399, -239519.07105129038, -29093.591961657392, -708660.5616705469, -1062770.5670520552, -1624254.318725119, -1717341.3295861208, -1884851.3711267915, -2047440.9275642782, -2111237.2836369514, -2250731.115252244, -2379408.5175510067, -2483798.188713306, -2517363.285937463, -2519041.5116667426, -2398665.47355021, -2274695.274802873, -1879914.890216691, -1607974.635755678, -912470.9124821365, -265406.1213806701, -10327.713126269635
31, -634128.4097174453, -1140282.0886843165, -1589129.987339368, -1709560.120054252, -1897575.9541272847, -2046935.5912005664, -2117588.5609125113, -2255433.0186896743, -2383895.786711099, -2486289.185229664, -2518520.9802814727, -2520169.947362733, -2397863.142541021, -2274614.6496438365, -1878783.2097269811, -1602772.7129712636, -924579.6966122417, -239079.83207851325, -29015.02121018069, -709402.8806875495, -1062975.8828337714, -1624822.310197434, -1718939.2849898948, -1884562.796381987, -2047529.5689388337, -2111305.6154509066, -2250635.594466892, -2379318.4046773016, -2483769.5987048326, -2517355.195889488, -2519078.203309964, -2398747.714282772, -2274749.4833447733, -1880039.56246318, -1607759.3059607951, -912309.8780170884, -265387.4415983547, -10141.834441916959
32, -632487.9040317219, -1138879.1112201973, -1587386.7296505594, -1707892.497222479, -1896101.2137828874, -2045738.6237802296, -2116532.33287612, -2254657.9776125452, -2383376.4182685586, -2485970.5673378147, -2518276.0590633657, -2519989.270860717, -2397634.8964294265, -2274320.2535682977, -1878343.0658247625, -1602284.7976931166, -924116.2625850857, -238884.04105708483, -28981.33645473838, -709599.2214814228, -1063123.4225205055, -1624996.7792132632, -1719220.4976761271, -1884623.788580753, -2047606.5324665408, -2111366.0425468488, -2250641.851992852, -2379291.136566189, -2483712.863050261, -2517285.6470009, -2518991.510789764, -2398649.7219854207, -2274649.8223243873, -1879968.5472039399, -1607666.1220566446, -912257.0582713599, -265374.2611519845, -10117.991070981167
33, -632026.0204978896, -1138464.3776998697, -1586871.343685861, -1707399.3970625678, -1895658.9879874, -2045363.809609279, -2116188.9055203516, -2254376.8478275957, -2383145.9666081504, -2485772.151032474, -2518082.828807716, -2519788.1127680657, -2397401.2696165117, -2274065.0006282423, -1878050.9774202663, -1601989.3642090568, -923877.8431852239, -238795.28400888873, -28967.374959934827, -709650.4938368787, -1063169.824413406, -1625050.3244374245, -1719293.3428163235, -1884652.339799079, -2047634.6935171047, -2111388.8272757353, -2250649.060376351, -2379286.625495853, -2483697.2533623846, -2517264.932739558, -2518962.523384055, -2398615.201686245, -2274614.321676278, -1879939.6394646405, -1607634.7098432684, -912238.5009983671, -265369.0576769137, -10113.444711300486
34, -632026.0204978896, -1138464.3776998697, -1586871.343685861, -1707399.3970625678, -1895658.9879874, -2045363.809609279, -2116188.9055203516, -2254376.8478275957, -2383145.9666081504, -2485772.151032474, -2518082.828807716, -2519788.1127680657, -2397401.2696165117, -2274065.0006282423, -1878050.9774202663, -1601989.3642090568, -923877.8431852239, -238795.28400888873, -28967.374959934827, -709650.4938368787, -1063169.824413406, -1625050.3244374245, -1719293.3428163235, -1884652.339799079, -2047634.6935171047, -2111388.8272757353, -2250649.060376351, -2379286.625495853, -2483697.2533623846, -2517264.932739558, -2518962.523384055, -2398615.201686245, -2274614.321676278, -1879939.6394646405, -1607634.7098432684, -912238.5009983671, -265369.0576769137, -10113.444711300486
35, -632026.0456637449, -1138464.4414405993, -1586871.4292548147, -1707399.4848110839, -1895659.0774996872, -2045363.8975328042, -2116188.992067153, -2254376.9307960323, -2383146.0445868364, -2485772.2231246517, -2518082.8964774674, -2519788.1755285533, -2397401.314253062, -2274065.06391054, -1878050.8270073298, -1601989.1689824997, -923877.7807564911, -238795.28245424316, -28967.376247946802, -709650.4944324971, -1063169.8255848428, -1625050.3267787893, -1719293.3455651314, -1884652.3434859905, -2047634.698357076, -2111388.832671555, -2250649.067323805, -2379286.629734558, -2483697.2862116033, -2517264.926787347, -2518962.7373367823, -2398613.9818623723, -2274615.4334029667, -1879955.232124566, -1607641.9845002654, -912237.7160342877, -265368.8947114514, -10112.193164238022
36, -632026.9895434732, -1138467.350838637, -1586875.1402769713, -1707402.3340330836, -1895661.55202142, -2045365.7261577165, -2116190.5147946295, -2254377.824595907, -2383146.527243932, -2485772.176587809, -2518082.6276758546, -2519787.7235978097, -2397400.820041247, -2274064.7565472904, -1878050.832139234, -1601989.660960017, -923878.0778551652, -238795.4172125083, -28967.397565422012, -709645.2177834648, -1063162.0030720187, -1625038.5328882257, -1719280.95284105, -1884638.9471031544, -2047620.340422596, -2111374.1260788674, -2250633.596374651, -2379270.4899526536, -2483680.625507222, -2517248.1871549906, -2518945.974644942, -2398599.6320823506, -2274599.6411227393, -1879927.6304494455, -1607624.4819345882, -912232.7077753588, -265367.3369358022, -10113.334776410513
37, -632026.0140278072, -1138464.402836123, -1586871.3477657211, -1707399.4058967496, -1895659.0039024153, -2045363.831028082, -2116188.9298293367, -2254376.8786920067, -2383146.0055957623, -2485772.199688821, -2518082.8825818463, -2519788.1772896564, -2397401.3436225085, -2274065.078288937, -1878051.0562641786, -1601989.4390926678, -923877.8983092486, -238795.30283478508, -28967.377626012352, -709650.5010459836, -1063169.8355376108, -1625050.34200932, -1719293.3617275995, -1884652.3611996127, -2047634.7175072604, -2111388.852390082, -2250649.087829022, -2379286.6553017963, -2483697.2851491296, -2517264.965236868, -2518962.5565839447, -2398615.2337879743, -2274614.3523687297, -1879939.6652923268, -1607634.732149472, -912238.5138500789, -265369.0616320488, -10113.44498934105
38, -632026.0158583196, -1138464.3712463374, -1586871.3331760776, -1707399.3855782696, -1895658.974628557, -2045363.7944610056, -2116188.889620368, -2254376.830723526, -2383145.9487713273, -2485772.1330424226, -2518082.810951422, -2519788.095650609, -2397401.253928513, -2274064.9860198735, -1878050.9655538718, -1601989.3540869837, -923877.8374006497, -238795.28253312263, -28967.374781732517, -709650.4918452884, -1063169.822181047, -1625050.3223120386, -1719293.3411231888, -1884652.3389631077, -2047634.693422848, -2111388.8274928867, -2250649.0611661514, -2379286.626692473, -2483697.2548244013, -2517264.934236905, -2518962.5248405365, -2398615.202916778, -2274614.3227897556, -1879939.6401933262, -1607634.7104270582, -912238.5011358988, -265369.0577195388, -10113.444898959599
39, -632026.0192429258, -1138464.3720056121, -1586871.3340161196, -1707399.386681175, -1895658.976783399, -2045363.7979731588, -2116188.8936788407, -2254376.8354741684, -2383145.9535286557, -2485772.136948417, -2518082.8141223034, -2519788.096796882, -2397401.2524597244, -2274064.98312663, -1878050.9601684655, -1601989.3479557217, -923877.8315677668, -238795.28023159178, -28967.374450953306, -709650.4939616787, -1063169.8246486129, -1625050.3248188184, -1719293.3432208486, -1884652.3402864756, -2047634.6940174925, -2111388.8277986576, -2250649.060902002, -2379286.625987325, -2483697.253849672, -2517264.933156577, -2518962.523772526, -2398615.2019514637, -2274614.3219793537, -1879939.6395382672, -1607634.7100241482, -912238.5009649298, -265369.0577371834, -10113.444850927684
40, -632026.0052886802, -1138464.3322849032, -1586871.2900456688, -1707399.3464713097, -1895658.9459305853, -2045363.7777258805, -2116188.878716288, -2254376.8302131863, -2383145.956565645, -2485772.146087077, -2518082.824911378, -2519788.109342665, -2397401.2640452227, -2274064.99409817, -1878050.9681077008, -1601989.3536074697, -923877.8346086545, -238795.28107711038, -28967.3745490314, -709650.4958709322, -1063169.8270649933, -1625050.3276673153, -1719293.3458428644, -1884652.3423275826, -2047634.6955679534, -2111388.8290633075, -2250649.0617560293, -2379286.6265018405, -2483697.25419532, -2517264.9334340915, -2518962.524120166, -2398615.2023922694, -2274614.322521293, -1879939.6401425516, -1607634.7105537143, -912238.5013442179, -265369.05779765744, -10113.444612595573
41, -632138.2811406157, -1138546.9744919755, -1586950.235163154, -1707467.2007248634, -1895715.3832112409, -2045413.4141879533, -2116236.3554637516, -2254425.1853442285, -2383199.7411284307, -2485836.4887606488, -2518158.1762521164, -2519888.9586529518, -2397532.1057607774, -2274208.0127961854, -1878209.418944516, -1602149.3510576002, -924000.543051019, -238838.94007166047, -28974.05605079885, -709642.1366179184, -1063167.8481967885, -1625048.0662191822, -1719278.8169785165, -1884662.4131582028, -2047641.5743414422, -2111397.032611562, -2250662.844524271, -2379303.425783128, -2483716.6947042416, -2517285.526938218, -2518984.6205929285, -2398637.7622547694, -2274636.372512133, -1879956.0468324446, -1607652.29375729, -912248.3890813214, -265370.95671355986, -10113.903634651055
42, -632138.2811406157, -1138546.9744919755, -1586950.235163154, -1707467.2007248634, -1895715.3832112409, -2045413.4141879533, -2116236.3554637516, -2254425.1853442285, -2383199.7411284307, -2485836.4887606488, -2518158.1762521164, -2519888.9586529518, -2397532.1057607774, -2274208.0127961854, -1878209.418944516, -1602149.3510576002, -924000.543051019, -238838.94007166047, -28974.05605079885, -709642.1366179184, -1063167.8481967885, -1625048.0662191822, -1719278.8169785165, -1884662.4131582028, -2047641.5743414422, -2111397.032611562, -2250662.844524271, -2379303.425783128, -2483716.6947042416, -2517285.526938218, -2518984.6205929285, -2398637.7622547694, -2274636.372512133, -1879956.0468324446, -1607652.29375729, -912248.3890813214, -265370.95671355986, -10113.903634651055
43, -632138.3065224184, -1138547.0391069502, -1586950.3217737954, -1707467.2895099537, -1895715.473634956, -2045413.502864061, -2116236.4426915967, -2254425.2688061306, -2383199.8194813314, -2485836.561145269, -2518158.2440407546, -2519889.0215494027, -2397532.1505721314, -2274208.0764809987, -1878209.2689165, -1602149.1558363745, -924000.4806076973, -238838.93849469576, -28974.057336590515, -709642.1371812783, -1063167.8493605952, -1625048.06855437, -1719278.8197514452, -1884662.4168390427, -2047641.5791545368, -2111397.037989385, -2250662.851489923, -2379303.4300065953, -2483716.7275488623, -2517285.520992786, -2518984.8344875737, -2398636.542473236, -2274637.4842239614, -1879971.6396197383, -1607659.5684485713, -912247.604191184, -265370.79365478706, -10112.651992575338
44, -632139.1627694692, -1138550.0923132116, -1586953.7424455746, -1707470.4370382826, -1895718.0450679003, -2045415.4031063716, -2116238.0132919364, -2254426.200615119, -2383200.1576666706, -2485836.4033779996, -2518157.8953241, -2519888.4454019843, -2397531.605181955, -2274207.6091040336, -1878209.318459265, -1602149.4085867717, -924000.7880492312, -238839.0699858648, -28974.076006327818, -709636.8571747025, -1063160.0215970492, -1625036.2711564703, -1719266.4253239834, -1884649.0214794772, -2047627.223723482, -2111382.3344436795, -2250647.383694607, -2379287.292794647, -2483700.0687340037, -2517268.7827696376, -2518968.0722530843, -2398622.192357227, -2274621.691504484, -1879944.0373313297, -1607642.065823627, -912242.5952085971, -265369.23544859677, -10113.797107407067
45, -632138.274519235, -1138546.998150252, -1586950.2377273734, -1707467.2081964302, -1895715.398081366, -2045413.4349349206, -2116236.379225803, -2254425.2159369416, -2383199.780027262, -2485836.5373516874, -2518158.2300017234, -2519889.0230388623, -2397532.179488643, -2274208.0899262475, -1878209.4973547715, -1602149.4259067737, -924000.5983108926, -238838.95897885945, -28974.058727961812, -709642.1438698701, -1063167.8593340698, -1625048.0837700209, -1719278.8358676638, -1884662.4345219065, -2047641.5982769271, -2111397.057663406, -2250662.8719340004, -2379303.455507231, -2483716.726399079, -2517285.5594343087, -2518984.6536921705, -2398637.7943852185, -2274636.403195295, -1879956.0726485685, -1607652.3160733974, -912248.401916044, -265370.9606708196, -10113.903880202997
46, -632138.2765249102, -1138546.9684021599, -1586950.2250815039, -1707467.1896313194, -1895715.3701732582, -2045413.3993066112, -2116236.3397574998, -2254425.168350958, -2383199.723347393, -2485836.470783392, -2518158.158409211, -2519888.941598821, -2397532.0901939194, -2274207.998309454, -1878209.407216766, -1602149.3410420287, -924000.5372748767, -238838.93858051387, -28974.05586979918, -709642.13463783, -1063167.8459615074, -1625048.0641010776, -1719278.8153086514, -1884662.4122975832, -2047641.5742506916, -2111397.0328180334, -2250662.845321523, -2379303.426990156, -2483716.6961380085, -2517285.528425814, -2518984.622055648, -2398637.7634915854, -2274636.3736012555, -1879956.0476005191, -1607652.2943448464, -912248.3892473186, -265370.9567790857, -10113.903738184454
47, -632138.2799746965, -1138546.9678692867, -1586950.2245992492, -1707467.1896135244, -1895715.3716062447, -2045413.4024925255, -2116236.343687574, -2254425.173276722, -2383199.728424793, -2485836.474994326, -2518158.161786968, -2519888.9426632426, -2397532.0883989846, -2274207.995093637, -1878209.4017204298, -1602149.3349210704, -924000.5317103905, -238838.93641676276, -28974.055558389708, -709642.1368052445, -1063167.848448893, -1625048.0665772026, -1719278.8173727882, -1884662.4136042986, -2047641.574795405, -2111397.033107615, -2250662.8450101833, -2379303.426260807, -2483716.695177923, -2517285.527334645, -2518984.621037721, -2398637.7625442534, -2274636.3727888865, -1879956.0470237941, -1607652.2939076445, -912248.3891037686, -265370.95671413245, -10113.903804107482
48, -632138.2652594009, -1138546.9254610427, -1586950.1774230746, -1707467.1462541516, -1895715.3378761462, -2045413.379859616, -2116236.326483315, -2254425.166268229, -2383199.730113238, -2485836.4830347197, -2518158.171975118, -2519888.954678862, -2397532.0993741816, -2274208.004644532, -1878209.4081428493, -1602149.3400729788, -924000.5344690728, -238838.9372267189, -28974.055653036266, -709642.1387424929, -1063167.8508939703, -1625048.0694361813, -1719278.8200041512, -1884662.4156649946, -2047641.5763529644, -2111397.0343941133, -2250662.8458298775, -2379303.4267038973, -2483716.6954656485, -2517285.5275443955, -2518984.6212876276, -2398637.7629921944, -2274636.373283751, -1879956.0475950665, -1607652.2944563013, -912248.389487251, -265370.9568528581, -10113.903891754351
49, -632423.8391784641, -1138786.6137294162, -1587247.8580072247, -1707751.7762073826, -1895968.7869140347, -2045624.0517159156, -2116429.14489958, -2254579.644924409, -2383325.7768557025, -2485948.3482170156, -2518268.600005058, -2520009.3064603703, -2397676.7394897207, -2274371.537093452, -1878402.1192560452, -1602341.6539426006, -924158.7854603538, -238898.7483429446, -28983.439157419856, -709606.049194244, -1063132.8468472331, -1625004.411276961, -1719221.1031022938, -1884633.61190014, -2047611.327822929, -2111369.793853704, -2250644.969765544, -2379292.3542738343, -2483712.1970349057, -2517284.1751245307, -2518988.747643072, -2398646.3348416467, -2274646.3481396507, -1879963.8694961346, -1607663.5455118862, -912255.2130835666, -265372.7929112247, -10116.952680758623
50, -632205.1700133291, -1138583.4803801388, -1586997.410780589, -1707513.582204948, -1895757.7371299046, -2045448.8511498412, -2116271.8993709115, -2254455.4978740388, -2383227.6697324235, -2485864.3531430215, -2518185.1372388015, -2519919.798425943, -2397569.6417153063, -2274253.852484217, -1878264.4039707975, -1602197.0494863994, -924039.7767863091, -238854.57396920718, -28976.51382607854, -709632.7210321561, -1063157.6615103493, -1625034.1538237366, -1719261.333039552, -1884651.1889188453, -2047629.524340168, -2111385.51741805, -2250653.207769635, -2379295.1439381037, -2483709.797353639, -2517279.354523879, -2518979.9335826943, -2398634.5127836606, -2274633.759357989, -1879953.8466296769, -1607651.4716171098, -912248.0365199302, -265370.8322956067, -10114.585119864714
51, -632205.1700133291, -1138583.4803801388, -1586997.410780589, -1707513.582204948, -1895757.7371299046, -2045448.8511498412, -2116271.8993709115, -2254455.4978740388, -2383227.6697324235, -2485864.3531430215, -2518185.1372388015, -2519919.798425943, -2397569.6417153063, -2274253.852484217, -1878264.4039707975, -1602197.0494863994, -924039.7767863091, -238854.57396920718, -28976.51382607854, -709632.7210321561, -1063157.6615103493, -1625034.1538237366, -1719261.333039552, -1884651.1889188453, -2047629.524340168, -2111385.51741805, -2250653.207769635, -2379295.1439381037, -2483709.797353639, -2517279.354523879, -2518979.9335826943, -2398634.5127836606, -2274633.759357989, -1879953.8466296769, -1607651.4716171098, -912248.0365199302, -265370.8322956067, -10114.585119864714
52, -632205.1949451596, -1138583.5414999656, -1586997.4935538548, -1707513.6674305298, -1895757.8247574274, -2045448.9378428436, -2116271.985032191, -2254455.5804855227, -2383227.747733667, -2485864.4253159473, -2518185.204812346, -2519919.8607763704, -2397569.685620969, -2274253.9150735247, -1878264.2530075628, -1602196.853751291, -924039.7143269621, -238854.57250111323, -28976.515131101958, -709632.7216556346, -1063157.662712171, -1625034.156154866, -1719261.3357637841, -1884651.1925671634, -2047629.5291023548, -2111385.522775148, -2250653.2146544177, -2379295.148139459, -2483709.8301649676, -2517279.348515653, -2518980.1474988027, -2398633.293040395, -2274634.871067887, -1879969.4394648592, -1607658.7462460273, -912247.251653961, -265370.6692781645, -10113.333557119258
53, -632206.0336374019, -1138586.435204344, -1587000.740439671, -1707516.656163276, -1895760.2733758313, -2045450.7551661623, -2116273.4916952685, -2254456.481689297, -2383228.0780171803, -2485864.265504363, -2518184.8512902264, -2519919.2631669845, -2397569.101940259, -2274253.4034838807, -1878264.268842747, -1602197.087072485, -924040.0264119309, -238854.71024434594, -28976.534816067793, -709627.4441146387, -1063149.8367047445, -1625022.357896968, -1719248.939777418, -1884637.7951328345, -2047615.1716114224, -2111370.817122926, -2250637.7446277677, -2379279.008569504, -2483693.1697105677, -2517262.609468306, -2518963.386223748, -2398618.945523753, -2274619.081095701, -1879941.8390001706, -1607641.244603737, -912242.2428128787, -265369.1108231259, -10114.478853459048
54, -632205.1637975025, -1138583.5070216558, -1586997.4166320802, -1707513.59272497, -1895757.7543875691, -2045448.8735415032, -2116271.9244334195, -2254455.529179449, -2383227.7089520865, -2485864.4019730724, -2518185.1912647886, -2519919.8633642416, -2397569.716312199, -2274253.9306139145, -1878264.4832047017, -1602197.12479934, -924039.8320658299, -238854.5927920756, -28976.51648762767, -709632.7282327326, -1063157.672609216, -1625034.1713930173, -1719261.3519409155, -1884651.2103190296, -2047629.5482946567, -2111385.5424951077, -2250653.2352344953, -2379295.1737074377, -2483709.829079994, -2517279.3870290485, -2518979.9666537144, -2398634.544839411, -2274633.7899731062, -1879953.872371858, -1607651.4937905613, -912248.0494912537, -265370.83620508626, -10114.585610701688
55, -632205.165253192, -1138583.4728712938, -1586997.3991294408, -1707513.569685136, -1895757.722979433, -2045448.8354997286, -2116271.883067416, -2254455.480590334, -2383227.6518732877, -2485864.335142133, -2518185.119348449, -2519919.781167428, -2397569.625804507, -2274253.8375980537, -1878264.391954904, -1602197.0392920477, -924039.7710714847, -238854.57254507003, -28976.513655166957, -709632.7190745745, -1063157.6592906832, -1625034.1517086108, -1719261.33135763, -1884651.1880687543, -2047629.52419706, -2111385.5176308034, -2250653.2085368093, -2379295.1451367084, -2483709.7987555717, -2517279.356026696, -2518979.9349726974, -2398634.514057958, -2274633.760407524, -1879953.8473306808, -1607651.4721162634, -912248.0367151008, -265370.8323566649, -10114.58494173571
56, -632205.1688857526, -1138583.47604818, -1586997.4025827192, -1707513.573166724, -1895757.726980213, -2045448.8402390243, -2116271.888106608, -2254455.4858258367, -2383227.656762086, -2485864.3391264128, -2518185.1226661066, -2519919.7827025387, -2397569.624930899, -2274253.8353508976, -1878264.3870113655, -1602197.0334041456, -924039.7651289252, -238854.57014343387, -28976.513308676556, -709632.7211725517, -1063157.6617336515, -1625034.1542240628, -1719261.333462855, -1884651.189442556, -2047629.5248544088, -2111385.5179740386, -2250653.208284787, -2379295.144471797, -2483709.7978554475, -2517279.3548951233, -2518979.933928862, -2398634.5130622853, -2274633.7595398948, -1879953.8467320176, -1607651.4717491602, -912248.0365356512, -265370.83236980904, -10114.585425732977
57, -632205.1551503772, -1138583.4392767851, -1586997.361688829, -1707513.5357490336, -1895757.6981028626, -2045448.8212148938, -2116271.873878521, -2254455.480679288, -2383227.659494101, -2485864.347874009, -2518185.1334915333, -2519919.7957074717, -2397569.6373846717, -2274253.846775405, -1878264.3951416253, -1602197.039612919, -924039.768196343, -238854.57089100874, -28976.513386877643, -709632.723041856, -1063157.664123528, -1625034.1570865256, -1719261.3361120615, -1884651.1915369928, -2047629.5264332169, -2111385.5192864416, -2250653.209180827, -2379295.1450554486, -2483709.798130788, -2517279.355270415, -2518979.934163726, -2398634.5134151923, -2274633.7599613876, -1879953.8473256559, -1607651.4722175954, -912248.036924623, -265370.8324767635, -10114.585162681775
58, -632190.3238884546, -1138561.7548873243, -1586970.9369540345, -1707488.5383533263, -1895737.0656253905, -2045432.683631593, -2116258.0437543225, -2254446.1139070587, -2383222.3959695944, -2485862.3023202624, -2518184.2851757696, -2519920.5423161387, -2397570.524245739, -2274254.48841515, -1878263.707529776, -1602195.9991869014, -924038.4887367254, -238854.07142539427, -28976.43337137933, -709635.8847254659, -1063162.4685912812, -1625039.8779683565, -1719265.366184537, -1884658.1232432507, -2047635.5187099662, -2111391.378691377, -2250659.193807005, -2379300.895422743, -2483715.2683030344, -2517284.66971047, -2518984.8607310993, -2398638.9871339058, -2274637.932806956, -1879956.8446694938, -1607654.4353826183, -912249.6040680106, -265371.15610533475, -10114.777886955591
59, -632190.3238884546, -1138561.7548873243, -1586970.9369540345, -1707488.5383533263, -1895737.0656253905, -2045432.683631593, -2116258.0437543225, -2254446.1139070587, -2383222.3959695944, -2485862.3023202624, -2518184.2851757696, -2519920.5423161387, -2397570.524245739, -2274254.48841515, -1878263.707529776, -1602195.9991869014, -924038.4887367254, -238854.07142539427, -28976.43337137933, -709635.8847254659, -1063162.4685912812, -1625039.8779683565, -1719265.366184537, -1884658.1232432507, -2047635.5187099662, -2111391.378691377, -2250659.193807005, -2379300.895422743, -2483715.2683030344, -2517284.66971047, -2518984.8607310993, -2398638.9871339058, -2274637.932806956, -1879956.8446694938, -1607654.4353826183, -912249.6040680106, -265371.15610533475, -10114.777886955591
60, -632190.3490123985, -1138561.8157118398, -1586971.0195563068, -1707488.6235161559, -1895737.1533573002, -2045432.7705835858, -2116258.129730994, -2254446.1969277496, -2383222.4743693853, -2485862.3748089657, -2518184.352958045, -2519920.604684716, -2397570.568090109, -2274254.5510238637, -1878263.5567065994, -1602195.8036201375, -924038.4265561427, -238854.07005104987, -28976.434689032652, -709635.8853755551, -1063162.4697983305, -1625039.8802775894, -1719265.3688930934, -1884658.1268371115, -2047635.523480897, -2111391.3840101077, -2250659.200689041, -2379300.899612511, -2483715.3011160595, -2517284.6637620465, -2518985.074641375, -2398637.7674532165, -2274639.0445466554, -1879972.437452184, -1607661.7100818327, -912248.8192158026, -265370.9930178132, -10113.526413103813
61, -632191.1936961216, -1138564.6863191507, -1586974.2467385484, -1707491.5983244786, -1895739.5970066926, -2045434.591931361, -2116259.643594899, -2254447.1113858107, -2383222.8196460977, -2485862.2272304525, -2518184.007381952, -2519920.007107607, -2397569.9793677004, -2274254.037232914, -1878263.575985464, -1602196.0428934419, -924038.7498574882, -238854.21202101564, -28976.454953853896, -709630.6088415827, -1063154.6440314557, -1625028.081232206, -1719252.971789781, -1884644.7279796635, -2047621.1646592123, -2111376.67709965, -2250643.729732872, -2379284.759618218, -2483698.6408579964, -2517267.925218118, -2518968.3145515663, -2398623.4213578473, -2274623.2558896146, -1879944.8376329043, -1607644.2087495034, -912243.8102374724, -265369.4345619131, -10114.672099408766
62, -632190.3174110556, -1138561.7809694086, -1586970.9420861101, -1707488.548140136, -1895737.082200868, -2045432.7054114311, -2116258.0682711694, -2254446.1447454644, -2383222.4348239605, -2485862.350875316, -2518184.338995406, -2519920.6070965705, -2397570.5986856986, -2274254.5663186978, -1878263.7864857689, -1602196.0742405034, -924038.5437996907, -238854.0901969203, -28976.436027123505, -709635.8919342081, -1063162.4797009912, -1625039.8955431283, -1719265.385085345, -1884658.1446554512, -2047635.5426893143, -2111391.4037801097, -2250659.221259114, -2379300.9251944907, -2483715.2999973954, -2517284.702184422, -2518984.8937571575, -2398639.0192198884, -2274637.9633376584, -1879956.8704027398, -1607654.4575410795, -912249.616966388, -265371.1600368634, -10114.778158362154
63, -632190.3191062872, -1138561.7461757527, -1586970.9241154846, -1707488.524816411, -1895737.0508003896, -2045432.667647237, -2116258.027285355, -2254446.09670211, -2383222.3783170003, -2485862.284490222, -2518184.2673813514, -2519920.5249355985, -2397570.508034741, -2274254.473270559, -1878263.6953930084, -1602195.9889964736, -924038.483234304, -238854.07009489837, -28976.433214303994, -709635.882789439, -1063162.4663915215, -1625039.8758384483, -1719265.3644681266, -1884658.1223338707, -2047635.5185837173, -2111391.3788691508, -2250659.1945226775, -2379300.8966181735, -2483715.2697331575, -2517284.671234066, -2518984.862149859, -2398638.988480341, -2274637.9338882393, -1879956.8453584444, -1607654.4359688829, -912249.604253906, -265371.1561110724, -10114.778179208486
64, -632190.3229058168, -1138561.7522329232, -1586970.930527123, -1707488.530874199, -1895737.0566336554, -2045432.6734308195, -2116258.0330188633, -2254446.1020237356, -2383222.3829522324, -2485862.2882434186, -2518184.2706079753, -2519920.526790142, -2397570.5078741764, -2274254.4716956643, -1878263.6908452262, -1602195.9832438286, -924038.4769656793, -238854.06751479144, -28976.43284062727, -709635.8848395266, -1063162.4687946853, -1625039.878362195, -1719265.3666361808, -1884658.1237806252, -2047635.5192716778, -2111391.379246505, -2250659.1943989745, -2379300.8959567025, -2483715.2687847516, -2517284.670137632, -2518984.861019063, -2398638.9873484042, -2274637.9329317897, -1879956.8447292605, -1607654.4354225518, -912249.6041314565, -265371.15607787465, -10114.777740969905
65, -632190.3084997782, -1138561.7135612066, -1586970.8873272964, -1707488.4911868165, -1895737.0257129455, -2045432.6526682016, -2116258.0172264315, -2254446.0956447674, -2383222.384771724, -2485862.296315587, -2518184.280915467, -2519920.5393784903, -2397570.5198361655, -2274254.4824428447, -1878263.698197102, -1602195.9887950702, -924038.4795592753, -238854.068153937, -28976.432907556613, -709635.8866895366, -1063162.4712044604, -1625039.8812578577, -1719265.3693052847, -1884658.125881941, -2047635.520877869, -2111391.380584919, -2250659.195243551, -2379300.896513791, -2483715.269071192, -2517284.670375453, -2518984.8612640924, -2398638.98772841, -2274637.9333631983, -1879956.845226474, -1607654.4359533153, -912249.6044744253, -265371.1562437973, -10114.778080201213
