3.059999999999999942e-01
3.059999999999999942e-01
3.059999999999999942e-01
3.059999999999999942e-01
3.059999999999999942e-01
3.059999999999999942e-01
3.059999999999999942e-01
3.059999999999999942e-01
3.048571428571428821e-01
3.048571428571428821e-01
3.042857142857142705e-01
3.034285714285714364e-01
3.025714285714285467e-01
3.017142857142857126e-01
3.011428571428571566e-01
3.008571428571428785e-01
2.994285714285714328e-01
2.982857142857142652e-01
2.974285714285714310e-01
2.954285714285714293e-01
2.942857142857142616e-01
2.942857142857142616e-01
2.939999999999999836e-01
2.925714285714285934e-01
2.914285714285714257e-01
2.902857142857142581e-01
2.891428571428571459e-01
2.879999999999999782e-01
2.859999999999999765e-01
2.848571428571428643e-01
2.828571428571428625e-01
2.814285714285714168e-01
2.800000000000000266e-01
2.785714285714285809e-01
2.774285714285714133e-01
2.760000000000000231e-01
2.748571428571428554e-01
2.737142857142856878e-01
2.720000000000000195e-01
2.717142857142857415e-01
2.700000000000000178e-01
2.685714285714285721e-01
2.677142857142857379e-01
2.668571428571428483e-01
2.654285714285714026e-01
2.640000000000000124e-01
2.625714285714285667e-01
2.617142857142857326e-01
2.582857142857142851e-01
2.565714285714285614e-01
2.554285714285714493e-01
2.534285714285714475e-01
2.505714285714285561e-01
2.491428571428571381e-01
2.468571428571428583e-01
2.454285714285714404e-01
2.439999999999999947e-01
2.419999999999999929e-01
2.397142857142857131e-01
2.388571428571428512e-01
2.385714285714285732e-01
2.371428571428571552e-01
2.368571428571428494e-01
2.354285714285714315e-01
2.348571428571428477e-01
2.340000000000000135e-01
2.317142857142857060e-01
2.311428571428571499e-01
2.302857142857142880e-01
2.285714285714285643e-01
2.271428571428571463e-01
2.265714285714285625e-01
2.254285714285714226e-01
2.231428571428571428e-01
2.220000000000000029e-01
2.202857142857142791e-01
2.194285714285714173e-01
2.174285714285714155e-01
2.159999999999999976e-01
2.154285714285714415e-01
2.134285714285714397e-01
2.119999999999999940e-01
2.105714285714285761e-01
2.097142857142857142e-01
2.088571428571428523e-01
2.077142857142857124e-01
2.074285714285714344e-01
2.065714285714285725e-01
2.051428571428571546e-01
2.045714285714285707e-01
2.031428571428571528e-01
2.022857142857142909e-01
2.020000000000000129e-01
2.017142857142857071e-01
2.000000000000000111e-01
1.974285714285714255e-01
1.968571428571428694e-01
1.960000000000000075e-01
1.951428571428571457e-01
1.948571428571428676e-01
1.948571428571428676e-01
1.940000000000000058e-01
1.928571428571428659e-01
1.925714285714285601e-01
1.920000000000000040e-01
1.917142857142857260e-01
1.908571428571428641e-01
1.902857142857142803e-01
1.900000000000000022e-01
1.891428571428571404e-01
1.888571428571428623e-01
1.885714285714285843e-01
1.880000000000000004e-01
1.880000000000000004e-01
1.862857142857142767e-01
1.862857142857142767e-01
1.862857142857142767e-01
1.862857142857142767e-01
1.862857142857142767e-01
1.857142857142857206e-01
1.851428571428571368e-01
1.848571428571428588e-01
1.842857142857142749e-01
1.842857142857142749e-01
1.834285714285714408e-01
1.831428571428571350e-01
1.828571428571428570e-01
1.825714285714285789e-01
1.819999999999999951e-01
1.811428571428571332e-01
1.808571428571428552e-01
1.805714285714285772e-01
1.799999999999999933e-01
1.794285714285714373e-01
1.785714285714285754e-01
1.785714285714285754e-01
1.782857142857142974e-01
1.777142857142857135e-01
1.768571428571428517e-01
1.765714285714285736e-01
1.759999999999999898e-01
1.757142857142857117e-01
1.742857142857142938e-01
1.734285714285714319e-01
1.731428571428571539e-01
1.725714285714285701e-01
1.722857142857142920e-01
1.719999999999999862e-01
1.717142857142857082e-01
1.714285714285714302e-01
1.711428571428571521e-01
1.711428571428571521e-01
1.708571428571428463e-01
1.708571428571428463e-01
1.708571428571428463e-01
1.700000000000000122e-01
1.697142857142857064e-01
1.688571428571428445e-01
1.685714285714285665e-01
1.677142857142857046e-01
1.674285714285714266e-01
1.668571428571428705e-01
1.665714285714285647e-01
1.654285714285714248e-01
1.654285714285714248e-01
1.654285714285714248e-01
1.648571428571428688e-01
1.645714285714285630e-01
1.640000000000000069e-01
1.634285714285714231e-01
1.625714285714285612e-01
1.622857142857142831e-01
1.620000000000000051e-01
1.620000000000000051e-01
1.620000000000000051e-01
1.608571428571428652e-01
1.605714285714285594e-01
1.605714285714285594e-01
1.602857142857142814e-01
1.600000000000000033e-01
1.597142857142857253e-01
1.594285714285714195e-01
1.591428571428571415e-01
1.591428571428571415e-01
1.591428571428571415e-01
1.588571428571428634e-01
1.585714285714285576e-01
1.582857142857142796e-01
1.580000000000000016e-01
1.580000000000000016e-01
1.580000000000000016e-01
1.580000000000000016e-01
1.580000000000000016e-01
1.580000000000000016e-01
1.577142857142857235e-01
1.577142857142857235e-01
1.574285714285714177e-01
1.568571428571428616e-01
1.565714285714285836e-01
1.562857142857142778e-01
1.559999999999999998e-01
1.559999999999999998e-01
1.557142857142857217e-01
1.551428571428571379e-01
1.551428571428571379e-01
1.545714285714285818e-01
1.542857142857142760e-01
1.537142857142857200e-01
1.534285714285714419e-01
1.534285714285714419e-01
1.534285714285714419e-01
1.534285714285714419e-01
1.531428571428571361e-01
1.528571428571428581e-01
1.525714285714285801e-01
1.525714285714285801e-01
1.525714285714285801e-01
1.517142857142857182e-01
1.517142857142857182e-01
1.517142857142857182e-01
1.517142857142857182e-01
1.508571428571428563e-01
1.505714285714285783e-01
1.505714285714285783e-01
1.502857142857142725e-01
1.502857142857142725e-01
1.497142857142857164e-01
1.491428571428571326e-01
1.485714285714285765e-01
1.482857142857142985e-01
1.477142857142857146e-01
1.477142857142857146e-01
1.477142857142857146e-01
1.477142857142857146e-01
1.474285714285714366e-01
1.474285714285714366e-01
1.474285714285714366e-01
1.474285714285714366e-01
1.471428571428571308e-01
1.471428571428571308e-01
1.471428571428571308e-01
1.471428571428571308e-01
1.471428571428571308e-01
1.471428571428571308e-01
1.468571428571428528e-01
1.468571428571428528e-01
1.465714285714285747e-01
1.462857142857142967e-01
1.462857142857142967e-01
1.459999999999999909e-01
1.459999999999999909e-01
1.459999999999999909e-01
1.459999999999999909e-01
1.459999999999999909e-01
1.459999999999999909e-01
1.454285714285714348e-01
1.451428571428571290e-01
1.448571428571428510e-01
1.445714285714285730e-01
1.439999999999999891e-01
1.431428571428571550e-01
1.431428571428571550e-01
1.431428571428571550e-01
1.431428571428571550e-01
1.425714285714285712e-01
1.422857142857142931e-01
1.422857142857142931e-01
1.422857142857142931e-01
1.422857142857142931e-01
1.422857142857142931e-01
1.422857142857142931e-01
1.417142857142857093e-01
1.414285714285714313e-01
1.414285714285714313e-01
1.414285714285714313e-01
1.411428571428571532e-01
1.411428571428571532e-01
1.411428571428571532e-01
1.411428571428571532e-01
1.411428571428571532e-01
1.411428571428571532e-01
1.411428571428571532e-01
1.411428571428571532e-01
1.408571428571428474e-01
1.408571428571428474e-01
1.405714285714285694e-01
1.405714285714285694e-01
1.405714285714285694e-01
1.405714285714285694e-01
1.405714285714285694e-01
1.402857142857142914e-01
1.400000000000000133e-01
1.397142857142857075e-01
1.394285714285714295e-01
1.391428571428571515e-01
1.388571428571428457e-01
1.388571428571428457e-01
1.388571428571428457e-01
1.385714285714285676e-01
1.385714285714285676e-01
1.385714285714285676e-01
1.382857142857142896e-01
1.380000000000000115e-01
1.380000000000000115e-01
1.377142857142857058e-01
1.377142857142857058e-01
1.377142857142857058e-01
1.377142857142857058e-01
1.377142857142857058e-01
1.377142857142857058e-01
1.374285714285714277e-01
1.371428571428571497e-01
1.371428571428571497e-01
1.368571428571428439e-01
1.368571428571428439e-01
1.365714285714285658e-01
1.362857142857142878e-01
1.362857142857142878e-01
1.362857142857142878e-01
1.362857142857142878e-01
1.362857142857142878e-01
1.360000000000000098e-01
1.357142857142857040e-01
1.357142857142857040e-01
1.354285714285714259e-01
1.354285714285714259e-01
1.354285714285714259e-01
1.354285714285714259e-01
1.354285714285714259e-01
1.351428571428571479e-01
1.351428571428571479e-01
1.351428571428571479e-01
1.351428571428571479e-01
1.351428571428571479e-01
1.345714285714285641e-01
1.342857142857142860e-01
1.342857142857142860e-01
1.342857142857142860e-01
1.342857142857142860e-01
1.342857142857142860e-01
1.334285714285714242e-01
1.334285714285714242e-01
1.331428571428571461e-01
1.331428571428571461e-01
1.328571428571428681e-01
1.322857142857142843e-01
1.322857142857142843e-01
1.322857142857142843e-01
1.322857142857142843e-01
1.322857142857142843e-01
1.317142857142857004e-01
1.317142857142857004e-01
1.314285714285714224e-01
1.314285714285714224e-01
1.314285714285714224e-01
1.311428571428571443e-01
1.311428571428571443e-01
1.311428571428571443e-01
1.308571428571428663e-01
1.305714285714285605e-01
1.302857142857142825e-01
1.302857142857142825e-01
1.300000000000000044e-01
1.297142857142857264e-01
1.294285714285714206e-01
1.294285714285714206e-01
1.294285714285714206e-01
1.294285714285714206e-01
1.294285714285714206e-01
1.291428571428571426e-01
1.291428571428571426e-01
1.288571428571428645e-01
1.288571428571428645e-01
1.288571428571428645e-01
1.288571428571428645e-01
1.288571428571428645e-01
1.288571428571428645e-01
1.288571428571428645e-01
1.288571428571428645e-01
1.288571428571428645e-01
1.288571428571428645e-01
1.288571428571428645e-01
1.285714285714285587e-01
1.285714285714285587e-01
1.285714285714285587e-01
1.285714285714285587e-01
1.285714285714285587e-01
1.285714285714285587e-01
1.285714285714285587e-01
1.285714285714285587e-01
1.277142857142857246e-01
1.277142857142857246e-01
1.274285714285714188e-01
1.274285714285714188e-01
1.274285714285714188e-01
1.274285714285714188e-01
1.274285714285714188e-01
1.274285714285714188e-01
1.271428571428571408e-01
1.271428571428571408e-01
1.271428571428571408e-01
1.268571428571428628e-01
1.268571428571428628e-01
1.268571428571428628e-01
1.268571428571428628e-01
1.268571428571428628e-01
1.268571428571428628e-01
1.268571428571428628e-01
1.268571428571428628e-01
1.268571428571428628e-01
1.265714285714285847e-01
1.265714285714285847e-01
1.262857142857142789e-01
1.262857142857142789e-01
1.262857142857142789e-01
1.262857142857142789e-01
1.262857142857142789e-01
1.260000000000000009e-01
1.260000000000000009e-01
1.257142857142857229e-01
1.257142857142857229e-01
1.254285714285714171e-01
1.254285714285714171e-01
1.248571428571428610e-01
1.248571428571428610e-01
1.248571428571428610e-01
1.248571428571428610e-01
1.248571428571428610e-01
1.248571428571428610e-01
1.248571428571428610e-01
1.248571428571428610e-01
1.248571428571428610e-01
1.248571428571428610e-01
1.248571428571428610e-01
1.248571428571428610e-01
1.245714285714285691e-01
1.245714285714285691e-01
1.245714285714285691e-01
1.245714285714285691e-01
1.242857142857142910e-01
1.239999999999999991e-01
1.237142857142857211e-01
1.237142857142857211e-01
1.237142857142857211e-01
1.237142857142857211e-01
1.234285714285714292e-01
1.234285714285714292e-01
1.234285714285714292e-01
1.231428571428571372e-01
1.231428571428571372e-01
1.231428571428571372e-01
1.231428571428571372e-01
1.228571428571428592e-01
1.228571428571428592e-01
1.228571428571428592e-01
1.228571428571428592e-01
1.228571428571428592e-01
1.228571428571428592e-01
1.225714285714285673e-01
1.225714285714285673e-01
1.225714285714285673e-01
1.225714285714285673e-01
1.225714285714285673e-01
1.222857142857142893e-01
1.222857142857142893e-01
1.219999999999999973e-01
1.219999999999999973e-01
1.219999999999999973e-01
1.219999999999999973e-01
1.219999999999999973e-01
1.219999999999999973e-01
1.219999999999999973e-01
1.219999999999999973e-01
1.217142857142857193e-01
1.217142857142857193e-01
1.217142857142857193e-01
1.217142857142857193e-01
1.217142857142857193e-01
1.214285714285714274e-01
1.214285714285714274e-01
1.214285714285714274e-01
1.214285714285714274e-01
1.214285714285714274e-01
1.214285714285714274e-01
1.214285714285714274e-01
1.214285714285714274e-01
1.214285714285714274e-01
1.214285714285714274e-01
1.214285714285714274e-01
1.211428571428571493e-01
1.211428571428571493e-01
1.211428571428571493e-01
1.211428571428571493e-01
1.208571428571428574e-01
1.205714285714285655e-01
1.202857142857142875e-01
1.202857142857142875e-01
1.202857142857142875e-01
1.202857142857142875e-01
1.202857142857142875e-01
1.199999999999999956e-01
1.197142857142857175e-01
1.194285714285714256e-01
1.194285714285714256e-01
1.194285714285714256e-01
1.194285714285714256e-01
1.194285714285714256e-01
1.191428571428571476e-01
1.191428571428571476e-01
1.191428571428571476e-01
1.191428571428571476e-01
1.191428571428571476e-01
1.191428571428571476e-01
1.191428571428571476e-01
1.191428571428571476e-01
1.188571428571428557e-01
1.185714285714285776e-01
1.185714285714285776e-01
1.182857142857142857e-01
1.182857142857142857e-01
1.182857142857142857e-01
1.182857142857142857e-01
1.182857142857142857e-01
1.182857142857142857e-01
1.182857142857142857e-01
1.179999999999999938e-01
1.179999999999999938e-01
1.179999999999999938e-01
1.179999999999999938e-01
1.179999999999999938e-01
1.179999999999999938e-01
1.179999999999999938e-01
1.177142857142857157e-01
1.174285714285714238e-01
1.174285714285714238e-01
1.171428571428571458e-01
1.171428571428571458e-01
1.171428571428571458e-01
1.171428571428571458e-01
1.171428571428571458e-01
1.171428571428571458e-01
1.171428571428571458e-01
1.171428571428571458e-01
1.171428571428571458e-01
1.171428571428571458e-01
1.171428571428571458e-01
1.171428571428571458e-01
1.168571428571428539e-01
1.165714285714285758e-01
1.165714285714285758e-01
1.162857142857142839e-01
1.160000000000000059e-01
1.160000000000000059e-01
1.160000000000000059e-01
1.160000000000000059e-01
1.160000000000000059e-01
1.160000000000000059e-01
1.160000000000000059e-01
1.160000000000000059e-01
1.160000000000000059e-01
1.160000000000000059e-01
1.160000000000000059e-01
1.160000000000000059e-01
1.160000000000000059e-01
1.160000000000000059e-01
1.160000000000000059e-01
1.160000000000000059e-01
1.160000000000000059e-01
1.160000000000000059e-01
1.160000000000000059e-01
1.160000000000000059e-01
1.160000000000000059e-01
1.160000000000000059e-01
1.160000000000000059e-01
1.160000000000000059e-01
1.154285714285714221e-01
1.154285714285714221e-01
1.154285714285714221e-01
1.154285714285714221e-01
1.154285714285714221e-01
1.154285714285714221e-01
1.154285714285714221e-01
1.151428571428571440e-01
1.151428571428571440e-01
1.151428571428571440e-01
1.151428571428571440e-01
1.151428571428571440e-01
1.148571428571428521e-01
1.148571428571428521e-01
1.148571428571428521e-01
1.148571428571428521e-01
1.148571428571428521e-01
1.145714285714285741e-01
1.145714285714285741e-01
1.142857142857142821e-01
1.142857142857142821e-01
1.140000000000000041e-01
1.140000000000000041e-01
1.140000000000000041e-01
1.140000000000000041e-01
1.140000000000000041e-01
1.140000000000000041e-01
1.140000000000000041e-01
1.140000000000000041e-01
1.140000000000000041e-01
1.140000000000000041e-01
1.140000000000000041e-01
1.134285714285714342e-01
1.134285714285714342e-01
1.134285714285714342e-01
1.134285714285714342e-01
1.131428571428571422e-01
1.131428571428571422e-01
1.131428571428571422e-01
1.131428571428571422e-01
1.131428571428571422e-01
1.131428571428571422e-01
1.128571428571428503e-01
1.128571428571428503e-01
1.128571428571428503e-01
1.128571428571428503e-01
1.128571428571428503e-01
1.125714285714285723e-01
1.122857142857142804e-01
1.122857142857142804e-01
1.120000000000000023e-01
1.120000000000000023e-01
1.117142857142857104e-01
1.117142857142857104e-01
1.117142857142857104e-01
1.117142857142857104e-01
1.117142857142857104e-01
1.117142857142857104e-01
1.111428571428571405e-01
1.102857142857142925e-01
1.102857142857142925e-01
1.102857142857142925e-01
1.102857142857142925e-01
1.102857142857142925e-01
1.102857142857142925e-01
1.102857142857142925e-01
1.102857142857142925e-01
1.102857142857142925e-01
1.100000000000000006e-01
1.100000000000000006e-01
1.100000000000000006e-01
1.094285714285714306e-01
1.094285714285714306e-01
1.094285714285714306e-01
1.094285714285714306e-01
1.094285714285714306e-01
1.094285714285714306e-01
1.091428571428571387e-01
1.091428571428571387e-01
1.091428571428571387e-01
1.091428571428571387e-01
1.091428571428571387e-01
1.091428571428571387e-01
1.091428571428571387e-01
1.091428571428571387e-01
1.091428571428571387e-01
1.091428571428571387e-01
1.091428571428571387e-01
1.091428571428571387e-01
1.088571428571428606e-01
1.088571428571428606e-01
1.088571428571428606e-01
1.088571428571428606e-01
1.088571428571428606e-01
1.088571428571428606e-01
1.088571428571428606e-01
1.088571428571428606e-01
1.088571428571428606e-01
1.085714285714285687e-01
1.082857142857142907e-01
1.082857142857142907e-01
1.082857142857142907e-01
1.082857142857142907e-01
1.082857142857142907e-01
1.082857142857142907e-01
1.082857142857142907e-01
1.079999999999999988e-01
1.079999999999999988e-01
1.079999999999999988e-01
1.079999999999999988e-01
1.077142857142857207e-01
1.074285714285714288e-01
1.074285714285714288e-01
1.074285714285714288e-01
1.074285714285714288e-01
1.074285714285714288e-01
1.074285714285714288e-01
1.074285714285714288e-01
1.071428571428571369e-01
1.071428571428571369e-01
1.071428571428571369e-01
1.071428571428571369e-01
1.071428571428571369e-01
1.068571428571428589e-01
1.068571428571428589e-01
1.068571428571428589e-01
1.068571428571428589e-01
1.068571428571428589e-01
1.068571428571428589e-01
1.068571428571428589e-01
1.068571428571428589e-01
1.068571428571428589e-01
1.068571428571428589e-01
1.068571428571428589e-01
1.068571428571428589e-01
1.068571428571428589e-01
1.065714285714285670e-01
1.065714285714285670e-01
1.065714285714285670e-01
1.065714285714285670e-01
1.065714285714285670e-01
1.065714285714285670e-01
1.065714285714285670e-01
1.065714285714285670e-01
1.065714285714285670e-01
1.065714285714285670e-01
1.065714285714285670e-01
1.065714285714285670e-01
1.065714285714285670e-01
1.065714285714285670e-01
1.065714285714285670e-01
1.065714285714285670e-01
1.062857142857142889e-01
1.062857142857142889e-01
1.059999999999999970e-01
1.059999999999999970e-01
1.059999999999999970e-01
1.059999999999999970e-01
1.059999999999999970e-01
1.059999999999999970e-01
1.059999999999999970e-01
1.059999999999999970e-01
1.059999999999999970e-01
1.059999999999999970e-01
1.059999999999999970e-01
1.059999999999999970e-01
1.054285714285714270e-01
1.054285714285714270e-01
1.054285714285714270e-01
1.054285714285714270e-01
1.054285714285714270e-01
1.054285714285714270e-01
1.054285714285714270e-01
1.054285714285714270e-01
1.054285714285714270e-01
1.051428571428571490e-01
1.051428571428571490e-01
1.051428571428571490e-01
1.051428571428571490e-01
1.051428571428571490e-01
1.051428571428571490e-01
1.051428571428571490e-01
1.051428571428571490e-01
1.051428571428571490e-01
1.051428571428571490e-01
1.051428571428571490e-01
1.051428571428571490e-01
1.051428571428571490e-01
1.051428571428571490e-01
1.051428571428571490e-01
1.048571428571428571e-01
1.048571428571428571e-01
1.045714285714285652e-01
1.042857142857142871e-01
1.042857142857142871e-01
1.042857142857142871e-01
1.042857142857142871e-01
1.042857142857142871e-01
1.039999999999999952e-01
1.037142857142857172e-01
1.037142857142857172e-01
1.037142857142857172e-01
1.034285714285714253e-01
1.034285714285714253e-01
1.034285714285714253e-01
1.034285714285714253e-01
1.034285714285714253e-01
1.034285714285714253e-01
1.031428571428571472e-01
1.031428571428571472e-01
1.031428571428571472e-01
1.031428571428571472e-01
1.028571428571428553e-01
1.028571428571428553e-01
1.028571428571428553e-01
1.028571428571428553e-01
1.028571428571428553e-01
1.028571428571428553e-01
1.028571428571428553e-01
1.028571428571428553e-01
1.025714285714285773e-01
1.025714285714285773e-01
1.025714285714285773e-01
1.025714285714285773e-01
1.025714285714285773e-01
1.025714285714285773e-01
1.025714285714285773e-01
1.025714285714285773e-01
1.022857142857142854e-01
1.022857142857142854e-01
1.022857142857142854e-01
1.022857142857142854e-01
1.022857142857142854e-01
1.022857142857142854e-01
1.019999999999999934e-01
1.019999999999999934e-01
1.019999999999999934e-01
1.017142857142857154e-01
1.014285714285714235e-01
1.014285714285714235e-01
1.014285714285714235e-01
1.014285714285714235e-01
1.014285714285714235e-01
1.014285714285714235e-01
1.014285714285714235e-01
1.014285714285714235e-01
1.014285714285714235e-01
1.014285714285714235e-01
1.014285714285714235e-01
1.014285714285714235e-01
1.014285714285714235e-01
1.014285714285714235e-01
1.014285714285714235e-01
1.014285714285714235e-01
1.014285714285714235e-01
1.014285714285714235e-01
1.014285714285714235e-01
1.014285714285714235e-01
1.011428571428571455e-01
1.011428571428571455e-01
1.008571428571428535e-01
1.008571428571428535e-01
1.008571428571428535e-01
1.008571428571428535e-01
1.008571428571428535e-01
1.008571428571428535e-01
1.008571428571428535e-01
1.008571428571428535e-01
1.008571428571428535e-01
1.008571428571428535e-01
1.005714285714285755e-01
1.005714285714285755e-01
1.005714285714285755e-01
1.005714285714285755e-01
1.005714285714285755e-01
1.005714285714285755e-01
1.002857142857142836e-01
1.002857142857142836e-01
1.002857142857142836e-01
1.002857142857142836e-01
1.002857142857142836e-01
1.002857142857142836e-01
1.000000000000000056e-01
1.000000000000000056e-01
1.000000000000000056e-01
1.000000000000000056e-01
1.000000000000000056e-01
1.000000000000000056e-01
1.000000000000000056e-01
1.000000000000000056e-01
1.000000000000000056e-01
1.000000000000000056e-01
1.000000000000000056e-01
9.971428571428571364e-02
9.942857142857142172e-02
9.942857142857142172e-02
9.914285714285714368e-02
9.914285714285714368e-02
9.914285714285714368e-02
9.914285714285714368e-02
9.914285714285714368e-02
9.885714285714285177e-02
9.885714285714285177e-02
9.885714285714285177e-02
9.885714285714285177e-02
9.885714285714285177e-02
9.885714285714285177e-02
9.885714285714285177e-02
9.857142857142857373e-02
9.857142857142857373e-02
9.857142857142857373e-02
9.857142857142857373e-02
9.857142857142857373e-02
9.857142857142857373e-02
9.857142857142857373e-02
9.828571428571428181e-02
9.828571428571428181e-02
9.828571428571428181e-02
9.828571428571428181e-02
9.828571428571428181e-02
9.828571428571428181e-02
9.828571428571428181e-02
9.828571428571428181e-02
9.828571428571428181e-02
9.828571428571428181e-02
9.828571428571428181e-02
9.828571428571428181e-02
9.828571428571428181e-02
9.828571428571428181e-02
9.800000000000000377e-02
9.800000000000000377e-02
9.800000000000000377e-02
9.800000000000000377e-02
9.800000000000000377e-02
9.800000000000000377e-02
9.800000000000000377e-02
9.800000000000000377e-02
9.800000000000000377e-02
9.800000000000000377e-02
9.800000000000000377e-02
9.800000000000000377e-02
9.800000000000000377e-02
9.800000000000000377e-02
9.771428571428571186e-02
9.771428571428571186e-02
9.771428571428571186e-02
9.771428571428571186e-02
9.771428571428571186e-02
9.714285714285714191e-02
9.714285714285714191e-02
9.714285714285714191e-02
9.714285714285714191e-02
9.685714285714286387e-02
9.685714285714286387e-02
9.685714285714286387e-02
9.685714285714286387e-02
9.685714285714286387e-02
9.685714285714286387e-02
9.685714285714286387e-02
9.685714285714286387e-02
9.685714285714286387e-02
9.685714285714286387e-02
9.685714285714286387e-02
9.685714285714286387e-02
9.685714285714286387e-02
9.685714285714286387e-02
9.685714285714286387e-02
9.685714285714286387e-02
9.685714285714286387e-02
9.685714285714286387e-02
9.657142857142857195e-02
9.657142857142857195e-02
9.657142857142857195e-02
9.657142857142857195e-02
9.657142857142857195e-02
9.628571428571428004e-02
9.628571428571428004e-02
9.628571428571428004e-02
9.628571428571428004e-02
9.628571428571428004e-02
9.628571428571428004e-02
9.628571428571428004e-02
9.628571428571428004e-02
9.628571428571428004e-02
9.628571428571428004e-02
9.628571428571428004e-02
9.628571428571428004e-02
9.600000000000000200e-02
9.600000000000000200e-02
9.542857142857143204e-02
9.514285714285714013e-02
9.514285714285714013e-02
9.514285714285714013e-02
9.514285714285714013e-02
9.514285714285714013e-02
9.514285714285714013e-02
9.514285714285714013e-02
9.514285714285714013e-02
9.514285714285714013e-02
9.514285714285714013e-02
9.514285714285714013e-02
9.514285714285714013e-02
9.514285714285714013e-02
9.514285714285714013e-02
9.514285714285714013e-02
9.514285714285714013e-02
9.514285714285714013e-02
9.514285714285714013e-02
9.514285714285714013e-02
9.514285714285714013e-02
9.514285714285714013e-02
9.485714285714286209e-02
9.485714285714286209e-02
9.485714285714286209e-02
9.485714285714286209e-02
9.485714285714286209e-02
9.485714285714286209e-02
9.485714285714286209e-02
9.485714285714286209e-02
9.485714285714286209e-02
9.485714285714286209e-02
9.485714285714286209e-02
9.457142857142857018e-02
9.457142857142857018e-02
9.457142857142857018e-02
9.457142857142857018e-02
9.457142857142857018e-02
9.457142857142857018e-02
9.457142857142857018e-02
9.457142857142857018e-02
9.457142857142857018e-02
9.457142857142857018e-02
9.457142857142857018e-02
9.457142857142857018e-02
9.457142857142857018e-02
9.428571428571429214e-02
9.428571428571429214e-02
9.428571428571429214e-02
9.428571428571429214e-02
9.428571428571429214e-02
9.428571428571429214e-02
9.428571428571429214e-02
9.428571428571429214e-02
9.428571428571429214e-02
9.400000000000000022e-02
9.400000000000000022e-02
9.400000000000000022e-02
9.400000000000000022e-02
9.400000000000000022e-02
9.400000000000000022e-02
9.371428571428570831e-02
9.371428571428570831e-02
9.371428571428570831e-02
9.371428571428570831e-02
9.342857142857143027e-02
9.342857142857143027e-02
9.314285714285713835e-02
9.314285714285713835e-02
9.314285714285713835e-02
9.314285714285713835e-02
9.314285714285713835e-02
9.314285714285713835e-02
9.314285714285713835e-02
9.314285714285713835e-02
9.314285714285713835e-02
9.314285714285713835e-02
9.314285714285713835e-02
9.314285714285713835e-02
9.314285714285713835e-02
9.314285714285713835e-02
9.314285714285713835e-02
9.314285714285713835e-02
9.285714285714286031e-02
9.285714285714286031e-02
9.285714285714286031e-02
9.285714285714286031e-02
9.285714285714286031e-02
9.285714285714286031e-02
9.285714285714286031e-02
9.285714285714286031e-02
9.285714285714286031e-02
9.285714285714286031e-02
9.285714285714286031e-02
9.285714285714286031e-02
9.285714285714286031e-02
9.285714285714286031e-02
9.257142857142856840e-02
9.257142857142856840e-02
9.257142857142856840e-02
9.257142857142856840e-02
9.257142857142856840e-02
9.257142857142856840e-02
9.257142857142856840e-02
9.257142857142856840e-02
9.228571428571429036e-02
9.228571428571429036e-02
9.199999999999999845e-02
9.199999999999999845e-02
9.199999999999999845e-02
9.199999999999999845e-02
9.199999999999999845e-02
9.199999999999999845e-02
9.199999999999999845e-02
9.199999999999999845e-02
9.199999999999999845e-02
9.199999999999999845e-02
9.199999999999999845e-02
9.199999999999999845e-02
9.199999999999999845e-02
9.199999999999999845e-02
9.199999999999999845e-02
9.199999999999999845e-02
9.171428571428572041e-02
9.171428571428572041e-02
9.171428571428572041e-02
9.171428571428572041e-02
9.142857142857142849e-02
9.114285714285713658e-02
9.114285714285713658e-02
9.085714285714285854e-02
9.085714285714285854e-02
9.085714285714285854e-02
9.085714285714285854e-02
9.085714285714285854e-02
9.057142857142856662e-02
9.057142857142856662e-02
9.057142857142856662e-02
9.057142857142856662e-02
9.057142857142856662e-02
9.028571428571428859e-02
9.028571428571428859e-02
9.028571428571428859e-02
9.028571428571428859e-02
9.028571428571428859e-02
9.028571428571428859e-02
8.999999999999999667e-02
8.999999999999999667e-02
8.999999999999999667e-02
8.999999999999999667e-02
8.999999999999999667e-02
8.999999999999999667e-02
8.971428571428571863e-02
8.971428571428571863e-02
8.971428571428571863e-02
8.971428571428571863e-02
8.971428571428571863e-02
8.971428571428571863e-02
8.971428571428571863e-02
8.971428571428571863e-02
8.971428571428571863e-02
8.971428571428571863e-02
8.971428571428571863e-02
8.971428571428571863e-02
8.942857142857142672e-02
8.942857142857142672e-02
8.942857142857142672e-02
8.942857142857142672e-02
8.942857142857142672e-02
8.942857142857142672e-02
8.942857142857142672e-02
8.942857142857142672e-02
8.942857142857142672e-02
8.914285714285714868e-02
8.914285714285714868e-02
8.914285714285714868e-02
8.914285714285714868e-02
8.914285714285714868e-02
8.914285714285714868e-02
8.914285714285714868e-02
8.914285714285714868e-02
8.914285714285714868e-02
8.914285714285714868e-02
8.914285714285714868e-02
8.914285714285714868e-02
8.914285714285714868e-02
8.914285714285714868e-02
8.914285714285714868e-02
8.914285714285714868e-02
8.914285714285714868e-02
8.914285714285714868e-02
8.914285714285714868e-02
8.914285714285714868e-02
8.914285714285714868e-02
8.914285714285714868e-02
8.914285714285714868e-02
8.914285714285714868e-02
8.914285714285714868e-02
8.914285714285714868e-02
8.914285714285714868e-02
8.914285714285714868e-02
8.914285714285714868e-02
8.914285714285714868e-02
8.914285714285714868e-02
8.914285714285714868e-02
8.914285714285714868e-02
8.914285714285714868e-02
8.914285714285714868e-02
8.914285714285714868e-02
8.914285714285714868e-02
8.914285714285714868e-02
8.914285714285714868e-02
8.914285714285714868e-02
8.885714285714285676e-02
8.885714285714285676e-02
8.885714285714285676e-02
8.885714285714285676e-02
8.885714285714285676e-02
8.857142857142856485e-02
8.857142857142856485e-02
8.857142857142856485e-02
8.857142857142856485e-02
8.857142857142856485e-02
8.857142857142856485e-02
8.857142857142856485e-02
8.857142857142856485e-02
8.828571428571428681e-02
8.828571428571428681e-02
8.828571428571428681e-02
8.828571428571428681e-02
8.828571428571428681e-02
8.828571428571428681e-02
8.828571428571428681e-02
8.828571428571428681e-02
8.828571428571428681e-02
8.828571428571428681e-02
8.828571428571428681e-02
8.799999999999999489e-02
8.799999999999999489e-02
8.799999999999999489e-02
8.799999999999999489e-02
8.799999999999999489e-02
8.799999999999999489e-02
8.799999999999999489e-02
8.799999999999999489e-02
8.799999999999999489e-02
8.799999999999999489e-02
8.799999999999999489e-02
8.799999999999999489e-02
8.799999999999999489e-02
8.799999999999999489e-02
8.799999999999999489e-02
8.799999999999999489e-02
8.799999999999999489e-02
8.799999999999999489e-02
8.799999999999999489e-02
8.799999999999999489e-02
8.799999999999999489e-02
8.799999999999999489e-02
8.799999999999999489e-02
8.799999999999999489e-02
8.799999999999999489e-02
8.799999999999999489e-02
8.799999999999999489e-02
8.799999999999999489e-02
8.799999999999999489e-02
8.799999999999999489e-02
8.799999999999999489e-02
8.799999999999999489e-02
8.799999999999999489e-02
8.799999999999999489e-02
8.799999999999999489e-02
8.771428571428571686e-02
8.771428571428571686e-02
8.771428571428571686e-02
8.742857142857142494e-02
8.742857142857142494e-02
8.742857142857142494e-02
8.742857142857142494e-02
8.742857142857142494e-02
8.742857142857142494e-02
8.742857142857142494e-02
8.742857142857142494e-02
8.742857142857142494e-02
8.742857142857142494e-02
8.742857142857142494e-02
8.742857142857142494e-02
8.742857142857142494e-02
8.714285714285714690e-02
8.714285714285714690e-02
8.714285714285714690e-02
8.714285714285714690e-02
8.714285714285714690e-02
8.714285714285714690e-02
8.714285714285714690e-02
8.714285714285714690e-02
8.714285714285714690e-02
8.714285714285714690e-02
8.714285714285714690e-02
8.714285714285714690e-02
8.714285714285714690e-02
8.714285714285714690e-02
8.714285714285714690e-02
8.685714285714285499e-02
8.685714285714285499e-02
8.685714285714285499e-02
8.685714285714285499e-02
8.685714285714285499e-02
8.685714285714285499e-02
8.685714285714285499e-02
8.685714285714285499e-02
8.685714285714285499e-02
8.685714285714285499e-02
8.685714285714285499e-02
8.628571428571428503e-02
8.628571428571428503e-02
8.628571428571428503e-02
8.628571428571428503e-02
8.628571428571428503e-02
8.628571428571428503e-02
8.628571428571428503e-02
8.599999999999999312e-02
8.599999999999999312e-02
8.599999999999999312e-02
8.571428571428571508e-02
8.571428571428571508e-02
8.571428571428571508e-02
8.571428571428571508e-02
8.571428571428571508e-02
8.571428571428571508e-02
8.571428571428571508e-02
8.571428571428571508e-02
8.571428571428571508e-02
8.571428571428571508e-02
8.571428571428571508e-02
8.571428571428571508e-02
8.571428571428571508e-02
8.542857142857142316e-02
8.542857142857142316e-02
8.542857142857142316e-02
8.542857142857142316e-02
8.542857142857142316e-02
8.514285714285714513e-02
8.514285714285714513e-02
8.514285714285714513e-02
8.485714285714285321e-02
8.485714285714285321e-02
8.485714285714285321e-02
8.485714285714285321e-02
8.485714285714285321e-02
8.485714285714285321e-02
8.485714285714285321e-02
8.485714285714285321e-02
8.485714285714285321e-02
8.485714285714285321e-02
8.485714285714285321e-02
8.485714285714285321e-02
8.485714285714285321e-02
8.485714285714285321e-02
8.485714285714285321e-02
8.485714285714285321e-02
8.485714285714285321e-02
8.485714285714285321e-02
8.485714285714285321e-02
8.485714285714285321e-02
8.485714285714285321e-02
8.485714285714285321e-02
8.485714285714285321e-02
8.485714285714285321e-02
8.485714285714285321e-02
8.485714285714285321e-02
8.485714285714285321e-02
8.485714285714285321e-02
8.485714285714285321e-02
8.485714285714285321e-02
8.485714285714285321e-02
8.485714285714285321e-02
8.485714285714285321e-02
8.485714285714285321e-02
8.485714285714285321e-02
8.457142857142857517e-02
8.457142857142857517e-02
8.457142857142857517e-02
8.457142857142857517e-02
8.457142857142857517e-02
8.428571428571428326e-02
8.428571428571428326e-02
8.428571428571428326e-02
8.428571428571428326e-02
8.428571428571428326e-02
8.428571428571428326e-02
8.428571428571428326e-02
8.428571428571428326e-02
8.428571428571428326e-02
8.428571428571428326e-02
8.428571428571428326e-02
8.428571428571428326e-02
8.428571428571428326e-02
8.428571428571428326e-02
8.428571428571428326e-02
8.428571428571428326e-02
8.428571428571428326e-02
8.428571428571428326e-02
8.428571428571428326e-02
8.428571428571428326e-02
8.428571428571428326e-02
8.428571428571428326e-02
8.428571428571428326e-02
8.428571428571428326e-02
8.400000000000000522e-02
8.400000000000000522e-02
8.400000000000000522e-02
8.371428571428571330e-02
8.371428571428571330e-02
8.342857142857143526e-02
8.342857142857143526e-02
8.342857142857143526e-02
8.342857142857143526e-02
8.342857142857143526e-02
8.342857142857143526e-02
8.314285714285714335e-02
8.314285714285714335e-02
8.314285714285714335e-02
8.314285714285714335e-02
8.314285714285714335e-02
8.314285714285714335e-02
8.314285714285714335e-02
8.314285714285714335e-02
8.314285714285714335e-02
8.314285714285714335e-02
8.314285714285714335e-02
8.285714285714285143e-02
8.285714285714285143e-02
8.285714285714285143e-02
8.285714285714285143e-02
8.285714285714285143e-02
8.285714285714285143e-02
8.285714285714285143e-02
8.285714285714285143e-02
8.285714285714285143e-02
8.285714285714285143e-02
8.285714285714285143e-02
8.285714285714285143e-02
8.285714285714285143e-02
8.285714285714285143e-02
8.285714285714285143e-02
8.285714285714285143e-02
8.285714285714285143e-02
8.285714285714285143e-02
8.285714285714285143e-02
8.285714285714285143e-02
8.285714285714285143e-02
8.285714285714285143e-02
8.285714285714285143e-02
8.285714285714285143e-02
8.285714285714285143e-02
8.285714285714285143e-02
8.285714285714285143e-02
8.285714285714285143e-02
8.285714285714285143e-02
8.285714285714285143e-02
8.285714285714285143e-02
8.285714285714285143e-02
8.285714285714285143e-02
8.285714285714285143e-02
8.285714285714285143e-02
8.257142857142857340e-02
8.257142857142857340e-02
8.257142857142857340e-02
8.257142857142857340e-02
8.257142857142857340e-02
8.257142857142857340e-02
8.257142857142857340e-02
8.257142857142857340e-02
8.257142857142857340e-02
8.228571428571428148e-02
8.228571428571428148e-02
8.228571428571428148e-02
8.228571428571428148e-02
8.200000000000000344e-02
8.171428571428571153e-02
8.171428571428571153e-02
8.171428571428571153e-02
8.171428571428571153e-02
8.171428571428571153e-02
8.171428571428571153e-02
8.171428571428571153e-02
8.142857142857143349e-02
8.142857142857143349e-02
8.142857142857143349e-02
8.142857142857143349e-02
8.142857142857143349e-02
8.142857142857143349e-02
8.142857142857143349e-02
8.142857142857143349e-02
8.142857142857143349e-02
8.142857142857143349e-02
8.142857142857143349e-02
8.142857142857143349e-02
8.142857142857143349e-02
8.142857142857143349e-02
8.142857142857143349e-02
8.142857142857143349e-02
8.114285714285714157e-02
8.114285714285714157e-02
8.114285714285714157e-02
8.114285714285714157e-02
8.114285714285714157e-02
8.114285714285714157e-02
8.114285714285714157e-02
8.114285714285714157e-02
8.085714285714286353e-02
8.085714285714286353e-02
8.085714285714286353e-02
8.057142857142857162e-02
8.057142857142857162e-02
8.057142857142857162e-02
8.057142857142857162e-02
8.057142857142857162e-02
8.057142857142857162e-02
8.057142857142857162e-02
8.057142857142857162e-02
8.057142857142857162e-02
8.057142857142857162e-02
8.057142857142857162e-02
8.057142857142857162e-02
8.057142857142857162e-02
8.057142857142857162e-02
8.057142857142857162e-02
8.057142857142857162e-02
8.057142857142857162e-02
8.057142857142857162e-02
8.057142857142857162e-02
8.057142857142857162e-02
8.057142857142857162e-02
8.057142857142857162e-02
8.057142857142857162e-02
8.057142857142857162e-02
8.057142857142857162e-02
8.057142857142857162e-02
8.057142857142857162e-02
8.057142857142857162e-02
8.057142857142857162e-02
8.057142857142857162e-02
8.057142857142857162e-02
8.057142857142857162e-02
8.028571428571427970e-02
8.028571428571427970e-02
8.028571428571427970e-02
8.028571428571427970e-02
8.028571428571427970e-02
8.028571428571427970e-02
8.028571428571427970e-02
8.028571428571427970e-02
8.028571428571427970e-02
8.028571428571427970e-02
8.028571428571427970e-02
8.028571428571427970e-02
8.028571428571427970e-02
8.028571428571427970e-02
8.028571428571427970e-02
8.028571428571427970e-02
8.000000000000000167e-02
8.000000000000000167e-02
8.000000000000000167e-02
7.971428571428570975e-02
7.971428571428570975e-02
7.971428571428570975e-02
7.971428571428570975e-02
7.971428571428570975e-02
7.971428571428570975e-02
7.971428571428570975e-02
7.971428571428570975e-02
7.971428571428570975e-02
7.971428571428570975e-02
7.971428571428570975e-02
7.971428571428570975e-02
7.971428571428570975e-02
7.971428571428570975e-02
7.971428571428570975e-02
7.971428571428570975e-02
7.971428571428570975e-02
7.971428571428570975e-02
7.971428571428570975e-02
7.971428571428570975e-02
7.971428571428570975e-02
7.971428571428570975e-02
7.971428571428570975e-02
7.971428571428570975e-02
7.971428571428570975e-02
7.971428571428570975e-02
7.971428571428570975e-02
7.971428571428570975e-02
7.971428571428570975e-02
7.971428571428570975e-02
7.971428571428570975e-02
7.971428571428570975e-02
7.971428571428570975e-02
7.971428571428570975e-02
7.971428571428570975e-02
7.971428571428570975e-02
7.971428571428570975e-02
7.971428571428570975e-02
7.971428571428570975e-02
7.971428571428570975e-02
7.971428571428570975e-02
7.971428571428570975e-02
7.971428571428570975e-02
7.971428571428570975e-02
7.942857142857143171e-02
7.942857142857143171e-02
7.942857142857143171e-02
7.942857142857143171e-02
7.942857142857143171e-02
7.942857142857143171e-02
7.942857142857143171e-02
7.942857142857143171e-02
7.942857142857143171e-02
7.914285714285713980e-02
7.914285714285713980e-02
7.914285714285713980e-02
7.914285714285713980e-02
7.914285714285713980e-02
7.914285714285713980e-02
7.914285714285713980e-02
7.914285714285713980e-02
7.914285714285713980e-02
7.914285714285713980e-02
7.914285714285713980e-02
7.885714285714286176e-02
7.885714285714286176e-02
7.885714285714286176e-02
7.885714285714286176e-02
7.885714285714286176e-02
7.885714285714286176e-02
7.885714285714286176e-02
7.885714285714286176e-02
7.885714285714286176e-02
7.885714285714286176e-02
7.885714285714286176e-02
7.885714285714286176e-02
7.885714285714286176e-02
7.885714285714286176e-02
7.885714285714286176e-02
7.885714285714286176e-02
7.885714285714286176e-02
7.885714285714286176e-02
7.885714285714286176e-02
7.885714285714286176e-02
7.885714285714286176e-02
7.885714285714286176e-02
7.885714285714286176e-02
7.885714285714286176e-02
7.885714285714286176e-02
7.885714285714286176e-02
7.885714285714286176e-02
7.885714285714286176e-02
7.885714285714286176e-02
7.885714285714286176e-02
7.885714285714286176e-02
7.885714285714286176e-02
7.885714285714286176e-02
7.885714285714286176e-02
7.885714285714286176e-02
7.885714285714286176e-02
7.885714285714286176e-02
7.885714285714286176e-02
7.885714285714286176e-02
7.885714285714286176e-02
7.885714285714286176e-02
7.885714285714286176e-02
7.885714285714286176e-02
7.885714285714286176e-02
7.885714285714286176e-02
7.857142857142856984e-02
7.857142857142856984e-02
7.857142857142856984e-02
7.828571428571429180e-02
7.828571428571429180e-02
7.828571428571429180e-02
7.828571428571429180e-02
7.799999999999999989e-02
7.799999999999999989e-02
7.799999999999999989e-02
7.799999999999999989e-02
7.799999999999999989e-02
7.799999999999999989e-02
7.799999999999999989e-02
7.799999999999999989e-02
7.799999999999999989e-02
7.799999999999999989e-02
7.799999999999999989e-02
7.799999999999999989e-02
7.799999999999999989e-02
7.799999999999999989e-02
7.799999999999999989e-02
7.799999999999999989e-02
7.799999999999999989e-02
7.799999999999999989e-02
7.799999999999999989e-02
7.799999999999999989e-02
7.799999999999999989e-02
7.799999999999999989e-02
7.799999999999999989e-02
7.799999999999999989e-02
7.799999999999999989e-02
7.799999999999999989e-02
7.799999999999999989e-02
7.799999999999999989e-02
7.799999999999999989e-02
7.799999999999999989e-02
7.799999999999999989e-02
7.799999999999999989e-02
7.799999999999999989e-02
7.799999999999999989e-02
7.799999999999999989e-02
7.771428571428570797e-02
7.771428571428570797e-02
7.771428571428570797e-02
7.771428571428570797e-02
7.771428571428570797e-02
7.771428571428570797e-02
7.771428571428570797e-02
7.771428571428570797e-02
7.771428571428570797e-02
7.771428571428570797e-02
7.771428571428570797e-02
7.771428571428570797e-02
7.771428571428570797e-02
7.742857142857142994e-02
7.742857142857142994e-02
7.714285714285713802e-02
7.714285714285713802e-02
7.714285714285713802e-02
7.714285714285713802e-02
7.714285714285713802e-02
7.714285714285713802e-02
7.714285714285713802e-02
7.714285714285713802e-02
7.714285714285713802e-02
7.714285714285713802e-02
7.714285714285713802e-02
7.714285714285713802e-02
7.714285714285713802e-02
7.714285714285713802e-02
7.714285714285713802e-02
7.714285714285713802e-02
7.714285714285713802e-02
7.714285714285713802e-02
7.714285714285713802e-02
7.714285714285713802e-02
7.714285714285713802e-02
7.714285714285713802e-02
7.714285714285713802e-02
7.714285714285713802e-02
7.714285714285713802e-02
7.714285714285713802e-02
7.714285714285713802e-02
7.714285714285713802e-02
7.714285714285713802e-02
7.714285714285713802e-02
7.714285714285713802e-02
7.714285714285713802e-02
7.714285714285713802e-02
7.714285714285713802e-02
7.685714285714285998e-02
7.685714285714285998e-02
7.685714285714285998e-02
7.685714285714285998e-02
7.685714285714285998e-02
7.657142857142856807e-02
7.657142857142856807e-02
7.628571428571429003e-02
7.628571428571429003e-02
7.628571428571429003e-02
7.628571428571429003e-02
7.628571428571429003e-02
7.628571428571429003e-02
7.628571428571429003e-02
7.628571428571429003e-02
7.628571428571429003e-02
7.628571428571429003e-02
7.628571428571429003e-02
7.628571428571429003e-02
7.628571428571429003e-02
7.628571428571429003e-02
7.628571428571429003e-02
7.628571428571429003e-02
7.599999999999999811e-02
7.599999999999999811e-02
7.599999999999999811e-02
7.599999999999999811e-02
7.599999999999999811e-02
7.599999999999999811e-02
7.599999999999999811e-02
7.599999999999999811e-02
7.571428571428572007e-02
7.571428571428572007e-02
7.571428571428572007e-02
7.571428571428572007e-02
7.542857142857142816e-02
7.542857142857142816e-02
7.542857142857142816e-02
7.542857142857142816e-02
7.542857142857142816e-02
7.542857142857142816e-02
7.542857142857142816e-02
7.542857142857142816e-02
7.542857142857142816e-02
7.542857142857142816e-02
7.514285714285713624e-02
7.514285714285713624e-02
7.514285714285713624e-02
7.514285714285713624e-02
7.514285714285713624e-02
7.514285714285713624e-02
7.485714285714285821e-02
7.485714285714285821e-02
7.485714285714285821e-02
7.485714285714285821e-02
7.485714285714285821e-02
7.485714285714285821e-02
7.485714285714285821e-02
7.485714285714285821e-02
7.485714285714285821e-02
7.485714285714285821e-02
7.485714285714285821e-02
7.485714285714285821e-02
7.485714285714285821e-02
7.485714285714285821e-02
7.485714285714285821e-02
7.485714285714285821e-02
7.485714285714285821e-02
7.485714285714285821e-02
7.485714285714285821e-02
7.485714285714285821e-02
7.485714285714285821e-02
7.485714285714285821e-02
7.485714285714285821e-02
7.485714285714285821e-02
7.485714285714285821e-02
7.485714285714285821e-02
7.485714285714285821e-02
7.485714285714285821e-02
7.485714285714285821e-02
7.485714285714285821e-02
7.485714285714285821e-02
7.485714285714285821e-02
7.485714285714285821e-02
7.485714285714285821e-02
7.485714285714285821e-02
7.485714285714285821e-02
7.485714285714285821e-02
7.485714285714285821e-02
7.485714285714285821e-02
7.485714285714285821e-02
7.485714285714285821e-02
7.485714285714285821e-02
7.485714285714285821e-02
7.485714285714285821e-02
7.485714285714285821e-02
7.485714285714285821e-02
7.485714285714285821e-02
7.485714285714285821e-02
7.485714285714285821e-02
7.485714285714285821e-02
7.485714285714285821e-02
7.485714285714285821e-02
7.485714285714285821e-02
7.485714285714285821e-02
7.485714285714285821e-02
7.485714285714285821e-02
7.485714285714285821e-02
7.485714285714285821e-02
7.485714285714285821e-02
7.485714285714285821e-02
7.485714285714285821e-02
7.485714285714285821e-02
7.485714285714285821e-02
7.485714285714285821e-02
7.485714285714285821e-02
7.485714285714285821e-02
7.485714285714285821e-02
7.485714285714285821e-02
7.485714285714285821e-02
7.457142857142856629e-02
7.457142857142856629e-02
7.457142857142856629e-02
7.457142857142856629e-02
7.457142857142856629e-02
7.428571428571428825e-02
7.428571428571428825e-02
7.428571428571428825e-02
7.428571428571428825e-02
7.428571428571428825e-02
7.399999999999999634e-02
7.399999999999999634e-02
7.399999999999999634e-02
7.399999999999999634e-02
7.399999999999999634e-02
7.399999999999999634e-02
7.399999999999999634e-02
7.399999999999999634e-02
7.399999999999999634e-02
7.371428571428571830e-02
7.371428571428571830e-02
7.371428571428571830e-02
7.342857142857142638e-02
7.342857142857142638e-02
7.342857142857142638e-02
7.342857142857142638e-02
7.342857142857142638e-02
7.342857142857142638e-02
7.342857142857142638e-02
7.342857142857142638e-02
7.342857142857142638e-02
7.342857142857142638e-02
7.342857142857142638e-02
7.342857142857142638e-02
7.342857142857142638e-02
7.342857142857142638e-02
7.342857142857142638e-02
7.342857142857142638e-02
7.342857142857142638e-02
7.342857142857142638e-02
7.342857142857142638e-02
7.342857142857142638e-02
7.342857142857142638e-02
7.342857142857142638e-02
7.342857142857142638e-02
7.342857142857142638e-02
7.342857142857142638e-02
7.314285714285714834e-02
7.314285714285714834e-02
7.285714285714285643e-02
7.285714285714285643e-02
7.285714285714285643e-02
7.285714285714285643e-02
7.285714285714285643e-02
7.285714285714285643e-02
7.285714285714285643e-02
7.257142857142856451e-02
7.257142857142856451e-02
7.257142857142856451e-02
7.257142857142856451e-02
7.257142857142856451e-02
7.257142857142856451e-02
7.228571428571428648e-02
7.228571428571428648e-02
7.228571428571428648e-02
7.228571428571428648e-02
7.228571428571428648e-02
7.228571428571428648e-02
7.228571428571428648e-02
7.228571428571428648e-02
7.228571428571428648e-02
7.228571428571428648e-02
7.228571428571428648e-02
7.228571428571428648e-02
7.228571428571428648e-02
7.228571428571428648e-02
7.228571428571428648e-02
7.228571428571428648e-02
7.228571428571428648e-02
7.228571428571428648e-02
7.228571428571428648e-02
7.228571428571428648e-02
7.228571428571428648e-02
7.228571428571428648e-02
7.228571428571428648e-02
7.228571428571428648e-02
7.228571428571428648e-02
7.228571428571428648e-02
7.228571428571428648e-02
7.228571428571428648e-02
7.228571428571428648e-02
7.228571428571428648e-02
7.228571428571428648e-02
7.228571428571428648e-02
7.228571428571428648e-02
7.228571428571428648e-02
7.228571428571428648e-02
7.228571428571428648e-02
7.228571428571428648e-02
7.228571428571428648e-02
7.228571428571428648e-02
7.228571428571428648e-02
7.228571428571428648e-02
7.228571428571428648e-02
7.228571428571428648e-02
7.228571428571428648e-02
7.228571428571428648e-02
7.228571428571428648e-02
7.199999999999999456e-02
7.199999999999999456e-02
7.199999999999999456e-02
7.199999999999999456e-02
7.171428571428571652e-02
7.171428571428571652e-02
7.171428571428571652e-02
7.171428571428571652e-02
7.171428571428571652e-02
7.171428571428571652e-02
7.171428571428571652e-02
7.171428571428571652e-02
7.171428571428571652e-02
7.171428571428571652e-02
7.171428571428571652e-02
7.171428571428571652e-02
7.171428571428571652e-02
7.142857142857142461e-02
7.114285714285714657e-02
7.114285714285714657e-02
7.114285714285714657e-02
7.114285714285714657e-02
7.114285714285714657e-02
7.114285714285714657e-02
7.114285714285714657e-02
7.114285714285714657e-02
7.114285714285714657e-02
7.114285714285714657e-02
7.114285714285714657e-02
7.114285714285714657e-02
7.114285714285714657e-02
7.114285714285714657e-02
7.114285714285714657e-02
7.114285714285714657e-02
7.114285714285714657e-02
7.114285714285714657e-02
7.085714285714285465e-02
7.085714285714285465e-02
7.085714285714285465e-02
7.085714285714285465e-02
7.085714285714285465e-02
7.085714285714285465e-02
7.085714285714285465e-02
