periods   2 
begin filament 
mirror NIL 
  1.410259162227521E+00   4.991174048967814E-01   1.122493461265658E-01   1.000000000000000E+05
  1.411423146523946E+00   4.986222683132188E-01   1.095847146156491E-01   1.000000000000000E+05
  1.412754712716096E+00   4.981140852588929E-01   1.066797156773949E-01   1.000000000000000E+05
  1.414566517166088E+00   4.973440879971763E-01   1.027204354446191E-01   1.000000000000000E+05
  1.417076474088266E+00   4.959570848708396E-01   9.688342274062962E-02   1.000000000000000E+05
  1.420384996059950E+00   4.935095744667181E-01   8.837798854579754E-02   1.000000000000000E+05
  1.424458039178068E+00   4.894954268569871E-01   7.648847274785008E-02   1.000000000000000E+05
  1.429117317819175E+00   4.833775958947874E-01   6.061415189732509E-02   1.000000000000000E+05
  1.434038656305582E+00   4.746238987226763E-01   4.030453197745774E-02   1.000000000000000E+05
  1.438758972287312E+00   4.627445978409866E-01   1.528797650261237E-02   1.000000000000000E+05
  1.442691868298844E+00   4.473293679026766E-01  -1.450804741402028E-02   1.000000000000000E+05
  1.445151276304628E+00   4.280812346203856E-01  -4.894638210168904E-02   1.000000000000000E+05
  1.445382089138693E+00   4.048452369723800E-01  -8.768000541467563E-02   1.000000000000000E+05
  1.442596255830963E+00   3.776298758572928E-01  -1.301624483728570E-01   1.000000000000000E+05
  1.436012445172450E+00   3.466198521543138E-01  -1.756683894033687E-01   1.000000000000000E+05
  1.424897118760456E+00   3.121791359498468E-01  -2.233234343856943E-01   1.000000000000000E+05
  1.408604719699389E+00   2.748440110681643E-01  -2.721415684127967E-01   1.000000000000000E+05
  1.386614686598603E+00   2.353063653770828E-01  -3.210683263723984E-01   1.000000000000000E+05
  1.358563146193125E+00   1.943881064944831E-01  -3.690274020305630E-01   1.000000000000000E+05
  1.324267414514688E+00   1.530081346076153E-01  -4.149682194213818E-01   1.000000000000000E+05
  1.283741830169917E+00   1.121437631655421E-01  -4.579119381239636E-01   1.000000000000000E+05
  1.237203930434814E+00   7.278881456988298E-02  -4.969934587239070E-01   1.000000000000000E+05
  1.185070531907268E+00   3.591081031424229E-02  -5.314972306447923E-01   1.000000000000000E+05
  1.127943858482737E+00   2.409711640594368E-03  -5.608850271405691E-01   1.000000000000000E+05
  1.066588434472825E+00  -2.691945355108787E-02  -5.848143193337330E-01   1.000000000000000E+05
  1.001899994063830E+00  -5.141800987571878E-02  -6.031464241790672E-01   1.000000000000000E+05
  9.348681168650255E-01  -7.058742888566591E-02  -6.159441869986904E-01   1.000000000000000E+05
  8.665346545860760E-01  -8.410432609054751E-02  -6.234595522031215E-01   1.000000000000000E+05
  7.979502440201044E-01  -9.182605351759687E-02  -6.261119402303238E-01   1.000000000000000E+05
  7.301312925666638E-01  -9.378687564944474E-02  -6.244588509120566E-01   1.000000000000000E+05
  6.640197694328587E-01  -9.018530107580676E-02  -6.191605239011910E-01   1.000000000000000E+05
  6.004479424897010E-01  -8.136367773667587E-02  -6.109407819532543E-01   1.000000000000000E+05
  5.401098804949788E-01  -6.778161138636013E-02  -6.005463466687231E-01   1.000000000000000E+05
  4.835411139848068E-01  -4.998510610714302E-02  -5.887069410564250E-01   1.000000000000000E+05
  4.311073431530296E-01  -2.857353155650077E-02  -5.760983800207874E-01   1.000000000000000E+05
  3.830025298379339E-01  -4.166582665155641E-03  -5.633106082391305E-01   1.000000000000000E+05
  3.392561483379180E-01   2.262668775371531E-02  -5.508222923690934E-01   1.000000000000000E+05
  2.997488315726922E-01   5.123490602879024E-02  -5.389831352293933E-01   1.000000000000000E+05
  2.642351685566678E-01   8.114596972054196E-02  -5.280045826367457E-01   1.000000000000000E+05
  2.323720156322509E-01   1.119221171150849E-01  -5.179590711106087E-01   1.000000000000000E+05
  2.037504008383700E-01   1.432078953906996E-01  -5.087874497596171E-01   1.000000000000000E+05
  1.779289441528513E-01   1.747309738332672E-01  -5.003137342111432E-01   1.000000000000000E+05
  1.544666937455910E-01   2.062962625882006E-01  -4.922659430662287E-01   1.000000000000000E+05
  1.329533886221566E-01   2.377742646535117E-01  -4.843014516528507E-01   1.000000000000000E+05
  1.130353913294709E-01   2.690849770102960E-01  -4.760350909490766E-01   1.000000000000000E+05
  9.443587309181324E-02   3.001789398007444E-01  -4.670681311551992E-01   1.000000000000000E+05
  7.696825362006374E-02   3.310171919040462E-01  -4.570163213043454E-01   1.000000000000000E+05
  6.054236977434461E-02   3.615519177112000E-01  -4.455353024623833E-01   1.000000000000000E+05
  4.516333925443362E-02   3.917094635095745E-01  -4.323419591630017E-01   1.000000000000000E+05
  3.092356481673825E-02   4.213771722807050E-01  -4.172306022228596E-01   1.000000000000000E+05
  1.798875991386785E-02   4.503951512325769E-01  -4.000832616888667E-01   1.000000000000000E+05
  6.579240399309112E-03   4.785536727257753E-01  -3.808737840593019E-01   1.000000000000000E+05
 -3.052003354375371E-03   5.055964475824509E-01  -3.596658446406131E-01   1.000000000000000E+05
 -1.064277954939268E-02   5.312295344804339E-01  -3.366053763135120E-01   1.000000000000000E+05
 -1.594499649592316E-02   5.551351953740418E-01  -3.119082551016046E-01   1.000000000000000E+05
 -1.874615089080888E-02   5.769896080254587E-01  -2.858443500562317E-01   1.000000000000000E+05
 -1.888754560355004E-02   5.964830320089961E-01  -2.587192249553228E-01   1.000000000000000E+05
 -1.627805820267038E-02   6.133408169763211E-01  -2.308548634774833E-01   1.000000000000000E+05
 -1.090263249444207E-02   6.273435567039860E-01  -2.025707760418808E-01   1.000000000000000E+05
 -2.825062992815793E-03   6.383447357266274E-01  -1.741667403913176E-01   1.000000000000000E+05
  7.814942115665427E-03   6.462843840817457E-01  -1.459082404991274E-01   1.000000000000000E+05
  2.081002954757978E-02   6.511975376314230E-01  -1.180154160640887E-01   1.000000000000000E+05
  3.589804576119857E-02   6.532166761272588E-01  -9.065603827732435E-02   1.000000000000000E+05
  5.277840109124511E-02   6.525677514280563E-01  -6.394270968475065E-02   1.000000000000000E+05
  7.113067773119142E-02   6.495598920323127E-01  -3.793417053781008E-02   1.000000000000000E+05
  9.063408418582823E-02   6.445693427950815E-01  -1.264030374419448E-02   1.000000000000000E+05
  1.109863397245219E-01   6.380186357594614E-01   1.196981447818605E-02   1.000000000000000E+05
  1.319206550069386E-01   6.303523572772953E-01   3.595765473864487E-02   1.000000000000000E+05
  1.532196511409923E-01   6.220111505947588E-01   5.940371300256296E-02   1.000000000000000E+05
  1.747253141993096E-01   6.134057511297611E-01   8.239570838131359E-02   1.000000000000000E+05
  1.963443955685463E-01   6.048928812873361E-01   1.050174371347882E-01   1.000000000000000E+05
  2.180490165228095E-01   5.967547295131664E-01   1.273391051791131E-01   1.000000000000000E+05
  2.398725921357121E-01   5.891835104669518E-01   1.494097876247356E-01   1.000000000000000E+05
  2.619015289518908E-01   5.822722648356472E-01   1.712524468245469E-01   1.000000000000000E+05
  2.842634483228627E-01   5.760126315354974E-01   1.928616988343447E-01   1.000000000000000E+05
  3.071129220205253E-01   5.702998414075546E-01   2.142042722599532E-01   1.000000000000000E+05
  3.306158626409567E-01   5.649446738716704E-01   2.352218732355569E-01   1.000000000000000E+05
  3.549337783867401E-01   5.596916222111262E-01   2.558359741245539E-01   1.000000000000000E+05
  3.802090767265620E-01   5.542420644959173E-01   2.759538967704226E-01   1.000000000000000E+05
  4.065524876750906E-01   5.482808678411283E-01   2.954754748489381E-01   1.000000000000000E+05
  4.340334850238317E-01   5.415045906106052E-01   3.142995601482200E-01   1.000000000000000E+05
  4.626743285060780E-01   5.336493099095615E-01   3.323296850274070E-01   1.000000000000000E+05
  4.924480518218478E-01   5.245161011535190E-01   3.494783029986188E-01   1.000000000000000E+05
  5.232804038839111E-01   5.139923340216704E-01   3.656691913901057E-01   1.000000000000000E+05
  5.550554380168895E-01   5.020672163864853E-01   3.808378001552936E-01   1.000000000000000E+05
  5.876241600158064E-01   4.888403973853150E-01   3.949295517141428E-01   1.000000000000000E+05
  6.208154124734949E-01   4.745229071979968E-01   4.078963190848663E-01   1.000000000000000E+05
  6.544480072124360E-01   4.594302325889440E-01   4.196915140431516E-01   1.000000000000000E+05
  6.883430323734402E-01   4.439678680506358E-01   4.302643854501574E-01   1.000000000000000E+05
  7.223352619527315E-01   4.286102050255887E-01   4.395542447489175E-01   1.000000000000000E+05
  7.562826829786317E-01   4.138740897531858E-01   4.474853894380707E-01   1.000000000000000E+05
  7.900733221520906E-01   4.002887608872905E-01   4.539634795208969E-01   1.000000000000000E+05
  8.236287866605513E-01   3.883641441062705E-01   4.588740354562788E-01   1.000000000000000E+05
  8.569042149351082E-01   3.785596131957331E-01   4.620835736818066E-01   1.000000000000000E+05
  8.898846405195572E-01   3.712553153802471E-01   4.634436874807739E-01   1.000000000000000E+05
  9.225780819777650E-01   3.667280027731180E-01   4.627981317680597E-01   1.000000000000000E+05
  9.550059595441819E-01   3.651330214419116E-01   4.599926989774147E-01   1.000000000000000E+05
  9.871916821420377E-01   3.664937038525901E-01   4.548874007610962E-01   1.000000000000000E+05
  1.019148426757430E+00   3.706989165496376E-01   4.473702186402977E-01   1.000000000000000E+05
  1.050867230950689E+00   3.775089663020600E-01   4.373714772615251E-01   1.000000000000000E+05
  1.082306529346718E+00   3.865695020221485E-01   4.248777452959554E-01   1.000000000000000E+05
  1.113384183713130E+00   3.974325053857584E-01   4.099440961433960E-01   1.000000000000000E+05
  1.143972888024331E+00   4.095829778302143E-01   3.927035732182444E-01   1.000000000000000E+05
  1.173899585686159E+00   4.224695392006715E-01   3.733728064375058E-01   1.000000000000000E+05
  1.202949232759302E+00   4.355368812764893E-01   3.522529148576808E-01   1.000000000000000E+05
  1.230872900250568E+00   4.482578871240745E-01   3.297250959901005E-01   1.000000000000000E+05
  1.257399855282210E+00   4.601632445741632E-01   3.062406299116300E-01   1.000000000000000E+05
  1.282252921633151E+00   4.708665487595523E-01   2.823053955113369E-01   1.000000000000000E+05
  1.305166120788136E+00   4.800831939660359E-01   2.584593828836058E-01   1.000000000000000E+05
  1.325903358928108E+00   4.876417788586485E-01   2.352520635822280E-01   1.000000000000000E+05
  1.344276772861341E+00   4.934872630242375E-01   2.132148223508206E-01   1.000000000000000E+05
  1.360163292763136E+00   4.976756819714753E-01   1.928319346517568E-01   1.000000000000000E+05
  1.373518029093295E+00   5.003608135305432E-01   1.745117717008529E-01   1.000000000000000E+05
  1.384383245162576E+00   5.017737509395946E-01   1.585600115472116E-01   1.000000000000000E+05
  1.392891927977057E+00   5.021968381351936E-01   1.451566200155404E-01   1.000000000000000E+05
  1.399265303526728E+00   5.019338262692286E-01   1.343382352155650E-01   1.000000000000000E+05
  1.403804037684643E+00   5.012783890755539E-01   1.259873476127034E-01   1.000000000000000E+05
  1.406873294532269E+00   5.004832686059544E-01   1.198293257220580E-01   1.000000000000000E+05
  1.408882261224570E+00   4.997323020102893E-01   1.154379137297824E-01   1.000000000000000E+05
  1.410259162227521E+00   4.991174048967815E-01   1.122493461265658E-01   1.000000000000000E+05
  1.410259162227521E+00   4.991174048967814E-01   1.122493461265658E-01   0.000000000000000E+00 1 CurveXYZFourier1 
  1.410259162227521E+00  -4.991174048967814E-01  -1.122493461265658E-01  -1.000000000000000E+05
  1.411423146523946E+00  -4.986222683132188E-01  -1.095847146156491E-01  -1.000000000000000E+05
  1.412754712716096E+00  -4.981140852588929E-01  -1.066797156773949E-01  -1.000000000000000E+05
  1.414566517166088E+00  -4.973440879971763E-01  -1.027204354446191E-01  -1.000000000000000E+05
  1.417076474088266E+00  -4.959570848708396E-01  -9.688342274062962E-02  -1.000000000000000E+05
  1.420384996059950E+00  -4.935095744667181E-01  -8.837798854579754E-02  -1.000000000000000E+05
  1.424458039178068E+00  -4.894954268569871E-01  -7.648847274785008E-02  -1.000000000000000E+05
  1.429117317819175E+00  -4.833775958947874E-01  -6.061415189732509E-02  -1.000000000000000E+05
  1.434038656305582E+00  -4.746238987226763E-01  -4.030453197745774E-02  -1.000000000000000E+05
  1.438758972287312E+00  -4.627445978409866E-01  -1.528797650261237E-02  -1.000000000000000E+05
  1.442691868298844E+00  -4.473293679026766E-01   1.450804741402028E-02  -1.000000000000000E+05
  1.445151276304628E+00  -4.280812346203856E-01   4.894638210168904E-02  -1.000000000000000E+05
  1.445382089138693E+00  -4.048452369723800E-01   8.768000541467563E-02  -1.000000000000000E+05
  1.442596255830963E+00  -3.776298758572928E-01   1.301624483728570E-01  -1.000000000000000E+05
  1.436012445172450E+00  -3.466198521543138E-01   1.756683894033687E-01  -1.000000000000000E+05
  1.424897118760456E+00  -3.121791359498468E-01   2.233234343856943E-01  -1.000000000000000E+05
  1.408604719699389E+00  -2.748440110681643E-01   2.721415684127967E-01  -1.000000000000000E+05
  1.386614686598603E+00  -2.353063653770828E-01   3.210683263723984E-01  -1.000000000000000E+05
  1.358563146193125E+00  -1.943881064944831E-01   3.690274020305630E-01  -1.000000000000000E+05
  1.324267414514688E+00  -1.530081346076153E-01   4.149682194213818E-01  -1.000000000000000E+05
  1.283741830169917E+00  -1.121437631655421E-01   4.579119381239636E-01  -1.000000000000000E+05
  1.237203930434814E+00  -7.278881456988298E-02   4.969934587239070E-01  -1.000000000000000E+05
  1.185070531907268E+00  -3.591081031424229E-02   5.314972306447923E-01  -1.000000000000000E+05
  1.127943858482737E+00  -2.409711640594368E-03   5.608850271405691E-01  -1.000000000000000E+05
  1.066588434472825E+00   2.691945355108787E-02   5.848143193337330E-01  -1.000000000000000E+05
  1.001899994063830E+00   5.141800987571878E-02   6.031464241790672E-01  -1.000000000000000E+05
  9.348681168650255E-01   7.058742888566591E-02   6.159441869986904E-01  -1.000000000000000E+05
  8.665346545860760E-01   8.410432609054751E-02   6.234595522031215E-01  -1.000000000000000E+05
  7.979502440201044E-01   9.182605351759687E-02   6.261119402303238E-01  -1.000000000000000E+05
  7.301312925666638E-01   9.378687564944474E-02   6.244588509120566E-01  -1.000000000000000E+05
  6.640197694328587E-01   9.018530107580676E-02   6.191605239011910E-01  -1.000000000000000E+05
  6.004479424897010E-01   8.136367773667587E-02   6.109407819532543E-01  -1.000000000000000E+05
  5.401098804949788E-01   6.778161138636013E-02   6.005463466687231E-01  -1.000000000000000E+05
  4.835411139848068E-01   4.998510610714302E-02   5.887069410564250E-01  -1.000000000000000E+05
  4.311073431530296E-01   2.857353155650077E-02   5.760983800207874E-01  -1.000000000000000E+05
  3.830025298379339E-01   4.166582665155641E-03   5.633106082391305E-01  -1.000000000000000E+05
  3.392561483379180E-01  -2.262668775371531E-02   5.508222923690934E-01  -1.000000000000000E+05
  2.997488315726922E-01  -5.123490602879024E-02   5.389831352293933E-01  -1.000000000000000E+05
  2.642351685566678E-01  -8.114596972054196E-02   5.280045826367457E-01  -1.000000000000000E+05
  2.323720156322509E-01  -1.119221171150849E-01   5.179590711106087E-01  -1.000000000000000E+05
  2.037504008383700E-01  -1.432078953906996E-01   5.087874497596171E-01  -1.000000000000000E+05
  1.779289441528513E-01  -1.747309738332672E-01   5.003137342111432E-01  -1.000000000000000E+05
  1.544666937455910E-01  -2.062962625882006E-01   4.922659430662287E-01  -1.000000000000000E+05
  1.329533886221566E-01  -2.377742646535117E-01   4.843014516528507E-01  -1.000000000000000E+05
  1.130353913294709E-01  -2.690849770102960E-01   4.760350909490766E-01  -1.000000000000000E+05
  9.443587309181324E-02  -3.001789398007444E-01   4.670681311551992E-01  -1.000000000000000E+05
  7.696825362006374E-02  -3.310171919040462E-01   4.570163213043454E-01  -1.000000000000000E+05
  6.054236977434461E-02  -3.615519177112000E-01   4.455353024623833E-01  -1.000000000000000E+05
  4.516333925443362E-02  -3.917094635095745E-01   4.323419591630017E-01  -1.000000000000000E+05
  3.092356481673825E-02  -4.213771722807050E-01   4.172306022228596E-01  -1.000000000000000E+05
  1.798875991386785E-02  -4.503951512325769E-01   4.000832616888667E-01  -1.000000000000000E+05
  6.579240399309112E-03  -4.785536727257753E-01   3.808737840593019E-01  -1.000000000000000E+05
 -3.052003354375371E-03  -5.055964475824509E-01   3.596658446406131E-01  -1.000000000000000E+05
 -1.064277954939268E-02  -5.312295344804339E-01   3.366053763135120E-01  -1.000000000000000E+05
 -1.594499649592316E-02  -5.551351953740418E-01   3.119082551016046E-01  -1.000000000000000E+05
 -1.874615089080888E-02  -5.769896080254587E-01   2.858443500562317E-01  -1.000000000000000E+05
 -1.888754560355004E-02  -5.964830320089961E-01   2.587192249553228E-01  -1.000000000000000E+05
 -1.627805820267038E-02  -6.133408169763211E-01   2.308548634774833E-01  -1.000000000000000E+05
 -1.090263249444207E-02  -6.273435567039860E-01   2.025707760418808E-01  -1.000000000000000E+05
 -2.825062992815793E-03  -6.383447357266274E-01   1.741667403913176E-01  -1.000000000000000E+05
  7.814942115665427E-03  -6.462843840817457E-01   1.459082404991274E-01  -1.000000000000000E+05
  2.081002954757978E-02  -6.511975376314230E-01   1.180154160640887E-01  -1.000000000000000E+05
  3.589804576119857E-02  -6.532166761272588E-01   9.065603827732435E-02  -1.000000000000000E+05
  5.277840109124511E-02  -6.525677514280563E-01   6.394270968475065E-02  -1.000000000000000E+05
  7.113067773119142E-02  -6.495598920323127E-01   3.793417053781008E-02  -1.000000000000000E+05
  9.063408418582823E-02  -6.445693427950815E-01   1.264030374419448E-02  -1.000000000000000E+05
  1.109863397245219E-01  -6.380186357594614E-01  -1.196981447818605E-02  -1.000000000000000E+05
  1.319206550069386E-01  -6.303523572772953E-01  -3.595765473864487E-02  -1.000000000000000E+05
  1.532196511409923E-01  -6.220111505947588E-01  -5.940371300256296E-02  -1.000000000000000E+05
  1.747253141993096E-01  -6.134057511297611E-01  -8.239570838131359E-02  -1.000000000000000E+05
  1.963443955685463E-01  -6.048928812873361E-01  -1.050174371347882E-01  -1.000000000000000E+05
  2.180490165228095E-01  -5.967547295131664E-01  -1.273391051791131E-01  -1.000000000000000E+05
  2.398725921357121E-01  -5.891835104669518E-01  -1.494097876247356E-01  -1.000000000000000E+05
  2.619015289518908E-01  -5.822722648356472E-01  -1.712524468245469E-01  -1.000000000000000E+05
  2.842634483228627E-01  -5.760126315354974E-01  -1.928616988343447E-01  -1.000000000000000E+05
  3.071129220205253E-01  -5.702998414075546E-01  -2.142042722599532E-01  -1.000000000000000E+05
  3.306158626409567E-01  -5.649446738716704E-01  -2.352218732355569E-01  -1.000000000000000E+05
  3.549337783867401E-01  -5.596916222111262E-01  -2.558359741245539E-01  -1.000000000000000E+05
  3.802090767265620E-01  -5.542420644959173E-01  -2.759538967704226E-01  -1.000000000000000E+05
  4.065524876750906E-01  -5.482808678411283E-01  -2.954754748489381E-01  -1.000000000000000E+05
  4.340334850238317E-01  -5.415045906106052E-01  -3.142995601482200E-01  -1.000000000000000E+05
  4.626743285060780E-01  -5.336493099095615E-01  -3.323296850274070E-01  -1.000000000000000E+05
  4.924480518218478E-01  -5.245161011535190E-01  -3.494783029986188E-01  -1.000000000000000E+05
  5.232804038839111E-01  -5.139923340216704E-01  -3.656691913901057E-01  -1.000000000000000E+05
  5.550554380168895E-01  -5.020672163864853E-01  -3.808378001552936E-01  -1.000000000000000E+05
  5.876241600158064E-01  -4.888403973853150E-01  -3.949295517141428E-01  -1.000000000000000E+05
  6.208154124734949E-01  -4.745229071979968E-01  -4.078963190848663E-01  -1.000000000000000E+05
  6.544480072124360E-01  -4.594302325889440E-01  -4.196915140431516E-01  -1.000000000000000E+05
  6.883430323734402E-01  -4.439678680506358E-01  -4.302643854501574E-01  -1.000000000000000E+05
  7.223352619527315E-01  -4.286102050255887E-01  -4.395542447489175E-01  -1.000000000000000E+05
  7.562826829786317E-01  -4.138740897531858E-01  -4.474853894380707E-01  -1.000000000000000E+05
  7.900733221520906E-01  -4.002887608872905E-01  -4.539634795208969E-01  -1.000000000000000E+05
  8.236287866605513E-01  -3.883641441062705E-01  -4.588740354562788E-01  -1.000000000000000E+05
  8.569042149351082E-01  -3.785596131957331E-01  -4.620835736818066E-01  -1.000000000000000E+05
  8.898846405195572E-01  -3.712553153802471E-01  -4.634436874807739E-01  -1.000000000000000E+05
  9.225780819777650E-01  -3.667280027731180E-01  -4.627981317680597E-01  -1.000000000000000E+05
  9.550059595441819E-01  -3.651330214419116E-01  -4.599926989774147E-01  -1.000000000000000E+05
  9.871916821420377E-01  -3.664937038525901E-01  -4.548874007610962E-01  -1.000000000000000E+05
  1.019148426757430E+00  -3.706989165496376E-01  -4.473702186402977E-01  -1.000000000000000E+05
  1.050867230950689E+00  -3.775089663020600E-01  -4.373714772615251E-01  -1.000000000000000E+05
  1.082306529346718E+00  -3.865695020221485E-01  -4.248777452959554E-01  -1.000000000000000E+05
  1.113384183713130E+00  -3.974325053857584E-01  -4.099440961433960E-01  -1.000000000000000E+05
  1.143972888024331E+00  -4.095829778302143E-01  -3.927035732182444E-01  -1.000000000000000E+05
  1.173899585686159E+00  -4.224695392006715E-01  -3.733728064375058E-01  -1.000000000000000E+05
  1.202949232759302E+00  -4.355368812764893E-01  -3.522529148576808E-01  -1.000000000000000E+05
  1.230872900250568E+00  -4.482578871240745E-01  -3.297250959901005E-01  -1.000000000000000E+05
  1.257399855282210E+00  -4.601632445741632E-01  -3.062406299116300E-01  -1.000000000000000E+05
  1.282252921633151E+00  -4.708665487595523E-01  -2.823053955113369E-01  -1.000000000000000E+05
  1.305166120788136E+00  -4.800831939660359E-01  -2.584593828836058E-01  -1.000000000000000E+05
  1.325903358928108E+00  -4.876417788586485E-01  -2.352520635822280E-01  -1.000000000000000E+05
  1.344276772861341E+00  -4.934872630242375E-01  -2.132148223508206E-01  -1.000000000000000E+05
  1.360163292763136E+00  -4.976756819714753E-01  -1.928319346517568E-01  -1.000000000000000E+05
  1.373518029093295E+00  -5.003608135305432E-01  -1.745117717008529E-01  -1.000000000000000E+05
  1.384383245162576E+00  -5.017737509395946E-01  -1.585600115472116E-01  -1.000000000000000E+05
  1.392891927977057E+00  -5.021968381351936E-01  -1.451566200155404E-01  -1.000000000000000E+05
  1.399265303526728E+00  -5.019338262692286E-01  -1.343382352155650E-01  -1.000000000000000E+05
  1.403804037684643E+00  -5.012783890755539E-01  -1.259873476127034E-01  -1.000000000000000E+05
  1.406873294532269E+00  -5.004832686059544E-01  -1.198293257220580E-01  -1.000000000000000E+05
  1.408882261224570E+00  -4.997323020102893E-01  -1.154379137297824E-01  -1.000000000000000E+05
  1.410259162227521E+00  -4.991174048967815E-01  -1.122493461265658E-01  -1.000000000000000E+05
  1.410259162227521E+00  -4.991174048967814E-01  -1.122493461265658E-01   0.000000000000000E+00 2 RotatedCurve7 
 -1.410259162227521E+00  -4.991174048967812E-01   1.122493461265658E-01   1.000000000000000E+05
 -1.411423146523946E+00  -4.986222683132186E-01   1.095847146156491E-01   1.000000000000000E+05
 -1.412754712716096E+00  -4.981140852588927E-01   1.066797156773949E-01   1.000000000000000E+05
 -1.414566517166088E+00  -4.973440879971762E-01   1.027204354446191E-01   1.000000000000000E+05
 -1.417076474088266E+00  -4.959570848708394E-01   9.688342274062962E-02   1.000000000000000E+05
 -1.420384996059950E+00  -4.935095744667179E-01   8.837798854579754E-02   1.000000000000000E+05
 -1.424458039178068E+00  -4.894954268569869E-01   7.648847274785008E-02   1.000000000000000E+05
 -1.429117317819175E+00  -4.833775958947872E-01   6.061415189732509E-02   1.000000000000000E+05
 -1.434038656305582E+00  -4.746238987226761E-01   4.030453197745774E-02   1.000000000000000E+05
 -1.438758972287312E+00  -4.627445978409865E-01   1.528797650261237E-02   1.000000000000000E+05
 -1.442691868298844E+00  -4.473293679026764E-01  -1.450804741402028E-02   1.000000000000000E+05
 -1.445151276304628E+00  -4.280812346203854E-01  -4.894638210168904E-02   1.000000000000000E+05
 -1.445382089138693E+00  -4.048452369723798E-01  -8.768000541467563E-02   1.000000000000000E+05
 -1.442596255830963E+00  -3.776298758572926E-01  -1.301624483728570E-01   1.000000000000000E+05
 -1.436012445172450E+00  -3.466198521543136E-01  -1.756683894033687E-01   1.000000000000000E+05
 -1.424897118760456E+00  -3.121791359498466E-01  -2.233234343856943E-01   1.000000000000000E+05
 -1.408604719699389E+00  -2.748440110681641E-01  -2.721415684127967E-01   1.000000000000000E+05
 -1.386614686598603E+00  -2.353063653770826E-01  -3.210683263723984E-01   1.000000000000000E+05
 -1.358563146193125E+00  -1.943881064944829E-01  -3.690274020305630E-01   1.000000000000000E+05
 -1.324267414514688E+00  -1.530081346076151E-01  -4.149682194213818E-01   1.000000000000000E+05
 -1.283741830169917E+00  -1.121437631655420E-01  -4.579119381239636E-01   1.000000000000000E+05
 -1.237203930434814E+00  -7.278881456988283E-02  -4.969934587239070E-01   1.000000000000000E+05
 -1.185070531907268E+00  -3.591081031424214E-02  -5.314972306447923E-01   1.000000000000000E+05
 -1.127943858482737E+00  -2.409711640594229E-03  -5.608850271405691E-01   1.000000000000000E+05
 -1.066588434472825E+00   2.691945355108800E-02  -5.848143193337330E-01   1.000000000000000E+05
 -1.001899994063830E+00   5.141800987571890E-02  -6.031464241790672E-01   1.000000000000000E+05
 -9.348681168650255E-01   7.058742888566602E-02  -6.159441869986904E-01   1.000000000000000E+05
 -8.665346545860760E-01   8.410432609054762E-02  -6.234595522031215E-01   1.000000000000000E+05
 -7.979502440201044E-01   9.182605351759697E-02  -6.261119402303238E-01   1.000000000000000E+05
 -7.301312925666638E-01   9.378687564944482E-02  -6.244588509120566E-01   1.000000000000000E+05
 -6.640197694328587E-01   9.018530107580684E-02  -6.191605239011910E-01   1.000000000000000E+05
 -6.004479424897010E-01   8.136367773667594E-02  -6.109407819532543E-01   1.000000000000000E+05
 -5.401098804949788E-01   6.778161138636020E-02  -6.005463466687231E-01   1.000000000000000E+05
 -4.835411139848068E-01   4.998510610714308E-02  -5.887069410564250E-01   1.000000000000000E+05
 -4.311073431530296E-01   2.857353155650082E-02  -5.760983800207874E-01   1.000000000000000E+05
 -3.830025298379339E-01   4.166582665155688E-03  -5.633106082391305E-01   1.000000000000000E+05
 -3.392561483379180E-01  -2.262668775371527E-02  -5.508222923690934E-01   1.000000000000000E+05
 -2.997488315726922E-01  -5.123490602879021E-02  -5.389831352293933E-01   1.000000000000000E+05
 -2.642351685566678E-01  -8.114596972054193E-02  -5.280045826367457E-01   1.000000000000000E+05
 -2.323720156322509E-01  -1.119221171150849E-01  -5.179590711106087E-01   1.000000000000000E+05
 -2.037504008383701E-01  -1.432078953906996E-01  -5.087874497596171E-01   1.000000000000000E+05
 -1.779289441528513E-01  -1.747309738332672E-01  -5.003137342111432E-01   1.000000000000000E+05
 -1.544666937455910E-01  -2.062962625882006E-01  -4.922659430662287E-01   1.000000000000000E+05
 -1.329533886221567E-01  -2.377742646535117E-01  -4.843014516528507E-01   1.000000000000000E+05
 -1.130353913294709E-01  -2.690849770102960E-01  -4.760350909490766E-01   1.000000000000000E+05
 -9.443587309181328E-02  -3.001789398007444E-01  -4.670681311551992E-01   1.000000000000000E+05
 -7.696825362006378E-02  -3.310171919040462E-01  -4.570163213043454E-01   1.000000000000000E+05
 -6.054236977434466E-02  -3.615519177112000E-01  -4.455353024623833E-01   1.000000000000000E+05
 -4.516333925443367E-02  -3.917094635095745E-01  -4.323419591630017E-01   1.000000000000000E+05
 -3.092356481673830E-02  -4.213771722807050E-01  -4.172306022228596E-01   1.000000000000000E+05
 -1.798875991386790E-02  -4.503951512325769E-01  -4.000832616888667E-01   1.000000000000000E+05
 -6.579240399309171E-03  -4.785536727257753E-01  -3.808737840593019E-01   1.000000000000000E+05
  3.052003354375309E-03  -5.055964475824509E-01  -3.596658446406131E-01   1.000000000000000E+05
  1.064277954939261E-02  -5.312295344804339E-01  -3.366053763135120E-01   1.000000000000000E+05
  1.594499649592309E-02  -5.551351953740418E-01  -3.119082551016046E-01   1.000000000000000E+05
  1.874615089080882E-02  -5.769896080254587E-01  -2.858443500562317E-01   1.000000000000000E+05
  1.888754560354997E-02  -5.964830320089961E-01  -2.587192249553228E-01   1.000000000000000E+05
  1.627805820267031E-02  -6.133408169763211E-01  -2.308548634774833E-01   1.000000000000000E+05
  1.090263249444200E-02  -6.273435567039860E-01  -2.025707760418808E-01   1.000000000000000E+05
  2.825062992815715E-03  -6.383447357266274E-01  -1.741667403913176E-01   1.000000000000000E+05
 -7.814942115665507E-03  -6.462843840817457E-01  -1.459082404991274E-01   1.000000000000000E+05
 -2.081002954757986E-02  -6.511975376314230E-01  -1.180154160640887E-01   1.000000000000000E+05
 -3.589804576119865E-02  -6.532166761272588E-01  -9.065603827732435E-02   1.000000000000000E+05
 -5.277840109124519E-02  -6.525677514280563E-01  -6.394270968475065E-02   1.000000000000000E+05
 -7.113067773119150E-02  -6.495598920323127E-01  -3.793417053781008E-02   1.000000000000000E+05
 -9.063408418582831E-02  -6.445693427950815E-01  -1.264030374419448E-02   1.000000000000000E+05
 -1.109863397245219E-01  -6.380186357594614E-01   1.196981447818605E-02   1.000000000000000E+05
 -1.319206550069387E-01  -6.303523572772953E-01   3.595765473864487E-02   1.000000000000000E+05
 -1.532196511409924E-01  -6.220111505947588E-01   5.940371300256296E-02   1.000000000000000E+05
 -1.747253141993097E-01  -6.134057511297611E-01   8.239570838131359E-02   1.000000000000000E+05
 -1.963443955685464E-01  -6.048928812873361E-01   1.050174371347882E-01   1.000000000000000E+05
 -2.180490165228096E-01  -5.967547295131664E-01   1.273391051791131E-01   1.000000000000000E+05
 -2.398725921357122E-01  -5.891835104669518E-01   1.494097876247356E-01   1.000000000000000E+05
 -2.619015289518909E-01  -5.822722648356472E-01   1.712524468245469E-01   1.000000000000000E+05
 -2.842634483228627E-01  -5.760126315354974E-01   1.928616988343447E-01   1.000000000000000E+05
 -3.071129220205253E-01  -5.702998414075546E-01   2.142042722599532E-01   1.000000000000000E+05
 -3.306158626409567E-01  -5.649446738716704E-01   2.352218732355569E-01   1.000000000000000E+05
 -3.549337783867401E-01  -5.596916222111262E-01   2.558359741245539E-01   1.000000000000000E+05
 -3.802090767265620E-01  -5.542420644959173E-01   2.759538967704226E-01   1.000000000000000E+05
 -4.065524876750906E-01  -5.482808678411283E-01   2.954754748489381E-01   1.000000000000000E+05
 -4.340334850238317E-01  -5.415045906106052E-01   3.142995601482200E-01   1.000000000000000E+05
 -4.626743285060780E-01  -5.336493099095614E-01   3.323296850274070E-01   1.000000000000000E+05
 -4.924480518218479E-01  -5.245161011535189E-01   3.494783029986188E-01   1.000000000000000E+05
 -5.232804038839112E-01  -5.139923340216703E-01   3.656691913901057E-01   1.000000000000000E+05
 -5.550554380168896E-01  -5.020672163864852E-01   3.808378001552936E-01   1.000000000000000E+05
 -5.876241600158065E-01  -4.888403973853149E-01   3.949295517141428E-01   1.000000000000000E+05
 -6.208154124734950E-01  -4.745229071979968E-01   4.078963190848663E-01   1.000000000000000E+05
 -6.544480072124361E-01  -4.594302325889439E-01   4.196915140431516E-01   1.000000000000000E+05
 -6.883430323734402E-01  -4.439678680506357E-01   4.302643854501574E-01   1.000000000000000E+05
 -7.223352619527315E-01  -4.286102050255886E-01   4.395542447489175E-01   1.000000000000000E+05
 -7.562826829786317E-01  -4.138740897531857E-01   4.474853894380707E-01   1.000000000000000E+05
 -7.900733221520906E-01  -4.002887608872904E-01   4.539634795208969E-01   1.000000000000000E+05
 -8.236287866605513E-01  -3.883641441062704E-01   4.588740354562788E-01   1.000000000000000E+05
 -8.569042149351082E-01  -3.785596131957329E-01   4.620835736818066E-01   1.000000000000000E+05
 -8.898846405195572E-01  -3.712553153802470E-01   4.634436874807739E-01   1.000000000000000E+05
 -9.225780819777650E-01  -3.667280027731178E-01   4.627981317680597E-01   1.000000000000000E+05
 -9.550059595441819E-01  -3.651330214419115E-01   4.599926989774147E-01   1.000000000000000E+05
 -9.871916821420377E-01  -3.664937038525900E-01   4.548874007610962E-01   1.000000000000000E+05
 -1.019148426757430E+00  -3.706989165496375E-01   4.473702186402977E-01   1.000000000000000E+05
 -1.050867230950689E+00  -3.775089663020599E-01   4.373714772615251E-01   1.000000000000000E+05
 -1.082306529346718E+00  -3.865695020221484E-01   4.248777452959554E-01   1.000000000000000E+05
 -1.113384183713130E+00  -3.974325053857583E-01   4.099440961433960E-01   1.000000000000000E+05
 -1.143972888024331E+00  -4.095829778302141E-01   3.927035732182444E-01   1.000000000000000E+05
 -1.173899585686159E+00  -4.224695392006714E-01   3.733728064375058E-01   1.000000000000000E+05
 -1.202949232759302E+00  -4.355368812764891E-01   3.522529148576808E-01   1.000000000000000E+05
 -1.230872900250568E+00  -4.482578871240744E-01   3.297250959901005E-01   1.000000000000000E+05
 -1.257399855282210E+00  -4.601632445741631E-01   3.062406299116300E-01   1.000000000000000E+05
 -1.282252921633151E+00  -4.708665487595521E-01   2.823053955113369E-01   1.000000000000000E+05
 -1.305166120788136E+00  -4.800831939660358E-01   2.584593828836058E-01   1.000000000000000E+05
 -1.325903358928108E+00  -4.876417788586483E-01   2.352520635822280E-01   1.000000000000000E+05
 -1.344276772861341E+00  -4.934872630242373E-01   2.132148223508206E-01   1.000000000000000E+05
 -1.360163292763136E+00  -4.976756819714751E-01   1.928319346517568E-01   1.000000000000000E+05
 -1.373518029093295E+00  -5.003608135305430E-01   1.745117717008529E-01   1.000000000000000E+05
 -1.384383245162576E+00  -5.017737509395944E-01   1.585600115472116E-01   1.000000000000000E+05
 -1.392891927977057E+00  -5.021968381351933E-01   1.451566200155404E-01   1.000000000000000E+05
 -1.399265303526728E+00  -5.019338262692283E-01   1.343382352155650E-01   1.000000000000000E+05
 -1.403804037684643E+00  -5.012783890755537E-01   1.259873476127034E-01   1.000000000000000E+05
 -1.406873294532269E+00  -5.004832686059542E-01   1.198293257220580E-01   1.000000000000000E+05
 -1.408882261224570E+00  -4.997323020102891E-01   1.154379137297824E-01   1.000000000000000E+05
 -1.410259162227521E+00  -4.991174048967814E-01   1.122493461265658E-01   1.000000000000000E+05
 -1.410259162227521E+00  -4.991174048967812E-01   1.122493461265658E-01   0.000000000000000E+00 3 RotatedCurve8 
 -1.410259162227521E+00   4.991174048967812E-01  -1.122493461265658E-01  -1.000000000000000E+05
 -1.411423146523946E+00   4.986222683132186E-01  -1.095847146156491E-01  -1.000000000000000E+05
 -1.412754712716096E+00   4.981140852588927E-01  -1.066797156773949E-01  -1.000000000000000E+05
 -1.414566517166088E+00   4.973440879971762E-01  -1.027204354446191E-01  -1.000000000000000E+05
 -1.417076474088266E+00   4.959570848708394E-01  -9.688342274062962E-02  -1.000000000000000E+05
 -1.420384996059950E+00   4.935095744667179E-01  -8.837798854579754E-02  -1.000000000000000E+05
 -1.424458039178068E+00   4.894954268569869E-01  -7.648847274785008E-02  -1.000000000000000E+05
 -1.429117317819175E+00   4.833775958947872E-01  -6.061415189732509E-02  -1.000000000000000E+05
 -1.434038656305582E+00   4.746238987226761E-01  -4.030453197745774E-02  -1.000000000000000E+05
 -1.438758972287312E+00   4.627445978409865E-01  -1.528797650261237E-02  -1.000000000000000E+05
 -1.442691868298844E+00   4.473293679026764E-01   1.450804741402028E-02  -1.000000000000000E+05
 -1.445151276304628E+00   4.280812346203854E-01   4.894638210168904E-02  -1.000000000000000E+05
 -1.445382089138693E+00   4.048452369723798E-01   8.768000541467563E-02  -1.000000000000000E+05
 -1.442596255830963E+00   3.776298758572926E-01   1.301624483728570E-01  -1.000000000000000E+05
 -1.436012445172450E+00   3.466198521543136E-01   1.756683894033687E-01  -1.000000000000000E+05
 -1.424897118760456E+00   3.121791359498466E-01   2.233234343856943E-01  -1.000000000000000E+05
 -1.408604719699389E+00   2.748440110681641E-01   2.721415684127967E-01  -1.000000000000000E+05
 -1.386614686598603E+00   2.353063653770826E-01   3.210683263723984E-01  -1.000000000000000E+05
 -1.358563146193125E+00   1.943881064944829E-01   3.690274020305630E-01  -1.000000000000000E+05
 -1.324267414514688E+00   1.530081346076151E-01   4.149682194213818E-01  -1.000000000000000E+05
 -1.283741830169917E+00   1.121437631655420E-01   4.579119381239636E-01  -1.000000000000000E+05
 -1.237203930434814E+00   7.278881456988283E-02   4.969934587239070E-01  -1.000000000000000E+05
 -1.185070531907268E+00   3.591081031424214E-02   5.314972306447923E-01  -1.000000000000000E+05
 -1.127943858482737E+00   2.409711640594229E-03   5.608850271405691E-01  -1.000000000000000E+05
 -1.066588434472825E+00  -2.691945355108800E-02   5.848143193337330E-01  -1.000000000000000E+05
 -1.001899994063830E+00  -5.141800987571890E-02   6.031464241790672E-01  -1.000000000000000E+05
 -9.348681168650255E-01  -7.058742888566602E-02   6.159441869986904E-01  -1.000000000000000E+05
 -8.665346545860760E-01  -8.410432609054762E-02   6.234595522031215E-01  -1.000000000000000E+05
 -7.979502440201044E-01  -9.182605351759697E-02   6.261119402303238E-01  -1.000000000000000E+05
 -7.301312925666638E-01  -9.378687564944482E-02   6.244588509120566E-01  -1.000000000000000E+05
 -6.640197694328587E-01  -9.018530107580684E-02   6.191605239011910E-01  -1.000000000000000E+05
 -6.004479424897010E-01  -8.136367773667594E-02   6.109407819532543E-01  -1.000000000000000E+05
 -5.401098804949788E-01  -6.778161138636020E-02   6.005463466687231E-01  -1.000000000000000E+05
 -4.835411139848068E-01  -4.998510610714308E-02   5.887069410564250E-01  -1.000000000000000E+05
 -4.311073431530296E-01  -2.857353155650082E-02   5.760983800207874E-01  -1.000000000000000E+05
 -3.830025298379339E-01  -4.166582665155688E-03   5.633106082391305E-01  -1.000000000000000E+05
 -3.392561483379180E-01   2.262668775371527E-02   5.508222923690934E-01  -1.000000000000000E+05
 -2.997488315726922E-01   5.123490602879021E-02   5.389831352293933E-01  -1.000000000000000E+05
 -2.642351685566678E-01   8.114596972054193E-02   5.280045826367457E-01  -1.000000000000000E+05
 -2.323720156322509E-01   1.119221171150849E-01   5.179590711106087E-01  -1.000000000000000E+05
 -2.037504008383701E-01   1.432078953906996E-01   5.087874497596171E-01  -1.000000000000000E+05
 -1.779289441528513E-01   1.747309738332672E-01   5.003137342111432E-01  -1.000000000000000E+05
 -1.544666937455910E-01   2.062962625882006E-01   4.922659430662287E-01  -1.000000000000000E+05
 -1.329533886221567E-01   2.377742646535117E-01   4.843014516528507E-01  -1.000000000000000E+05
 -1.130353913294709E-01   2.690849770102960E-01   4.760350909490766E-01  -1.000000000000000E+05
 -9.443587309181328E-02   3.001789398007444E-01   4.670681311551992E-01  -1.000000000000000E+05
 -7.696825362006378E-02   3.310171919040462E-01   4.570163213043454E-01  -1.000000000000000E+05
 -6.054236977434466E-02   3.615519177112000E-01   4.455353024623833E-01  -1.000000000000000E+05
 -4.516333925443367E-02   3.917094635095745E-01   4.323419591630017E-01  -1.000000000000000E+05
 -3.092356481673830E-02   4.213771722807050E-01   4.172306022228596E-01  -1.000000000000000E+05
 -1.798875991386790E-02   4.503951512325769E-01   4.000832616888667E-01  -1.000000000000000E+05
 -6.579240399309171E-03   4.785536727257753E-01   3.808737840593019E-01  -1.000000000000000E+05
  3.052003354375309E-03   5.055964475824509E-01   3.596658446406131E-01  -1.000000000000000E+05
  1.064277954939261E-02   5.312295344804339E-01   3.366053763135120E-01  -1.000000000000000E+05
  1.594499649592309E-02   5.551351953740418E-01   3.119082551016046E-01  -1.000000000000000E+05
  1.874615089080882E-02   5.769896080254587E-01   2.858443500562317E-01  -1.000000000000000E+05
  1.888754560354997E-02   5.964830320089961E-01   2.587192249553228E-01  -1.000000000000000E+05
  1.627805820267031E-02   6.133408169763211E-01   2.308548634774833E-01  -1.000000000000000E+05
  1.090263249444200E-02   6.273435567039860E-01   2.025707760418808E-01  -1.000000000000000E+05
  2.825062992815715E-03   6.383447357266274E-01   1.741667403913176E-01  -1.000000000000000E+05
 -7.814942115665507E-03   6.462843840817457E-01   1.459082404991274E-01  -1.000000000000000E+05
 -2.081002954757986E-02   6.511975376314230E-01   1.180154160640887E-01  -1.000000000000000E+05
 -3.589804576119865E-02   6.532166761272588E-01   9.065603827732435E-02  -1.000000000000000E+05
 -5.277840109124519E-02   6.525677514280563E-01   6.394270968475065E-02  -1.000000000000000E+05
 -7.113067773119150E-02   6.495598920323127E-01   3.793417053781008E-02  -1.000000000000000E+05
 -9.063408418582831E-02   6.445693427950815E-01   1.264030374419448E-02  -1.000000000000000E+05
 -1.109863397245219E-01   6.380186357594614E-01  -1.196981447818605E-02  -1.000000000000000E+05
 -1.319206550069387E-01   6.303523572772953E-01  -3.595765473864487E-02  -1.000000000000000E+05
 -1.532196511409924E-01   6.220111505947588E-01  -5.940371300256296E-02  -1.000000000000000E+05
 -1.747253141993097E-01   6.134057511297611E-01  -8.239570838131359E-02  -1.000000000000000E+05
 -1.963443955685464E-01   6.048928812873361E-01  -1.050174371347882E-01  -1.000000000000000E+05
 -2.180490165228096E-01   5.967547295131664E-01  -1.273391051791131E-01  -1.000000000000000E+05
 -2.398725921357122E-01   5.891835104669518E-01  -1.494097876247356E-01  -1.000000000000000E+05
 -2.619015289518909E-01   5.822722648356472E-01  -1.712524468245469E-01  -1.000000000000000E+05
 -2.842634483228627E-01   5.760126315354974E-01  -1.928616988343447E-01  -1.000000000000000E+05
 -3.071129220205253E-01   5.702998414075546E-01  -2.142042722599532E-01  -1.000000000000000E+05
 -3.306158626409567E-01   5.649446738716704E-01  -2.352218732355569E-01  -1.000000000000000E+05
 -3.549337783867401E-01   5.596916222111262E-01  -2.558359741245539E-01  -1.000000000000000E+05
 -3.802090767265620E-01   5.542420644959173E-01  -2.759538967704226E-01  -1.000000000000000E+05
 -4.065524876750906E-01   5.482808678411283E-01  -2.954754748489381E-01  -1.000000000000000E+05
 -4.340334850238317E-01   5.415045906106052E-01  -3.142995601482200E-01  -1.000000000000000E+05
 -4.626743285060780E-01   5.336493099095614E-01  -3.323296850274070E-01  -1.000000000000000E+05
 -4.924480518218479E-01   5.245161011535189E-01  -3.494783029986188E-01  -1.000000000000000E+05
 -5.232804038839112E-01   5.139923340216703E-01  -3.656691913901057E-01  -1.000000000000000E+05
 -5.550554380168896E-01   5.020672163864852E-01  -3.808378001552936E-01  -1.000000000000000E+05
 -5.876241600158065E-01   4.888403973853149E-01  -3.949295517141428E-01  -1.000000000000000E+05
 -6.208154124734950E-01   4.745229071979968E-01  -4.078963190848663E-01  -1.000000000000000E+05
 -6.544480072124361E-01   4.594302325889439E-01  -4.196915140431516E-01  -1.000000000000000E+05
 -6.883430323734402E-01   4.439678680506357E-01  -4.302643854501574E-01  -1.000000000000000E+05
 -7.223352619527315E-01   4.286102050255886E-01  -4.395542447489175E-01  -1.000000000000000E+05
 -7.562826829786317E-01   4.138740897531857E-01  -4.474853894380707E-01  -1.000000000000000E+05
 -7.900733221520906E-01   4.002887608872904E-01  -4.539634795208969E-01  -1.000000000000000E+05
 -8.236287866605513E-01   3.883641441062704E-01  -4.588740354562788E-01  -1.000000000000000E+05
 -8.569042149351082E-01   3.785596131957329E-01  -4.620835736818066E-01  -1.000000000000000E+05
 -8.898846405195572E-01   3.712553153802470E-01  -4.634436874807739E-01  -1.000000000000000E+05
 -9.225780819777650E-01   3.667280027731178E-01  -4.627981317680597E-01  -1.000000000000000E+05
 -9.550059595441819E-01   3.651330214419115E-01  -4.599926989774147E-01  -1.000000000000000E+05
 -9.871916821420377E-01   3.664937038525900E-01  -4.548874007610962E-01  -1.000000000000000E+05
 -1.019148426757430E+00   3.706989165496375E-01  -4.473702186402977E-01  -1.000000000000000E+05
 -1.050867230950689E+00   3.775089663020599E-01  -4.373714772615251E-01  -1.000000000000000E+05
 -1.082306529346718E+00   3.865695020221484E-01  -4.248777452959554E-01  -1.000000000000000E+05
 -1.113384183713130E+00   3.974325053857583E-01  -4.099440961433960E-01  -1.000000000000000E+05
 -1.143972888024331E+00   4.095829778302141E-01  -3.927035732182444E-01  -1.000000000000000E+05
 -1.173899585686159E+00   4.224695392006714E-01  -3.733728064375058E-01  -1.000000000000000E+05
 -1.202949232759302E+00   4.355368812764891E-01  -3.522529148576808E-01  -1.000000000000000E+05
 -1.230872900250568E+00   4.482578871240744E-01  -3.297250959901005E-01  -1.000000000000000E+05
 -1.257399855282210E+00   4.601632445741631E-01  -3.062406299116300E-01  -1.000000000000000E+05
 -1.282252921633151E+00   4.708665487595521E-01  -2.823053955113369E-01  -1.000000000000000E+05
 -1.305166120788136E+00   4.800831939660358E-01  -2.584593828836058E-01  -1.000000000000000E+05
 -1.325903358928108E+00   4.876417788586483E-01  -2.352520635822280E-01  -1.000000000000000E+05
 -1.344276772861341E+00   4.934872630242373E-01  -2.132148223508206E-01  -1.000000000000000E+05
 -1.360163292763136E+00   4.976756819714751E-01  -1.928319346517568E-01  -1.000000000000000E+05
 -1.373518029093295E+00   5.003608135305430E-01  -1.745117717008529E-01  -1.000000000000000E+05
 -1.384383245162576E+00   5.017737509395944E-01  -1.585600115472116E-01  -1.000000000000000E+05
 -1.392891927977057E+00   5.021968381351933E-01  -1.451566200155404E-01  -1.000000000000000E+05
 -1.399265303526728E+00   5.019338262692283E-01  -1.343382352155650E-01  -1.000000000000000E+05
 -1.403804037684643E+00   5.012783890755537E-01  -1.259873476127034E-01  -1.000000000000000E+05
 -1.406873294532269E+00   5.004832686059542E-01  -1.198293257220580E-01  -1.000000000000000E+05
 -1.408882261224570E+00   4.997323020102891E-01  -1.154379137297824E-01  -1.000000000000000E+05
 -1.410259162227521E+00   4.991174048967814E-01  -1.122493461265658E-01  -1.000000000000000E+05
 -1.410259162227521E+00   4.991174048967812E-01  -1.122493461265658E-01   0.000000000000000E+00 4 RotatedCurve9 
end 
