periods   2 
begin filament 
mirror NIL 
  1.226849843114119E+00   3.289333152294923E-01  -8.022257029707273E-02   1.000000000000000E+05
  1.226696611124363E+00   3.294802089415651E-01  -8.091772661356360E-02   1.000000000000000E+05
  1.226557980379623E+00   3.300082305483124E-01  -8.157193931432291E-02   1.000000000000000E+05
  1.226309507079948E+00   3.308959488224594E-01  -8.270709533058676E-02   1.000000000000000E+05
  1.225837621486596E+00   3.324458887002940E-01  -8.476537481187481E-02   1.000000000000000E+05
  1.225045253428503E+00   3.348553976397248E-01  -8.808867685053556E-02   1.000000000000000E+05
  1.223852437772202E+00   3.381984624272353E-01  -9.290687157948171E-02   1.000000000000000E+05
  1.222192199067622E+00   3.424200093334908E-01  -9.933507274070981E-02   1.000000000000000E+05
  1.220002655395433E+00   3.473429856280007E-01  -1.073793784800238E-01   1.000000000000000E+05
  1.217216805721675E+00   3.526872630082979E-01  -1.169498683715080E-01   1.000000000000000E+05
  1.213751811684019E+00   3.580982469936807E-01  -1.278791255269409E-01   1.000000000000000E+05
  1.209499711736503E+00   3.631821346721882E-01  -1.399442135810933E-01   1.000000000000000E+05
  1.204321394858923E+00   3.675441294121155E-01  -1.528899011546946E-01   1.000000000000000E+05
  1.198045320530634E+00   3.708256582053164E-01  -1.664509937437689E-01   1.000000000000000E+05
  1.190471934833563E+00   3.727367717366156E-01  -1.803718887709058E-01   1.000000000000000E+05
  1.181384055145308E+00   3.730804264278237E-01  -1.944218810175434E-01   1.000000000000000E+05
  1.170562750373520E+00   3.717662008292035E-01  -2.084052670530553E-01   1.000000000000000E+05
  1.157807511805101E+00   3.688121017761778E-01  -2.221658744901436E-01   1.000000000000000E+05
  1.142958873903737E+00   3.643343594679828E-01  -2.355862178891704E-01   1.000000000000000E+05
  1.125921179337072E+00   3.585263712825420E-01  -2.485820034158332E-01   1.000000000000000E+05
  1.106682946703698E+00   3.516291055037591E-01  -2.610931220606730E-01   1.000000000000000E+05
  1.085332328891884E+00   3.438962019599844E-01  -2.730725513047328E-01   1.000000000000000E+05
  1.062065453929178E+00   3.355576120771093E-01  -2.844747072537954E-01   1.000000000000000E+05
  1.037185999291068E+00   3.267858421730863E-01  -2.952447493068708E-01   1.000000000000000E+05
  1.011095118419273E+00   3.176686744858714E-01  -3.053101491697028E-01   1.000000000000000E+05
  9.842717449783549E-01   3.081916541917727E-01  -3.145755214776901E-01   1.000000000000000E+05
  9.572442598008996E-01   2.982327004607641E-01  -3.229213115951030E-01   1.000000000000000E+05
  9.305554228243708E-01   2.875700126056200E-01  -3.302064915138612E-01   1.000000000000000E+05
  9.047232538624084E-01   2.759031118205245E-01  -3.362749738221358E-01   1.000000000000000E+05
  8.802011084239874E-01   2.628855132598076E-01  -3.409650607964377E-01   1.000000000000000E+05
  8.573404736013823E-01   2.481662934876261E-01  -3.441209385050861E-01   1.000000000000000E+05
  8.363599657188778E-01   2.314368259756712E-01  -3.456050319431905E-01   1.000000000000000E+05
  8.173236376517182E-01   2.124783020217785E-01  -3.453099716296871E-01   1.000000000000000E+05
  8.001310229665705E-01   1.912054044892839E-01  -3.431689861447894E-01   1.000000000000000E+05
  7.845204100182215E-01   1.677016872537494E-01  -3.391637168708878E-01   1.000000000000000E+05
  7.700857312805918E-01   1.422428230663773E-01  -3.333287272612218E-01   1.000000000000000E+05
  7.563062694932916E-01   1.153048651822323E-01  -3.257523171080915E-01   1.000000000000000E+05
  7.425872302114284E-01   8.755593637488301E-02  -3.165736152334762E-01   1.000000000000000E+05
  7.283082170434033E-01   5.983119818183107E-02  -3.059762734562300E-01   1.000000000000000E+05
  7.128758674868372E-01   3.309243200338249E-02  -2.941793852715781E-01   1.000000000000000E+05
  6.957764400159797E-01   8.374946303626391E-03  -2.814264756727910E-01   1.000000000000000E+05
  6.766240355798014E-01  -1.327431658588325E-02  -2.679735346052626E-01   1.000000000000000E+05
  6.552004050863688E-01  -3.086277144022718E-02  -2.540770874390468E-01   1.000000000000000E+05
  6.314829205179379E-01  -4.351715357708631E-02  -2.399832149559275E-01   1.000000000000000E+05
  6.056582197213007E-01  -5.054235190102529E-02  -2.259182668981221E-01   1.000000000000000E+05
  5.781201937541639E-01  -5.146947401342573E-02  -2.120817802839977E-01   1.000000000000000E+05
  5.494522696980623E-01  -4.608937106282754E-02  -1.986418457397273E-01   1.000000000000000E+05
  5.203952377682832E-01  -3.446903582322240E-02  -1.857328939887581E-01   1.000000000000000E+05
  4.918030644680061E-01  -1.694968589356635E-02  -1.734556313912308E-01   1.000000000000000E+05
  4.645901176225644E-01   5.873171448520818E-03  -1.618786646242059E-01   1.000000000000000E+05
  4.396739174655269E-01   3.318595806730561E-02  -1.510412395112970E-01   1.000000000000000E+05
  4.179178605720484E-01   6.400652780199838E-02  -1.409564875605983E-01   1.000000000000000E+05
  4.000783128822559E-01   9.724297062153121E-02  -1.316146255544683E-01   1.000000000000000E+05
  3.867600418251551E-01   1.317571154112356E-01  -1.229856780668073E-01   1.000000000000000E+05
  3.783831972693458E-01   1.664279179189948E-01  -1.150214708544855E-01   1.000000000000000E+05
  3.751640284073853E-01   2.002101264130042E-01  -1.076568491045388E-01   1.000000000000000E+05
  3.771103336697351E-01   2.321842094581874E-01  -1.008102796534738E-01   1.000000000000000E+05
  3.840313925146679E-01   2.615944420768747E-01  -9.438417183281107E-02   1.000000000000000E+05
  3.955609345079364E-01   2.878731847415295E-01  -8.826537245625708E-02   1.000000000000000E+05
  4.111906688450375E-01   3.106506421689187E-01  -8.232633824282837E-02   1.000000000000000E+05
  4.303111161465154E-01   3.297506365923425E-01  -7.642745425226745E-02   1.000000000000000E+05
  4.522560189249180E-01   3.451740583665066E-01  -7.042085058213357E-02   1.000000000000000E+05
  4.763464919269512E-01   3.570725660717458E-01  -6.415588297539265E-02   1.000000000000000E+05
  5.019313095206455E-01   3.657157239786015E-01  -5.748620684063545E-02   1.000000000000000E+05
  5.284202823347516E-01   3.714550432384331E-01  -5.027811645457860E-02   1.000000000000000E+05
  5.553084879248754E-01   3.746883254656209E-01  -4.241957394681269E-02   1.000000000000000E+05
  5.821901056958604E-01   3.758273188902175E-01  -3.382914878483266E-02   1.000000000000000E+05
  6.087616654065754E-01   3.752710442875116E-01  -2.446395739146540E-02   1.000000000000000E+05
  6.348155472733885E-01   3.733863110509404E-01  -1.432565696694602E-02   1.000000000000000E+05
  6.602254712639820E-01   3.704960191324284E-01  -3.463620573197062E-03   1.000000000000000E+05
  6.849263997592403E-01   3.668749313997310E-01   8.025396589511607E-03   1.000000000000000E+05
  7.088916902422479E-01   3.627517991731154E-01   2.000150811421045E-02   1.000000000000000E+05
  7.321104402939047E-01   3.583161120809981E-01   3.228991541260925E-02   1.000000000000000E+05
  7.545677642869985E-01   3.537273795119790E-01   4.469274528304270E-02   1.000000000000000E+05
  7.762302588948059E-01   3.491247637648851E-01   5.700375297189141E-02   1.000000000000000E+05
  7.970382093853502E-01   3.446350723563761E-01   6.902477400432724E-02   1.000000000000000E+05
  8.169052385432364E-01   3.403775464881120E-01   8.058252571608165E-02   1.000000000000000E+05
  8.357251961213215E-01   3.364644958992978E-01   9.154419408994430E-02   1.000000000000000E+05
  8.533852241346314E-01   3.329975493291648E-01   1.018302190197039E-01   1.000000000000000E+05
  8.697832016194096E-01   3.300600260082853E-01   1.114228242810543E-01   1.000000000000000E+05
  8.848472466963677E-01   3.277065975178768E-01   1.203691250519913E-01   1.000000000000000E+05
  8.985546869659674E-01   3.259519204462044E-01   1.287780680051415E-01   1.000000000000000E+05
  9.109479274239392E-01   3.247602156853371E-01   1.368109844608763E-01   1.000000000000000E+05
  9.221449447744285E-01   3.240378116856275E-01   1.446661214899300E-01   1.000000000000000E+05
  9.323426859481068E-01   3.236304470633734E-01   1.525581066305120E-01   1.000000000000000E+05
  9.418123891541953E-01   3.233266631331366E-01   1.606938430576567E-01   1.000000000000000E+05
  9.508867009009805E-01   3.228679575896380E-01   1.692467695097238E-01   1.000000000000000E+05
  9.599393436468374E-01   3.219655879024115E-01   1.783317061289258E-01   1.000000000000000E+05
  9.693589051772507E-01   3.203230935167468E-01   1.879826086998286E-01   1.000000000000000E+05
  9.795189882655346E-01   3.176628422674854E-01   1.981354504787336E-01   1.000000000000000E+05
  9.907474086879053E-01   3.137542872349687E-01   2.086181420472026E-01   1.000000000000000E+05
  1.003297314336911E+00   3.084412208295475E-01   2.191489035494639E-01   1.000000000000000E+05
  1.017322997843066E+00   3.016651865849438E-01   2.293438564266241E-01   1.000000000000000E+05
  1.032862798258325E+00   2.934823814303155E-01   2.387338547164472E-01   1.000000000000000E+05
  1.049830870163796E+00   2.840718463470678E-01   2.467897914949534E-01   1.000000000000000E+05
  1.068018801203741E+00   2.737334643014791E-01   2.529548620112150E-01   1.000000000000000E+05
  1.087107159557545E+00   2.628751961527373E-01   2.566816089279698E-01   1.000000000000000E+05
  1.106686139288709E+00   2.519900010004257E-01   2.574710775827944E-01   1.000000000000000E+05
  1.126283633085820E+00   2.416239069911235E-01   2.549111187272706E-01   1.000000000000000E+05
  1.145398380151105E+00   2.323376185424834E-01   2.487108241541290E-01   1.000000000000000E+05
  1.163535377622377E+00   2.246647701618387E-01   2.387282781183110E-01   1.000000000000000E+05
  1.180240550414536E+00   2.190703867077254E-01   2.249892439815123E-01   1.000000000000000E+05
  1.195131763785598E+00   2.159132318827714E-01   2.076950494330523E-01   1.000000000000000E+05
  1.207923624366762E+00   2.154154993087438E-01   1.872187346869580E-01   1.000000000000000E+05
  1.218444111281452E+00   2.176427364018015E-01   1.640894214916779E-01   1.000000000000000E+05
  1.226641849038752E+00   2.224960368183078E-01   1.389657729702433E-01   1.000000000000000E+05
  1.232583701333965E+00   2.297174685246687E-01   1.126002690910942E-01   1.000000000000000E+05
  1.236443244233514E+00   2.389085202029147E-01   8.579674800419836E-02   1.000000000000000E+05
  1.238481482897037E+00   2.495601605530109E-01   5.936419817565996E-02   1.000000000000000E+05
  1.239021830919622E+00   2.610920272119377E-01   3.407008484604145E-02   1.000000000000000E+05
  1.238421814615916E+00   2.728973996613739E-01   1.059653151212079E-02   1.000000000000000E+05
  1.237044157250526E+00   2.843900493975822E-01  -1.049755010503098E-02   1.000000000000000E+05
  1.235229827229691E+00   2.950488584328407E-01  -2.880576020480086E-02   1.000000000000000E+05
  1.233275313265691E+00   3.044562774162103E-01  -4.409299624134406E-02   1.000000000000000E+05
  1.231415857235977E+00   3.123272440222664E-01  -5.630260179823005E-02   1.000000000000000E+05
  1.229815691435833E+00   3.185260515827857E-01  -6.555165773515981E-02   1.000000000000000E+05
  1.228565565202305E+00   3.230697666161043E-01  -7.211509625780479E-02   1.000000000000000E+05
  1.227687087210415E+00   3.261180374924596E-01  -7.640014724691133E-02   1.000000000000000E+05
  1.227142733147836E+00   3.279503966838628E-01  -7.891331420635674E-02   1.000000000000000E+05
  1.226849843114119E+00   3.289333152294923E-01  -8.022257029707276E-02   1.000000000000000E+05
  1.226849843114119E+00   3.289333152294923E-01  -8.022257029707273E-02   0.000000000000000E+00 1 CurveXYZFourier1 
  6.794425714651566E-01   1.245721187421556E+00  -8.092390786417487E-02   1.006012041539236E+05
  6.791743582144313E-01   1.245295072132948E+00  -8.161386121114111E-02   1.006012041539236E+05
  6.786990690217838E-01   1.244566029864895E+00  -8.276638519587502E-02   1.006012041539236E+05
  6.776928093760171E-01   1.242931690607243E+00  -8.519010922211043E-02   1.006012041539236E+05
  6.758789664298285E-01   1.239790294608026E+00  -8.959858958397121E-02   1.006012041539236E+05
  6.730546263140813E-01   1.234607815898869E+00  -9.656496440872792E-02   1.006012041539236E+05
  6.691109381358142E-01   1.226977309310364E+00  -1.064898066819242E-01   1.006012041539236E+05
  6.640452983699638E-01   1.216664705519954E+00  -1.195844886195491E-01   1.006012041539236E+05
  6.579639036873344E-01   1.203636667483101E+00  -1.358708416710206E-01   1.006012041539236E+05
  6.510740578659502E-01   1.188067925363737E+00  -1.551963176162610E-01   1.006012041539236E+05
  6.436665455793318E-01   1.170327547863591E+00  -1.772623850943664E-01   1.006012041539236E+05
  6.360893179907527E-01   1.150945685635766E+00  -2.016626782497404E-01   1.006012041539236E+05
  6.287145846808213E-01   1.130564234722604E+00  -2.279265694385900E-01   1.006012041539236E+05
  6.219020913061506E-01   1.109876429362332E+00  -2.555634472747991E-01   1.006012041539236E+05
  6.159618136469760E-01   1.089561433935805E+00  -2.841030795611869E-01   1.006012041539236E+05
  6.111194676346400E-01   1.070220462806542E+00  -3.131280129988250E-01   1.006012041539236E+05
  6.074880980673180E-01   1.052320773095759E+00  -3.422949450631349E-01   1.006012041539236E+05
  6.050485705142227E-01   1.036153070730552E+00  -3.713432935383215E-01   1.006012041539236E+05
  6.036410839821443E-01   1.021806526619037E+00  -4.000906504162345E-01   1.006012041539236E+05
  6.029689044731187E-01   1.009163851916072E+00  -4.284162865250717E-01   1.006012041539236E+05
  6.026144704048501E-01   9.979169021748832E-01  -4.562352170354518E-01   1.006012041539236E+05
  6.020669324069960E-01   9.876012644756808E-01  -4.834664056110049E-01   1.006012041539236E+05
  6.007591598816144E-01   9.776464265693829E-01  -5.099993644669367E-01   1.006012041539236E+05
  5.981113688059241E-01   9.674366129967343E-01  -5.356636267796097E-01   1.006012041539236E+05
  5.935778809540484E-01   9.563763459469387E-01  -5.602053017689076E-01   1.006012041539236E+05
  5.866931752677339E-01   9.439543457134628E-01  -5.832741962621255E-01   1.006012041539236E+05
  5.771133727561411E-01   9.297995666522263E-01  -6.044238720912620E-01   1.006012041539236E+05
  5.646496128027196E-01   9.137239479463733E-01  -6.231256190939123E-01   1.006012041539236E+05
  5.492904065903970E-01   8.957477638760032E-01  -6.387958006984432E-01   1.006012041539236E+05
  5.312109397789782E-01   8.761051548409203E-01  -6.508345298347883E-01   1.006012041539236E+05
  5.107683652586353E-01   8.552293399468021E-01  -6.586723130055971E-01   1.006012041539236E+05
  4.884832847208806E-01   8.337189658572753E-01  -6.618202987922772E-01   1.006012041539236E+05
  4.650087636014333E-01   8.122888442867561E-01  -6.599191919180920E-01   1.006012041539236E+05
  4.410892572421881E-01   7.917097982741996E-01  -6.527818112102725E-01   1.006012041539236E+05
  4.175126565245783E-01   7.727433353475331E-01  -6.404246962857320E-01   1.006012041539236E+05
  3.950592166283287E-01   7.560773012544015E-01  -6.230850692559330E-01   1.006012041539236E+05
  3.744513656139565E-01   7.422685044861399E-01  -6.012207517888819E-01   1.006012041539236E+05
  3.563082818343020E-01   7.316975618661814E-01  -5.754922017796757E-01   1.006012041539236E+05
  3.411086928711348E-01   7.245399778906566E-01  -5.467275166116202E-01   1.006012041539236E+05
  3.291646251002424E-01   7.207558622463592E-01  -5.158728869609871E-01   1.006012041539236E+05
  3.206078886824281E-01   7.200988730115988E-01  -4.839324144758664E-01   1.006012041539236E+05
  3.153900032930732E-01   7.221431281973746E-01  -4.519022854393493E-01   1.006012041539236E+05
  3.132951517670522E-01   7.263251368582077E-01  -4.207049108449846E-01   1.006012041539236E+05
  3.139646906571921E-01   7.319964269665762E-01  -3.911287355446900E-01   1.006012041539236E+05
  3.169308401587249E-01   7.384816210876107E-01  -3.637789706730398E-01   1.006012041539236E+05
  3.216564974126195E-01   7.451363169747244E-01  -3.390435525915959E-01   1.006012041539236E+05
  3.275777213788510E-01   7.513992988517293E-01  -3.170772656658884E-01   1.006012041539236E+05
  3.341453521849497E-01   7.568343101793185E-01  -2.978053138436453E-01   1.006012041539236E+05
  3.408624523364712E-01   7.611577806857899E-01  -2.809458444259767E-01   1.006012041539236E+05
  3.473147625762623E-01   7.642503952144674E-01  -2.660491871461484E-01   1.006012041539236E+05
  3.531920977888590E-01   7.661520635863640E-01  -2.525500399417597E-01   1.006012041539236E+05
  3.582994950799772E-01   7.670415275709971E-01  -2.398276572219599E-01   1.006012041539236E+05
  3.625578817611321E-01   7.672033533678534E-01  -2.272683904528573E-01   1.006012041539236E+05
  3.659949662160822E-01   7.669862548621854E-01  -2.143247626691000E-01   1.006012041539236E+05
  3.687278847597266E-01   7.667574575590930E-01  -2.005656441758210E-01   1.006012041539236E+05
  3.709397901526170E-01   7.668580743877118E-01  -1.857129986388629E-01   1.006012041539236E+05
  3.728529887287629E-01   7.675642038413124E-01  -1.696619992877532E-01   1.006012041539236E+05
  3.747013928216447E-01   7.690577134287944E-01  -1.524829448254068E-01   1.006012041539236E+05
  3.767049486376153E-01   7.714095222536755E-01  -1.344051756419442E-01   1.006012041539236E+05
  3.790483475912907E-01   7.745767715151490E-01  -1.157849313481754E-01   1.006012041539236E+05
  3.818657747268627E-01   7.784137241112401E-01  -9.706063202211256E-02   1.006012041539236E+05
  3.852327524233222E-01   7.826947290471573E-01  -7.870025915815042E-02   1.006012041539236E+05
  3.891653738071333E-01   7.871462820963173E-01  -6.114624360389203E-02   1.006012041539236E+05
  3.936264649588451E-01   7.914842480978085E-01  -4.476346760646131E-02   1.006012041539236E+05
  3.985375414023216E-01   7.954517831184177E-01  -2.979563935102565E-02   1.006012041539236E+05
  4.037948952713869E-01   7.988534605485281E-01  -1.633443754494979E-02   1.006012041539236E+05
  4.092878113444188E-01   8.015815659538953E-01  -4.304537069867756E-03   1.006012041539236E+05
  4.149167887483073E-01   8.036314307560238E-01   6.533957811977090E-03   1.006012041539236E+05
  4.206097440695071E-01   8.051039270748862E-01   1.656587238034232E-02   1.006012041539236E+05
  4.263344722860336E-01   8.061947109046381E-01   2.628601037414148E-02   1.006012041539236E+05
  4.321061061814906E-01   8.071713207918708E-01   3.625229478394044E-02   1.006012041539236E+05
  4.379888893775566E-01   8.083406503346421E-01   4.703156581845302E-02   1.006012041539236E+05
  4.440922001295399E-01   8.100104616284737E-01   5.914331180477333E-02   1.006012041539236E+05
  4.505613671437395E-01   8.124493663876748E-01   7.300679892190703E-02   1.006012041539236E+05
  4.575643434704455E-01   8.158499850589508E-01   8.889671957409075E-02   1.006012041539236E+05
  4.652756987423243E-01   8.202997644395054E-01   1.069116337897888E-01   1.006012041539236E+05
  4.738596175459420E-01   8.257632074906519E-01   1.269582191554026E-01   1.006012041539236E+05
  4.834536348637152E-01   8.320781141495575E-01   1.487527986238564E-01   1.006012041539236E+05
  4.941547004124729E-01   8.389669638984167E-01   1.718399359103820E-01   1.006012041539236E+05
  5.060088634739206E-01   8.460629391321873E-01   1.956262412865880E-01   1.006012041539236E+05
  5.190054459294065E-01   8.529484619711110E-01   2.194260784625979E-01   1.006012041539236E+05
  5.330760731187659E-01   8.592026674104831E-01   2.425147478088387E-01   1.006012041539236E+05
  5.480984157392144E-01   8.644531186141675E-01   2.641840502021081E-01   1.006012041539236E+05
  5.639040175494067E-01   8.684264102389605E-01   2.837949724243487E-01   1.006012041539236E+05
  5.802891937587719E-01   8.709921826933390E-01   3.008225917212100E-01   1.006012041539236E+05
  5.970277233120450E-01   8.721955104244659E-01   3.148891345391217E-01   1.006012041539236E+05
  6.138839494493652E-01   8.722735999277005E-01   3.257823557081128E-01   1.006012041539236E+05
  6.306249541448453E-01   8.716541526770529E-01   3.334579037825173E-01   1.006012041539236E+05
  6.470306726081037E-01   8.709344821507503E-01   3.380259541829556E-01   1.006012041539236E+05
  6.629011368220945E-01   8.708423558534978E-01   3.397239616505376E-01   1.006012041539236E+05
  6.780604416856456E-01   8.721813779456222E-01   3.388787501998399E-01   1.006012041539236E+05
  6.923574646986185E-01   8.757653511993507E-01   3.358621862071339E-01   1.006012041539236E+05
  7.056637881332501E-01   8.823472925634721E-01   3.310452670791433E-01   1.006012041539236E+05
  7.178696218660883E-01   8.925494941041159E-01   3.247555473505578E-01   1.006012041539236E+05
  7.288787643327022E-01   9.068011388625788E-01   3.172424094901942E-01   1.006012041539236E+05
  7.386037400908125E-01   9.252894752368404E-01   3.086538123107426E-01   1.006012041539236E+05
  7.469622029589321E-01   9.479294606419280E-01   2.990269060016432E-01   1.006012041539236E+05
  7.538754988453524E-01   9.743552001728940E-01   2.882934167812377E-01   1.006012041539236E+05
  7.592699644165920E-01   1.003934572880433E+00   2.762991275123344E-01   1.006012041539236E+05
  7.630811335596597E-01   1.035806336997753E+00   2.628352738046177E-01   1.006012041539236E+05
  7.652605807357981E-01   1.068936934595855E+00   2.476783914302952E-01   1.006012041539236E+05
  7.657847018564885E-01   1.102192373734248E+00   2.306342210602363E-01   1.006012041539236E+05
  7.646643719044879E-01   1.134419130449593E+00   2.115807955039951E-01   1.006012041539236E+05
  7.619541705485400E-01   1.164527124813004E+00   1.905058527671824E-01   1.006012041539236E+05
  7.577597672186975E-01   1.191567574421367E+00   1.675342351257414E-01   1.006012041539236E+05
  7.522421245094185E-01   1.214798944326790E+00   1.429418997249212E-01   1.006012041539236E+05
  7.456174140577643E-01   1.233735260175537E+00   1.171544845034192E-01   1.006012041539236E+05
  7.381519240158894E-01   1.248172636130362E+00   9.072991351592903E-02   1.006012041539236E+05
  7.301517362551001E-01   1.258191844013791E+00   6.432613449485310E-02   1.006012041539236E+05
  7.219475147396992E-01   1.264136930098662E+00   3.865659811408849E-02   1.006012041539236E+05
  7.138753151445336E-01   1.266572065854895E+00   1.443736113361643E-02   1.006012041539236E+05
  7.062548376674115E-01   1.266220792913667E+00  -7.669403326454046E-03   1.006012041539236E+05
  6.993669414025908E-01   1.263893403939594E+00  -2.711026668838520E-02   1.006012041539236E+05
  6.934324706362196E-01   1.260409240662657E+00  -4.348862463128852E-02   1.006012041539236E+05
  6.885944772977205E-01   1.256521090362516E+00  -5.660141518483706E-02   1.006012041539236E+05
  6.849057451825599E-01   1.252848586121797E+00  -6.646091433283505E-02   1.006012041539236E+05
  6.823231375953863E-01   1.249826592380264E+00  -7.329941616906427E-02   1.006012041539236E+05
  6.807097294280157E-01   1.247673075923107E+00  -7.755618720843983E-02   1.006012041539236E+05
  6.798449954080422E-01   1.246379066879649E+00  -7.984772686498580E-02   1.006012041539236E+05
  6.794425714651566E-01   1.245721187421556E+00  -8.092390786417487E-02   1.006012041539236E+05
  6.794425714651566E-01   1.245721187421556E+00  -8.092390786417487E-02   0.000000000000000E+00 2 CurveXYZFourier2 
  1.226849843114119E+00  -3.289333152294923E-01   8.022257029707273E-02  -1.000000000000000E+05
  1.226696611124363E+00  -3.294802089415651E-01   8.091772661356360E-02  -1.000000000000000E+05
  1.226557980379623E+00  -3.300082305483124E-01   8.157193931432291E-02  -1.000000000000000E+05
  1.226309507079948E+00  -3.308959488224594E-01   8.270709533058676E-02  -1.000000000000000E+05
  1.225837621486596E+00  -3.324458887002940E-01   8.476537481187481E-02  -1.000000000000000E+05
  1.225045253428503E+00  -3.348553976397248E-01   8.808867685053556E-02  -1.000000000000000E+05
  1.223852437772202E+00  -3.381984624272353E-01   9.290687157948171E-02  -1.000000000000000E+05
  1.222192199067622E+00  -3.424200093334908E-01   9.933507274070981E-02  -1.000000000000000E+05
  1.220002655395433E+00  -3.473429856280007E-01   1.073793784800238E-01  -1.000000000000000E+05
  1.217216805721675E+00  -3.526872630082979E-01   1.169498683715080E-01  -1.000000000000000E+05
  1.213751811684019E+00  -3.580982469936807E-01   1.278791255269409E-01  -1.000000000000000E+05
  1.209499711736503E+00  -3.631821346721882E-01   1.399442135810933E-01  -1.000000000000000E+05
  1.204321394858923E+00  -3.675441294121155E-01   1.528899011546946E-01  -1.000000000000000E+05
  1.198045320530634E+00  -3.708256582053164E-01   1.664509937437689E-01  -1.000000000000000E+05
  1.190471934833563E+00  -3.727367717366156E-01   1.803718887709058E-01  -1.000000000000000E+05
  1.181384055145308E+00  -3.730804264278237E-01   1.944218810175434E-01  -1.000000000000000E+05
  1.170562750373520E+00  -3.717662008292035E-01   2.084052670530553E-01  -1.000000000000000E+05
  1.157807511805101E+00  -3.688121017761778E-01   2.221658744901436E-01  -1.000000000000000E+05
  1.142958873903737E+00  -3.643343594679828E-01   2.355862178891704E-01  -1.000000000000000E+05
  1.125921179337072E+00  -3.585263712825420E-01   2.485820034158332E-01  -1.000000000000000E+05
  1.106682946703698E+00  -3.516291055037591E-01   2.610931220606730E-01  -1.000000000000000E+05
  1.085332328891884E+00  -3.438962019599844E-01   2.730725513047328E-01  -1.000000000000000E+05
  1.062065453929178E+00  -3.355576120771093E-01   2.844747072537954E-01  -1.000000000000000E+05
  1.037185999291068E+00  -3.267858421730863E-01   2.952447493068708E-01  -1.000000000000000E+05
  1.011095118419273E+00  -3.176686744858714E-01   3.053101491697028E-01  -1.000000000000000E+05
  9.842717449783549E-01  -3.081916541917727E-01   3.145755214776901E-01  -1.000000000000000E+05
  9.572442598008996E-01  -2.982327004607641E-01   3.229213115951030E-01  -1.000000000000000E+05
  9.305554228243708E-01  -2.875700126056200E-01   3.302064915138612E-01  -1.000000000000000E+05
  9.047232538624084E-01  -2.759031118205245E-01   3.362749738221358E-01  -1.000000000000000E+05
  8.802011084239874E-01  -2.628855132598076E-01   3.409650607964377E-01  -1.000000000000000E+05
  8.573404736013823E-01  -2.481662934876261E-01   3.441209385050861E-01  -1.000000000000000E+05
  8.363599657188778E-01  -2.314368259756712E-01   3.456050319431905E-01  -1.000000000000000E+05
  8.173236376517182E-01  -2.124783020217785E-01   3.453099716296871E-01  -1.000000000000000E+05
  8.001310229665705E-01  -1.912054044892839E-01   3.431689861447894E-01  -1.000000000000000E+05
  7.845204100182215E-01  -1.677016872537494E-01   3.391637168708878E-01  -1.000000000000000E+05
  7.700857312805918E-01  -1.422428230663773E-01   3.333287272612218E-01  -1.000000000000000E+05
  7.563062694932916E-01  -1.153048651822323E-01   3.257523171080915E-01  -1.000000000000000E+05
  7.425872302114284E-01  -8.755593637488301E-02   3.165736152334762E-01  -1.000000000000000E+05
  7.283082170434033E-01  -5.983119818183107E-02   3.059762734562300E-01  -1.000000000000000E+05
  7.128758674868372E-01  -3.309243200338249E-02   2.941793852715781E-01  -1.000000000000000E+05
  6.957764400159797E-01  -8.374946303626391E-03   2.814264756727910E-01  -1.000000000000000E+05
  6.766240355798014E-01   1.327431658588325E-02   2.679735346052626E-01  -1.000000000000000E+05
  6.552004050863688E-01   3.086277144022718E-02   2.540770874390468E-01  -1.000000000000000E+05
  6.314829205179379E-01   4.351715357708631E-02   2.399832149559275E-01  -1.000000000000000E+05
  6.056582197213007E-01   5.054235190102529E-02   2.259182668981221E-01  -1.000000000000000E+05
  5.781201937541639E-01   5.146947401342573E-02   2.120817802839977E-01  -1.000000000000000E+05
  5.494522696980623E-01   4.608937106282754E-02   1.986418457397273E-01  -1.000000000000000E+05
  5.203952377682832E-01   3.446903582322240E-02   1.857328939887581E-01  -1.000000000000000E+05
  4.918030644680061E-01   1.694968589356635E-02   1.734556313912308E-01  -1.000000000000000E+05
  4.645901176225644E-01  -5.873171448520818E-03   1.618786646242059E-01  -1.000000000000000E+05
  4.396739174655269E-01  -3.318595806730561E-02   1.510412395112970E-01  -1.000000000000000E+05
  4.179178605720484E-01  -6.400652780199838E-02   1.409564875605983E-01  -1.000000000000000E+05
  4.000783128822559E-01  -9.724297062153121E-02   1.316146255544683E-01  -1.000000000000000E+05
  3.867600418251551E-01  -1.317571154112356E-01   1.229856780668073E-01  -1.000000000000000E+05
  3.783831972693458E-01  -1.664279179189948E-01   1.150214708544855E-01  -1.000000000000000E+05
  3.751640284073853E-01  -2.002101264130042E-01   1.076568491045388E-01  -1.000000000000000E+05
  3.771103336697351E-01  -2.321842094581874E-01   1.008102796534738E-01  -1.000000000000000E+05
  3.840313925146679E-01  -2.615944420768747E-01   9.438417183281107E-02  -1.000000000000000E+05
  3.955609345079364E-01  -2.878731847415295E-01   8.826537245625708E-02  -1.000000000000000E+05
  4.111906688450375E-01  -3.106506421689187E-01   8.232633824282837E-02  -1.000000000000000E+05
  4.303111161465154E-01  -3.297506365923425E-01   7.642745425226745E-02  -1.000000000000000E+05
  4.522560189249180E-01  -3.451740583665066E-01   7.042085058213357E-02  -1.000000000000000E+05
  4.763464919269512E-01  -3.570725660717458E-01   6.415588297539265E-02  -1.000000000000000E+05
  5.019313095206455E-01  -3.657157239786015E-01   5.748620684063545E-02  -1.000000000000000E+05
  5.284202823347516E-01  -3.714550432384331E-01   5.027811645457860E-02  -1.000000000000000E+05
  5.553084879248754E-01  -3.746883254656209E-01   4.241957394681269E-02  -1.000000000000000E+05
  5.821901056958604E-01  -3.758273188902175E-01   3.382914878483266E-02  -1.000000000000000E+05
  6.087616654065754E-01  -3.752710442875116E-01   2.446395739146540E-02  -1.000000000000000E+05
  6.348155472733885E-01  -3.733863110509404E-01   1.432565696694602E-02  -1.000000000000000E+05
  6.602254712639820E-01  -3.704960191324284E-01   3.463620573197062E-03  -1.000000000000000E+05
  6.849263997592403E-01  -3.668749313997310E-01  -8.025396589511607E-03  -1.000000000000000E+05
  7.088916902422479E-01  -3.627517991731154E-01  -2.000150811421045E-02  -1.000000000000000E+05
  7.321104402939047E-01  -3.583161120809981E-01  -3.228991541260925E-02  -1.000000000000000E+05
  7.545677642869985E-01  -3.537273795119790E-01  -4.469274528304270E-02  -1.000000000000000E+05
  7.762302588948059E-01  -3.491247637648851E-01  -5.700375297189141E-02  -1.000000000000000E+05
  7.970382093853502E-01  -3.446350723563761E-01  -6.902477400432724E-02  -1.000000000000000E+05
  8.169052385432364E-01  -3.403775464881120E-01  -8.058252571608165E-02  -1.000000000000000E+05
  8.357251961213215E-01  -3.364644958992978E-01  -9.154419408994430E-02  -1.000000000000000E+05
  8.533852241346314E-01  -3.329975493291648E-01  -1.018302190197039E-01  -1.000000000000000E+05
  8.697832016194096E-01  -3.300600260082853E-01  -1.114228242810543E-01  -1.000000000000000E+05
  8.848472466963677E-01  -3.277065975178768E-01  -1.203691250519913E-01  -1.000000000000000E+05
  8.985546869659674E-01  -3.259519204462044E-01  -1.287780680051415E-01  -1.000000000000000E+05
  9.109479274239392E-01  -3.247602156853371E-01  -1.368109844608763E-01  -1.000000000000000E+05
  9.221449447744285E-01  -3.240378116856275E-01  -1.446661214899300E-01  -1.000000000000000E+05
  9.323426859481068E-01  -3.236304470633734E-01  -1.525581066305120E-01  -1.000000000000000E+05
  9.418123891541953E-01  -3.233266631331366E-01  -1.606938430576567E-01  -1.000000000000000E+05
  9.508867009009805E-01  -3.228679575896380E-01  -1.692467695097238E-01  -1.000000000000000E+05
  9.599393436468374E-01  -3.219655879024115E-01  -1.783317061289258E-01  -1.000000000000000E+05
  9.693589051772507E-01  -3.203230935167468E-01  -1.879826086998286E-01  -1.000000000000000E+05
  9.795189882655346E-01  -3.176628422674854E-01  -1.981354504787336E-01  -1.000000000000000E+05
  9.907474086879053E-01  -3.137542872349687E-01  -2.086181420472026E-01  -1.000000000000000E+05
  1.003297314336911E+00  -3.084412208295475E-01  -2.191489035494639E-01  -1.000000000000000E+05
  1.017322997843066E+00  -3.016651865849438E-01  -2.293438564266241E-01  -1.000000000000000E+05
  1.032862798258325E+00  -2.934823814303155E-01  -2.387338547164472E-01  -1.000000000000000E+05
  1.049830870163796E+00  -2.840718463470678E-01  -2.467897914949534E-01  -1.000000000000000E+05
  1.068018801203741E+00  -2.737334643014791E-01  -2.529548620112150E-01  -1.000000000000000E+05
  1.087107159557545E+00  -2.628751961527373E-01  -2.566816089279698E-01  -1.000000000000000E+05
  1.106686139288709E+00  -2.519900010004257E-01  -2.574710775827944E-01  -1.000000000000000E+05
  1.126283633085820E+00  -2.416239069911235E-01  -2.549111187272706E-01  -1.000000000000000E+05
  1.145398380151105E+00  -2.323376185424834E-01  -2.487108241541290E-01  -1.000000000000000E+05
  1.163535377622377E+00  -2.246647701618387E-01  -2.387282781183110E-01  -1.000000000000000E+05
  1.180240550414536E+00  -2.190703867077254E-01  -2.249892439815123E-01  -1.000000000000000E+05
  1.195131763785598E+00  -2.159132318827714E-01  -2.076950494330523E-01  -1.000000000000000E+05
  1.207923624366762E+00  -2.154154993087438E-01  -1.872187346869580E-01  -1.000000000000000E+05
  1.218444111281452E+00  -2.176427364018015E-01  -1.640894214916779E-01  -1.000000000000000E+05
  1.226641849038752E+00  -2.224960368183078E-01  -1.389657729702433E-01  -1.000000000000000E+05
  1.232583701333965E+00  -2.297174685246687E-01  -1.126002690910942E-01  -1.000000000000000E+05
  1.236443244233514E+00  -2.389085202029147E-01  -8.579674800419836E-02  -1.000000000000000E+05
  1.238481482897037E+00  -2.495601605530109E-01  -5.936419817565996E-02  -1.000000000000000E+05
  1.239021830919622E+00  -2.610920272119377E-01  -3.407008484604145E-02  -1.000000000000000E+05
  1.238421814615916E+00  -2.728973996613739E-01  -1.059653151212079E-02  -1.000000000000000E+05
  1.237044157250526E+00  -2.843900493975822E-01   1.049755010503098E-02  -1.000000000000000E+05
  1.235229827229691E+00  -2.950488584328407E-01   2.880576020480086E-02  -1.000000000000000E+05
  1.233275313265691E+00  -3.044562774162103E-01   4.409299624134406E-02  -1.000000000000000E+05
  1.231415857235977E+00  -3.123272440222664E-01   5.630260179823005E-02  -1.000000000000000E+05
  1.229815691435833E+00  -3.185260515827857E-01   6.555165773515981E-02  -1.000000000000000E+05
  1.228565565202305E+00  -3.230697666161043E-01   7.211509625780479E-02  -1.000000000000000E+05
  1.227687087210415E+00  -3.261180374924596E-01   7.640014724691133E-02  -1.000000000000000E+05
  1.227142733147836E+00  -3.279503966838628E-01   7.891331420635674E-02  -1.000000000000000E+05
  1.226849843114119E+00  -3.289333152294923E-01   8.022257029707276E-02  -1.000000000000000E+05
  1.226849843114119E+00  -3.289333152294923E-01   8.022257029707273E-02   0.000000000000000E+00 3 RotatedCurve7 
  6.794425714651566E-01  -1.245721187421556E+00   8.092390786417487E-02  -1.006012041539236E+05
  6.791743582144313E-01  -1.245295072132948E+00   8.161386121114111E-02  -1.006012041539236E+05
  6.786990690217838E-01  -1.244566029864895E+00   8.276638519587502E-02  -1.006012041539236E+05
  6.776928093760171E-01  -1.242931690607243E+00   8.519010922211043E-02  -1.006012041539236E+05
  6.758789664298285E-01  -1.239790294608026E+00   8.959858958397121E-02  -1.006012041539236E+05
  6.730546263140813E-01  -1.234607815898869E+00   9.656496440872792E-02  -1.006012041539236E+05
  6.691109381358142E-01  -1.226977309310364E+00   1.064898066819242E-01  -1.006012041539236E+05
  6.640452983699638E-01  -1.216664705519954E+00   1.195844886195491E-01  -1.006012041539236E+05
  6.579639036873344E-01  -1.203636667483101E+00   1.358708416710206E-01  -1.006012041539236E+05
  6.510740578659502E-01  -1.188067925363737E+00   1.551963176162610E-01  -1.006012041539236E+05
  6.436665455793318E-01  -1.170327547863591E+00   1.772623850943664E-01  -1.006012041539236E+05
  6.360893179907527E-01  -1.150945685635766E+00   2.016626782497404E-01  -1.006012041539236E+05
  6.287145846808213E-01  -1.130564234722604E+00   2.279265694385900E-01  -1.006012041539236E+05
  6.219020913061506E-01  -1.109876429362332E+00   2.555634472747991E-01  -1.006012041539236E+05
  6.159618136469760E-01  -1.089561433935805E+00   2.841030795611869E-01  -1.006012041539236E+05
  6.111194676346400E-01  -1.070220462806542E+00   3.131280129988250E-01  -1.006012041539236E+05
  6.074880980673180E-01  -1.052320773095759E+00   3.422949450631349E-01  -1.006012041539236E+05
  6.050485705142227E-01  -1.036153070730552E+00   3.713432935383215E-01  -1.006012041539236E+05
  6.036410839821443E-01  -1.021806526619037E+00   4.000906504162345E-01  -1.006012041539236E+05
  6.029689044731187E-01  -1.009163851916072E+00   4.284162865250717E-01  -1.006012041539236E+05
  6.026144704048501E-01  -9.979169021748832E-01   4.562352170354518E-01  -1.006012041539236E+05
  6.020669324069960E-01  -9.876012644756808E-01   4.834664056110049E-01  -1.006012041539236E+05
  6.007591598816144E-01  -9.776464265693829E-01   5.099993644669367E-01  -1.006012041539236E+05
  5.981113688059241E-01  -9.674366129967343E-01   5.356636267796097E-01  -1.006012041539236E+05
  5.935778809540484E-01  -9.563763459469387E-01   5.602053017689076E-01  -1.006012041539236E+05
  5.866931752677339E-01  -9.439543457134628E-01   5.832741962621255E-01  -1.006012041539236E+05
  5.771133727561411E-01  -9.297995666522263E-01   6.044238720912620E-01  -1.006012041539236E+05
  5.646496128027196E-01  -9.137239479463733E-01   6.231256190939123E-01  -1.006012041539236E+05
  5.492904065903970E-01  -8.957477638760032E-01   6.387958006984432E-01  -1.006012041539236E+05
  5.312109397789782E-01  -8.761051548409203E-01   6.508345298347883E-01  -1.006012041539236E+05
  5.107683652586353E-01  -8.552293399468021E-01   6.586723130055971E-01  -1.006012041539236E+05
  4.884832847208806E-01  -8.337189658572753E-01   6.618202987922772E-01  -1.006012041539236E+05
  4.650087636014333E-01  -8.122888442867561E-01   6.599191919180920E-01  -1.006012041539236E+05
  4.410892572421881E-01  -7.917097982741996E-01   6.527818112102725E-01  -1.006012041539236E+05
  4.175126565245783E-01  -7.727433353475331E-01   6.404246962857320E-01  -1.006012041539236E+05
  3.950592166283287E-01  -7.560773012544015E-01   6.230850692559330E-01  -1.006012041539236E+05
  3.744513656139565E-01  -7.422685044861399E-01   6.012207517888819E-01  -1.006012041539236E+05
  3.563082818343020E-01  -7.316975618661814E-01   5.754922017796757E-01  -1.006012041539236E+05
  3.411086928711348E-01  -7.245399778906566E-01   5.467275166116202E-01  -1.006012041539236E+05
  3.291646251002424E-01  -7.207558622463592E-01   5.158728869609871E-01  -1.006012041539236E+05
  3.206078886824281E-01  -7.200988730115988E-01   4.839324144758664E-01  -1.006012041539236E+05
  3.153900032930732E-01  -7.221431281973746E-01   4.519022854393493E-01  -1.006012041539236E+05
  3.132951517670522E-01  -7.263251368582077E-01   4.207049108449846E-01  -1.006012041539236E+05
  3.139646906571921E-01  -7.319964269665762E-01   3.911287355446900E-01  -1.006012041539236E+05
  3.169308401587249E-01  -7.384816210876107E-01   3.637789706730398E-01  -1.006012041539236E+05
  3.216564974126195E-01  -7.451363169747244E-01   3.390435525915959E-01  -1.006012041539236E+05
  3.275777213788510E-01  -7.513992988517293E-01   3.170772656658884E-01  -1.006012041539236E+05
  3.341453521849497E-01  -7.568343101793185E-01   2.978053138436453E-01  -1.006012041539236E+05
  3.408624523364712E-01  -7.611577806857899E-01   2.809458444259767E-01  -1.006012041539236E+05
  3.473147625762623E-01  -7.642503952144674E-01   2.660491871461484E-01  -1.006012041539236E+05
  3.531920977888590E-01  -7.661520635863640E-01   2.525500399417597E-01  -1.006012041539236E+05
  3.582994950799772E-01  -7.670415275709971E-01   2.398276572219599E-01  -1.006012041539236E+05
  3.625578817611321E-01  -7.672033533678534E-01   2.272683904528573E-01  -1.006012041539236E+05
  3.659949662160822E-01  -7.669862548621854E-01   2.143247626691000E-01  -1.006012041539236E+05
  3.687278847597266E-01  -7.667574575590930E-01   2.005656441758210E-01  -1.006012041539236E+05
  3.709397901526170E-01  -7.668580743877118E-01   1.857129986388629E-01  -1.006012041539236E+05
  3.728529887287629E-01  -7.675642038413124E-01   1.696619992877532E-01  -1.006012041539236E+05
  3.747013928216447E-01  -7.690577134287944E-01   1.524829448254068E-01  -1.006012041539236E+05
  3.767049486376153E-01  -7.714095222536755E-01   1.344051756419442E-01  -1.006012041539236E+05
  3.790483475912907E-01  -7.745767715151490E-01   1.157849313481754E-01  -1.006012041539236E+05
  3.818657747268627E-01  -7.784137241112401E-01   9.706063202211256E-02  -1.006012041539236E+05
  3.852327524233222E-01  -7.826947290471573E-01   7.870025915815042E-02  -1.006012041539236E+05
  3.891653738071333E-01  -7.871462820963173E-01   6.114624360389203E-02  -1.006012041539236E+05
  3.936264649588451E-01  -7.914842480978085E-01   4.476346760646131E-02  -1.006012041539236E+05
  3.985375414023216E-01  -7.954517831184177E-01   2.979563935102565E-02  -1.006012041539236E+05
  4.037948952713869E-01  -7.988534605485281E-01   1.633443754494979E-02  -1.006012041539236E+05
  4.092878113444188E-01  -8.015815659538953E-01   4.304537069867756E-03  -1.006012041539236E+05
  4.149167887483073E-01  -8.036314307560238E-01  -6.533957811977090E-03  -1.006012041539236E+05
  4.206097440695071E-01  -8.051039270748862E-01  -1.656587238034232E-02  -1.006012041539236E+05
  4.263344722860336E-01  -8.061947109046381E-01  -2.628601037414148E-02  -1.006012041539236E+05
  4.321061061814906E-01  -8.071713207918708E-01  -3.625229478394044E-02  -1.006012041539236E+05
  4.379888893775566E-01  -8.083406503346421E-01  -4.703156581845302E-02  -1.006012041539236E+05
  4.440922001295399E-01  -8.100104616284737E-01  -5.914331180477333E-02  -1.006012041539236E+05
  4.505613671437395E-01  -8.124493663876748E-01  -7.300679892190703E-02  -1.006012041539236E+05
  4.575643434704455E-01  -8.158499850589508E-01  -8.889671957409075E-02  -1.006012041539236E+05
  4.652756987423243E-01  -8.202997644395054E-01  -1.069116337897888E-01  -1.006012041539236E+05
  4.738596175459420E-01  -8.257632074906519E-01  -1.269582191554026E-01  -1.006012041539236E+05
  4.834536348637152E-01  -8.320781141495575E-01  -1.487527986238564E-01  -1.006012041539236E+05
  4.941547004124729E-01  -8.389669638984167E-01  -1.718399359103820E-01  -1.006012041539236E+05
  5.060088634739206E-01  -8.460629391321873E-01  -1.956262412865880E-01  -1.006012041539236E+05
  5.190054459294065E-01  -8.529484619711110E-01  -2.194260784625979E-01  -1.006012041539236E+05
  5.330760731187659E-01  -8.592026674104831E-01  -2.425147478088387E-01  -1.006012041539236E+05
  5.480984157392144E-01  -8.644531186141675E-01  -2.641840502021081E-01  -1.006012041539236E+05
  5.639040175494067E-01  -8.684264102389605E-01  -2.837949724243487E-01  -1.006012041539236E+05
  5.802891937587719E-01  -8.709921826933390E-01  -3.008225917212100E-01  -1.006012041539236E+05
  5.970277233120450E-01  -8.721955104244659E-01  -3.148891345391217E-01  -1.006012041539236E+05
  6.138839494493652E-01  -8.722735999277005E-01  -3.257823557081128E-01  -1.006012041539236E+05
  6.306249541448453E-01  -8.716541526770529E-01  -3.334579037825173E-01  -1.006012041539236E+05
  6.470306726081037E-01  -8.709344821507503E-01  -3.380259541829556E-01  -1.006012041539236E+05
  6.629011368220945E-01  -8.708423558534978E-01  -3.397239616505376E-01  -1.006012041539236E+05
  6.780604416856456E-01  -8.721813779456222E-01  -3.388787501998399E-01  -1.006012041539236E+05
  6.923574646986185E-01  -8.757653511993507E-01  -3.358621862071339E-01  -1.006012041539236E+05
  7.056637881332501E-01  -8.823472925634721E-01  -3.310452670791433E-01  -1.006012041539236E+05
  7.178696218660883E-01  -8.925494941041159E-01  -3.247555473505578E-01  -1.006012041539236E+05
  7.288787643327022E-01  -9.068011388625788E-01  -3.172424094901942E-01  -1.006012041539236E+05
  7.386037400908125E-01  -9.252894752368404E-01  -3.086538123107426E-01  -1.006012041539236E+05
  7.469622029589321E-01  -9.479294606419280E-01  -2.990269060016432E-01  -1.006012041539236E+05
  7.538754988453524E-01  -9.743552001728940E-01  -2.882934167812377E-01  -1.006012041539236E+05
  7.592699644165920E-01  -1.003934572880433E+00  -2.762991275123344E-01  -1.006012041539236E+05
  7.630811335596597E-01  -1.035806336997753E+00  -2.628352738046177E-01  -1.006012041539236E+05
  7.652605807357981E-01  -1.068936934595855E+00  -2.476783914302952E-01  -1.006012041539236E+05
  7.657847018564885E-01  -1.102192373734248E+00  -2.306342210602363E-01  -1.006012041539236E+05
  7.646643719044879E-01  -1.134419130449593E+00  -2.115807955039951E-01  -1.006012041539236E+05
  7.619541705485400E-01  -1.164527124813004E+00  -1.905058527671824E-01  -1.006012041539236E+05
  7.577597672186975E-01  -1.191567574421367E+00  -1.675342351257414E-01  -1.006012041539236E+05
  7.522421245094185E-01  -1.214798944326790E+00  -1.429418997249212E-01  -1.006012041539236E+05
  7.456174140577643E-01  -1.233735260175537E+00  -1.171544845034192E-01  -1.006012041539236E+05
  7.381519240158894E-01  -1.248172636130362E+00  -9.072991351592903E-02  -1.006012041539236E+05
  7.301517362551001E-01  -1.258191844013791E+00  -6.432613449485310E-02  -1.006012041539236E+05
  7.219475147396992E-01  -1.264136930098662E+00  -3.865659811408849E-02  -1.006012041539236E+05
  7.138753151445336E-01  -1.266572065854895E+00  -1.443736113361643E-02  -1.006012041539236E+05
  7.062548376674115E-01  -1.266220792913667E+00   7.669403326454046E-03  -1.006012041539236E+05
  6.993669414025908E-01  -1.263893403939594E+00   2.711026668838520E-02  -1.006012041539236E+05
  6.934324706362196E-01  -1.260409240662657E+00   4.348862463128852E-02  -1.006012041539236E+05
  6.885944772977205E-01  -1.256521090362516E+00   5.660141518483706E-02  -1.006012041539236E+05
  6.849057451825599E-01  -1.252848586121797E+00   6.646091433283505E-02  -1.006012041539236E+05
  6.823231375953863E-01  -1.249826592380264E+00   7.329941616906427E-02  -1.006012041539236E+05
  6.807097294280157E-01  -1.247673075923107E+00   7.755618720843983E-02  -1.006012041539236E+05
  6.798449954080422E-01  -1.246379066879649E+00   7.984772686498580E-02  -1.006012041539236E+05
  6.794425714651566E-01  -1.245721187421556E+00   8.092390786417487E-02  -1.006012041539236E+05
  6.794425714651566E-01  -1.245721187421556E+00   8.092390786417487E-02   0.000000000000000E+00 4 RotatedCurve8 
 -1.226849843114119E+00  -3.289333152294922E-01  -8.022257029707273E-02   1.000000000000000E+05
 -1.226696611124363E+00  -3.294802089415649E-01  -8.091772661356360E-02   1.000000000000000E+05
 -1.226557980379623E+00  -3.300082305483122E-01  -8.157193931432291E-02   1.000000000000000E+05
 -1.226309507079948E+00  -3.308959488224592E-01  -8.270709533058676E-02   1.000000000000000E+05
 -1.225837621486596E+00  -3.324458887002938E-01  -8.476537481187481E-02   1.000000000000000E+05
 -1.225045253428503E+00  -3.348553976397246E-01  -8.808867685053556E-02   1.000000000000000E+05
 -1.223852437772202E+00  -3.381984624272352E-01  -9.290687157948171E-02   1.000000000000000E+05
 -1.222192199067622E+00  -3.424200093334906E-01  -9.933507274070981E-02   1.000000000000000E+05
 -1.220002655395433E+00  -3.473429856280005E-01  -1.073793784800238E-01   1.000000000000000E+05
 -1.217216805721675E+00  -3.526872630082978E-01  -1.169498683715080E-01   1.000000000000000E+05
 -1.213751811684019E+00  -3.580982469936805E-01  -1.278791255269409E-01   1.000000000000000E+05
 -1.209499711736503E+00  -3.631821346721881E-01  -1.399442135810933E-01   1.000000000000000E+05
 -1.204321394858923E+00  -3.675441294121153E-01  -1.528899011546946E-01   1.000000000000000E+05
 -1.198045320530634E+00  -3.708256582053162E-01  -1.664509937437689E-01   1.000000000000000E+05
 -1.190471934833563E+00  -3.727367717366154E-01  -1.803718887709058E-01   1.000000000000000E+05
 -1.181384055145308E+00  -3.730804264278235E-01  -1.944218810175434E-01   1.000000000000000E+05
 -1.170562750373520E+00  -3.717662008292033E-01  -2.084052670530553E-01   1.000000000000000E+05
 -1.157807511805101E+00  -3.688121017761776E-01  -2.221658744901436E-01   1.000000000000000E+05
 -1.142958873903737E+00  -3.643343594679826E-01  -2.355862178891704E-01   1.000000000000000E+05
 -1.125921179337072E+00  -3.585263712825419E-01  -2.485820034158332E-01   1.000000000000000E+05
 -1.106682946703698E+00  -3.516291055037590E-01  -2.610931220606730E-01   1.000000000000000E+05
 -1.085332328891884E+00  -3.438962019599843E-01  -2.730725513047328E-01   1.000000000000000E+05
 -1.062065453929178E+00  -3.355576120771092E-01  -2.844747072537954E-01   1.000000000000000E+05
 -1.037185999291068E+00  -3.267858421730861E-01  -2.952447493068708E-01   1.000000000000000E+05
 -1.011095118419273E+00  -3.176686744858713E-01  -3.053101491697028E-01   1.000000000000000E+05
 -9.842717449783549E-01  -3.081916541917726E-01  -3.145755214776901E-01   1.000000000000000E+05
 -9.572442598008996E-01  -2.982327004607640E-01  -3.229213115951030E-01   1.000000000000000E+05
 -9.305554228243708E-01  -2.875700126056199E-01  -3.302064915138612E-01   1.000000000000000E+05
 -9.047232538624084E-01  -2.759031118205244E-01  -3.362749738221358E-01   1.000000000000000E+05
 -8.802011084239874E-01  -2.628855132598075E-01  -3.409650607964377E-01   1.000000000000000E+05
 -8.573404736013823E-01  -2.481662934876260E-01  -3.441209385050861E-01   1.000000000000000E+05
 -8.363599657188778E-01  -2.314368259756711E-01  -3.456050319431905E-01   1.000000000000000E+05
 -8.173236376517182E-01  -2.124783020217784E-01  -3.453099716296871E-01   1.000000000000000E+05
 -8.001310229665705E-01  -1.912054044892837E-01  -3.431689861447894E-01   1.000000000000000E+05
 -7.845204100182215E-01  -1.677016872537493E-01  -3.391637168708878E-01   1.000000000000000E+05
 -7.700857312805918E-01  -1.422428230663772E-01  -3.333287272612218E-01   1.000000000000000E+05
 -7.563062694932916E-01  -1.153048651822322E-01  -3.257523171080915E-01   1.000000000000000E+05
 -7.425872302114284E-01  -8.755593637488292E-02  -3.165736152334762E-01   1.000000000000000E+05
 -7.283082170434033E-01  -5.983119818183098E-02  -3.059762734562300E-01   1.000000000000000E+05
 -7.128758674868372E-01  -3.309243200338240E-02  -2.941793852715781E-01   1.000000000000000E+05
 -6.957764400159797E-01  -8.374946303626306E-03  -2.814264756727910E-01   1.000000000000000E+05
 -6.766240355798014E-01   1.327431658588334E-02  -2.679735346052626E-01   1.000000000000000E+05
 -6.552004050863688E-01   3.086277144022726E-02  -2.540770874390468E-01   1.000000000000000E+05
 -6.314829205179379E-01   4.351715357708638E-02  -2.399832149559275E-01   1.000000000000000E+05
 -6.056582197213007E-01   5.054235190102536E-02  -2.259182668981221E-01   1.000000000000000E+05
 -5.781201937541639E-01   5.146947401342580E-02  -2.120817802839977E-01   1.000000000000000E+05
 -5.494522696980623E-01   4.608937106282761E-02  -1.986418457397273E-01   1.000000000000000E+05
 -5.203952377682832E-01   3.446903582322246E-02  -1.857328939887581E-01   1.000000000000000E+05
 -4.918030644680061E-01   1.694968589356641E-02  -1.734556313912308E-01   1.000000000000000E+05
 -4.645901176225644E-01  -5.873171448520760E-03  -1.618786646242059E-01   1.000000000000000E+05
 -4.396739174655269E-01  -3.318595806730556E-02  -1.510412395112970E-01   1.000000000000000E+05
 -4.179178605720484E-01  -6.400652780199832E-02  -1.409564875605983E-01   1.000000000000000E+05
 -4.000783128822559E-01  -9.724297062153116E-02  -1.316146255544683E-01   1.000000000000000E+05
 -3.867600418251551E-01  -1.317571154112355E-01  -1.229856780668073E-01   1.000000000000000E+05
 -3.783831972693458E-01  -1.664279179189948E-01  -1.150214708544855E-01   1.000000000000000E+05
 -3.751640284073853E-01  -2.002101264130041E-01  -1.076568491045388E-01   1.000000000000000E+05
 -3.771103336697352E-01  -2.321842094581873E-01  -1.008102796534738E-01   1.000000000000000E+05
 -3.840313925146679E-01  -2.615944420768747E-01  -9.438417183281107E-02   1.000000000000000E+05
 -3.955609345079365E-01  -2.878731847415294E-01  -8.826537245625708E-02   1.000000000000000E+05
 -4.111906688450376E-01  -3.106506421689186E-01  -8.232633824282837E-02   1.000000000000000E+05
 -4.303111161465155E-01  -3.297506365923425E-01  -7.642745425226745E-02   1.000000000000000E+05
 -4.522560189249180E-01  -3.451740583665065E-01  -7.042085058213357E-02   1.000000000000000E+05
 -4.763464919269512E-01  -3.570725660717457E-01  -6.415588297539265E-02   1.000000000000000E+05
 -5.019313095206455E-01  -3.657157239786015E-01  -5.748620684063545E-02   1.000000000000000E+05
 -5.284202823347516E-01  -3.714550432384331E-01  -5.027811645457860E-02   1.000000000000000E+05
 -5.553084879248754E-01  -3.746883254656208E-01  -4.241957394681269E-02   1.000000000000000E+05
 -5.821901056958604E-01  -3.758273188902174E-01  -3.382914878483266E-02   1.000000000000000E+05
 -6.087616654065754E-01  -3.752710442875115E-01  -2.446395739146540E-02   1.000000000000000E+05
 -6.348155472733885E-01  -3.733863110509403E-01  -1.432565696694602E-02   1.000000000000000E+05
 -6.602254712639820E-01  -3.704960191324283E-01  -3.463620573197062E-03   1.000000000000000E+05
 -6.849263997592403E-01  -3.668749313997309E-01   8.025396589511607E-03   1.000000000000000E+05
 -7.088916902422479E-01  -3.627517991731153E-01   2.000150811421045E-02   1.000000000000000E+05
 -7.321104402939047E-01  -3.583161120809980E-01   3.228991541260925E-02   1.000000000000000E+05
 -7.545677642869985E-01  -3.537273795119789E-01   4.469274528304270E-02   1.000000000000000E+05
 -7.762302588948059E-01  -3.491247637648850E-01   5.700375297189141E-02   1.000000000000000E+05
 -7.970382093853502E-01  -3.446350723563760E-01   6.902477400432724E-02   1.000000000000000E+05
 -8.169052385432364E-01  -3.403775464881119E-01   8.058252571608165E-02   1.000000000000000E+05
 -8.357251961213215E-01  -3.364644958992977E-01   9.154419408994430E-02   1.000000000000000E+05
 -8.533852241346314E-01  -3.329975493291647E-01   1.018302190197039E-01   1.000000000000000E+05
 -8.697832016194096E-01  -3.300600260082852E-01   1.114228242810543E-01   1.000000000000000E+05
 -8.848472466963677E-01  -3.277065975178767E-01   1.203691250519913E-01   1.000000000000000E+05
 -8.985546869659674E-01  -3.259519204462043E-01   1.287780680051415E-01   1.000000000000000E+05
 -9.109479274239392E-01  -3.247602156853370E-01   1.368109844608763E-01   1.000000000000000E+05
 -9.221449447744285E-01  -3.240378116856274E-01   1.446661214899300E-01   1.000000000000000E+05
 -9.323426859481068E-01  -3.236304470633733E-01   1.525581066305120E-01   1.000000000000000E+05
 -9.418123891541953E-01  -3.233266631331365E-01   1.606938430576567E-01   1.000000000000000E+05
 -9.508867009009805E-01  -3.228679575896379E-01   1.692467695097238E-01   1.000000000000000E+05
 -9.599393436468374E-01  -3.219655879024114E-01   1.783317061289258E-01   1.000000000000000E+05
 -9.693589051772507E-01  -3.203230935167466E-01   1.879826086998286E-01   1.000000000000000E+05
 -9.795189882655346E-01  -3.176628422674853E-01   1.981354504787336E-01   1.000000000000000E+05
 -9.907474086879053E-01  -3.137542872349686E-01   2.086181420472026E-01   1.000000000000000E+05
 -1.003297314336911E+00  -3.084412208295474E-01   2.191489035494639E-01   1.000000000000000E+05
 -1.017322997843066E+00  -3.016651865849437E-01   2.293438564266241E-01   1.000000000000000E+05
 -1.032862798258325E+00  -2.934823814303154E-01   2.387338547164472E-01   1.000000000000000E+05
 -1.049830870163796E+00  -2.840718463470677E-01   2.467897914949534E-01   1.000000000000000E+05
 -1.068018801203741E+00  -2.737334643014790E-01   2.529548620112150E-01   1.000000000000000E+05
 -1.087107159557545E+00  -2.628751961527372E-01   2.566816089279698E-01   1.000000000000000E+05
 -1.106686139288709E+00  -2.519900010004256E-01   2.574710775827944E-01   1.000000000000000E+05
 -1.126283633085820E+00  -2.416239069911234E-01   2.549111187272706E-01   1.000000000000000E+05
 -1.145398380151105E+00  -2.323376185424833E-01   2.487108241541290E-01   1.000000000000000E+05
 -1.163535377622377E+00  -2.246647701618386E-01   2.387282781183110E-01   1.000000000000000E+05
 -1.180240550414536E+00  -2.190703867077253E-01   2.249892439815123E-01   1.000000000000000E+05
 -1.195131763785598E+00  -2.159132318827713E-01   2.076950494330523E-01   1.000000000000000E+05
 -1.207923624366762E+00  -2.154154993087436E-01   1.872187346869580E-01   1.000000000000000E+05
 -1.218444111281452E+00  -2.176427364018014E-01   1.640894214916779E-01   1.000000000000000E+05
 -1.226641849038752E+00  -2.224960368183077E-01   1.389657729702433E-01   1.000000000000000E+05
 -1.232583701333965E+00  -2.297174685246686E-01   1.126002690910942E-01   1.000000000000000E+05
 -1.236443244233514E+00  -2.389085202029146E-01   8.579674800419836E-02   1.000000000000000E+05
 -1.238481482897037E+00  -2.495601605530108E-01   5.936419817565996E-02   1.000000000000000E+05
 -1.239021830919622E+00  -2.610920272119375E-01   3.407008484604145E-02   1.000000000000000E+05
 -1.238421814615916E+00  -2.728973996613738E-01   1.059653151212079E-02   1.000000000000000E+05
 -1.237044157250526E+00  -2.843900493975820E-01  -1.049755010503098E-02   1.000000000000000E+05
 -1.235229827229691E+00  -2.950488584328405E-01  -2.880576020480086E-02   1.000000000000000E+05
 -1.233275313265691E+00  -3.044562774162101E-01  -4.409299624134406E-02   1.000000000000000E+05
 -1.231415857235977E+00  -3.123272440222662E-01  -5.630260179823005E-02   1.000000000000000E+05
 -1.229815691435833E+00  -3.185260515827855E-01  -6.555165773515981E-02   1.000000000000000E+05
 -1.228565565202305E+00  -3.230697666161041E-01  -7.211509625780479E-02   1.000000000000000E+05
 -1.227687087210415E+00  -3.261180374924594E-01  -7.640014724691133E-02   1.000000000000000E+05
 -1.227142733147836E+00  -3.279503966838627E-01  -7.891331420635674E-02   1.000000000000000E+05
 -1.226849843114119E+00  -3.289333152294921E-01  -8.022257029707276E-02   1.000000000000000E+05
 -1.226849843114119E+00  -3.289333152294922E-01  -8.022257029707273E-02   0.000000000000000E+00 5 RotatedCurve9 
 -6.794425714651567E-01  -1.245721187421556E+00  -8.092390786417487E-02   1.006012041539236E+05
 -6.791743582144314E-01  -1.245295072132948E+00  -8.161386121114111E-02   1.006012041539236E+05
 -6.786990690217839E-01  -1.244566029864895E+00  -8.276638519587502E-02   1.006012041539236E+05
 -6.776928093760172E-01  -1.242931690607243E+00  -8.519010922211043E-02   1.006012041539236E+05
 -6.758789664298286E-01  -1.239790294608026E+00  -8.959858958397121E-02   1.006012041539236E+05
 -6.730546263140814E-01  -1.234607815898869E+00  -9.656496440872792E-02   1.006012041539236E+05
 -6.691109381358143E-01  -1.226977309310364E+00  -1.064898066819242E-01   1.006012041539236E+05
 -6.640452983699640E-01  -1.216664705519954E+00  -1.195844886195491E-01   1.006012041539236E+05
 -6.579639036873345E-01  -1.203636667483101E+00  -1.358708416710206E-01   1.006012041539236E+05
 -6.510740578659503E-01  -1.188067925363737E+00  -1.551963176162610E-01   1.006012041539236E+05
 -6.436665455793319E-01  -1.170327547863591E+00  -1.772623850943664E-01   1.006012041539236E+05
 -6.360893179907529E-01  -1.150945685635766E+00  -2.016626782497404E-01   1.006012041539236E+05
 -6.287145846808214E-01  -1.130564234722604E+00  -2.279265694385900E-01   1.006012041539236E+05
 -6.219020913061507E-01  -1.109876429362332E+00  -2.555634472747991E-01   1.006012041539236E+05
 -6.159618136469761E-01  -1.089561433935805E+00  -2.841030795611869E-01   1.006012041539236E+05
 -6.111194676346401E-01  -1.070220462806542E+00  -3.131280129988250E-01   1.006012041539236E+05
 -6.074880980673181E-01  -1.052320773095759E+00  -3.422949450631349E-01   1.006012041539236E+05
 -6.050485705142228E-01  -1.036153070730552E+00  -3.713432935383215E-01   1.006012041539236E+05
 -6.036410839821444E-01  -1.021806526619037E+00  -4.000906504162345E-01   1.006012041539236E+05
 -6.029689044731188E-01  -1.009163851916072E+00  -4.284162865250717E-01   1.006012041539236E+05
 -6.026144704048502E-01  -9.979169021748830E-01  -4.562352170354518E-01   1.006012041539236E+05
 -6.020669324069962E-01  -9.876012644756806E-01  -4.834664056110049E-01   1.006012041539236E+05
 -6.007591598816145E-01  -9.776464265693828E-01  -5.099993644669367E-01   1.006012041539236E+05
 -5.981113688059242E-01  -9.674366129967342E-01  -5.356636267796097E-01   1.006012041539236E+05
 -5.935778809540485E-01  -9.563763459469385E-01  -5.602053017689076E-01   1.006012041539236E+05
 -5.866931752677340E-01  -9.439543457134627E-01  -5.832741962621255E-01   1.006012041539236E+05
 -5.771133727561412E-01  -9.297995666522262E-01  -6.044238720912620E-01   1.006012041539236E+05
 -5.646496128027197E-01  -9.137239479463732E-01  -6.231256190939123E-01   1.006012041539236E+05
 -5.492904065903971E-01  -8.957477638760031E-01  -6.387958006984432E-01   1.006012041539236E+05
 -5.312109397789783E-01  -8.761051548409202E-01  -6.508345298347883E-01   1.006012041539236E+05
 -5.107683652586354E-01  -8.552293399468019E-01  -6.586723130055971E-01   1.006012041539236E+05
 -4.884832847208807E-01  -8.337189658572752E-01  -6.618202987922772E-01   1.006012041539236E+05
 -4.650087636014335E-01  -8.122888442867560E-01  -6.599191919180920E-01   1.006012041539236E+05
 -4.410892572421882E-01  -7.917097982741996E-01  -6.527818112102725E-01   1.006012041539236E+05
 -4.175126565245784E-01  -7.727433353475331E-01  -6.404246962857320E-01   1.006012041539236E+05
 -3.950592166283288E-01  -7.560773012544015E-01  -6.230850692559330E-01   1.006012041539236E+05
 -3.744513656139566E-01  -7.422685044861399E-01  -6.012207517888819E-01   1.006012041539236E+05
 -3.563082818343021E-01  -7.316975618661814E-01  -5.754922017796757E-01   1.006012041539236E+05
 -3.411086928711349E-01  -7.245399778906566E-01  -5.467275166116202E-01   1.006012041539236E+05
 -3.291646251002425E-01  -7.207558622463592E-01  -5.158728869609871E-01   1.006012041539236E+05
 -3.206078886824282E-01  -7.200988730115988E-01  -4.839324144758664E-01   1.006012041539236E+05
 -3.153900032930733E-01  -7.221431281973746E-01  -4.519022854393493E-01   1.006012041539236E+05
 -3.132951517670524E-01  -7.263251368582077E-01  -4.207049108449846E-01   1.006012041539236E+05
 -3.139646906571922E-01  -7.319964269665762E-01  -3.911287355446900E-01   1.006012041539236E+05
 -3.169308401587250E-01  -7.384816210876107E-01  -3.637789706730398E-01   1.006012041539236E+05
 -3.216564974126196E-01  -7.451363169747244E-01  -3.390435525915959E-01   1.006012041539236E+05
 -3.275777213788511E-01  -7.513992988517293E-01  -3.170772656658884E-01   1.006012041539236E+05
 -3.341453521849498E-01  -7.568343101793185E-01  -2.978053138436453E-01   1.006012041539236E+05
 -3.408624523364713E-01  -7.611577806857899E-01  -2.809458444259767E-01   1.006012041539236E+05
 -3.473147625762624E-01  -7.642503952144674E-01  -2.660491871461484E-01   1.006012041539236E+05
 -3.531920977888591E-01  -7.661520635863640E-01  -2.525500399417597E-01   1.006012041539236E+05
 -3.582994950799773E-01  -7.670415275709971E-01  -2.398276572219599E-01   1.006012041539236E+05
 -3.625578817611322E-01  -7.672033533678534E-01  -2.272683904528573E-01   1.006012041539236E+05
 -3.659949662160823E-01  -7.669862548621854E-01  -2.143247626691000E-01   1.006012041539236E+05
 -3.687278847597267E-01  -7.667574575590930E-01  -2.005656441758210E-01   1.006012041539236E+05
 -3.709397901526171E-01  -7.668580743877118E-01  -1.857129986388629E-01   1.006012041539236E+05
 -3.728529887287630E-01  -7.675642038413124E-01  -1.696619992877532E-01   1.006012041539236E+05
 -3.747013928216448E-01  -7.690577134287944E-01  -1.524829448254068E-01   1.006012041539236E+05
 -3.767049486376154E-01  -7.714095222536755E-01  -1.344051756419442E-01   1.006012041539236E+05
 -3.790483475912909E-01  -7.745767715151490E-01  -1.157849313481754E-01   1.006012041539236E+05
 -3.818657747268628E-01  -7.784137241112401E-01  -9.706063202211256E-02   1.006012041539236E+05
 -3.852327524233223E-01  -7.826947290471573E-01  -7.870025915815042E-02   1.006012041539236E+05
 -3.891653738071335E-01  -7.871462820963173E-01  -6.114624360389203E-02   1.006012041539236E+05
 -3.936264649588452E-01  -7.914842480978085E-01  -4.476346760646131E-02   1.006012041539236E+05
 -3.985375414023217E-01  -7.954517831184177E-01  -2.979563935102565E-02   1.006012041539236E+05
 -4.037948952713870E-01  -7.988534605485281E-01  -1.633443754494979E-02   1.006012041539236E+05
 -4.092878113444189E-01  -8.015815659538953E-01  -4.304537069867756E-03   1.006012041539236E+05
 -4.149167887483075E-01  -8.036314307560238E-01   6.533957811977090E-03   1.006012041539236E+05
 -4.206097440695072E-01  -8.051039270748862E-01   1.656587238034232E-02   1.006012041539236E+05
 -4.263344722860337E-01  -8.061947109046381E-01   2.628601037414148E-02   1.006012041539236E+05
 -4.321061061814907E-01  -8.071713207918708E-01   3.625229478394044E-02   1.006012041539236E+05
 -4.379888893775568E-01  -8.083406503346421E-01   4.703156581845302E-02   1.006012041539236E+05
 -4.440922001295400E-01  -8.100104616284737E-01   5.914331180477333E-02   1.006012041539236E+05
 -4.505613671437396E-01  -8.124493663876748E-01   7.300679892190703E-02   1.006012041539236E+05
 -4.575643434704456E-01  -8.158499850589507E-01   8.889671957409075E-02   1.006012041539236E+05
 -4.652756987423244E-01  -8.202997644395053E-01   1.069116337897888E-01   1.006012041539236E+05
 -4.738596175459421E-01  -8.257632074906518E-01   1.269582191554026E-01   1.006012041539236E+05
 -4.834536348637153E-01  -8.320781141495573E-01   1.487527986238564E-01   1.006012041539236E+05
 -4.941547004124730E-01  -8.389669638984166E-01   1.718399359103820E-01   1.006012041539236E+05
 -5.060088634739207E-01  -8.460629391321872E-01   1.956262412865880E-01   1.006012041539236E+05
 -5.190054459294066E-01  -8.529484619711108E-01   2.194260784625979E-01   1.006012041539236E+05
 -5.330760731187660E-01  -8.592026674104830E-01   2.425147478088387E-01   1.006012041539236E+05
 -5.480984157392145E-01  -8.644531186141674E-01   2.641840502021081E-01   1.006012041539236E+05
 -5.639040175494068E-01  -8.684264102389604E-01   2.837949724243487E-01   1.006012041539236E+05
 -5.802891937587720E-01  -8.709921826933389E-01   3.008225917212100E-01   1.006012041539236E+05
 -5.970277233120451E-01  -8.721955104244657E-01   3.148891345391217E-01   1.006012041539236E+05
 -6.138839494493653E-01  -8.722735999277004E-01   3.257823557081128E-01   1.006012041539236E+05
 -6.306249541448454E-01  -8.716541526770528E-01   3.334579037825173E-01   1.006012041539236E+05
 -6.470306726081038E-01  -8.709344821507502E-01   3.380259541829556E-01   1.006012041539236E+05
 -6.629011368220946E-01  -8.708423558534977E-01   3.397239616505376E-01   1.006012041539236E+05
 -6.780604416856457E-01  -8.721813779456221E-01   3.388787501998399E-01   1.006012041539236E+05
 -6.923574646986186E-01  -8.757653511993506E-01   3.358621862071339E-01   1.006012041539236E+05
 -7.056637881332503E-01  -8.823472925634720E-01   3.310452670791433E-01   1.006012041539236E+05
 -7.178696218660884E-01  -8.925494941041158E-01   3.247555473505578E-01   1.006012041539236E+05
 -7.288787643327023E-01  -9.068011388625787E-01   3.172424094901942E-01   1.006012041539236E+05
 -7.386037400908126E-01  -9.252894752368402E-01   3.086538123107426E-01   1.006012041539236E+05
 -7.469622029589322E-01  -9.479294606419278E-01   2.990269060016432E-01   1.006012041539236E+05
 -7.538754988453525E-01  -9.743552001728939E-01   2.882934167812377E-01   1.006012041539236E+05
 -7.592699644165921E-01  -1.003934572880433E+00   2.762991275123344E-01   1.006012041539236E+05
 -7.630811335596598E-01  -1.035806336997753E+00   2.628352738046177E-01   1.006012041539236E+05
 -7.652605807357982E-01  -1.068936934595855E+00   2.476783914302952E-01   1.006012041539236E+05
 -7.657847018564886E-01  -1.102192373734248E+00   2.306342210602363E-01   1.006012041539236E+05
 -7.646643719044880E-01  -1.134419130449593E+00   2.115807955039951E-01   1.006012041539236E+05
 -7.619541705485401E-01  -1.164527124813004E+00   1.905058527671824E-01   1.006012041539236E+05
 -7.577597672186976E-01  -1.191567574421367E+00   1.675342351257414E-01   1.006012041539236E+05
 -7.522421245094186E-01  -1.214798944326790E+00   1.429418997249212E-01   1.006012041539236E+05
 -7.456174140577644E-01  -1.233735260175537E+00   1.171544845034192E-01   1.006012041539236E+05
 -7.381519240158895E-01  -1.248172636130362E+00   9.072991351592903E-02   1.006012041539236E+05
 -7.301517362551002E-01  -1.258191844013791E+00   6.432613449485310E-02   1.006012041539236E+05
 -7.219475147396993E-01  -1.264136930098662E+00   3.865659811408849E-02   1.006012041539236E+05
 -7.138753151445337E-01  -1.266572065854895E+00   1.443736113361643E-02   1.006012041539236E+05
 -7.062548376674116E-01  -1.266220792913667E+00  -7.669403326454046E-03   1.006012041539236E+05
 -6.993669414025909E-01  -1.263893403939594E+00  -2.711026668838520E-02   1.006012041539236E+05
 -6.934324706362197E-01  -1.260409240662657E+00  -4.348862463128852E-02   1.006012041539236E+05
 -6.885944772977206E-01  -1.256521090362516E+00  -5.660141518483706E-02   1.006012041539236E+05
 -6.849057451825600E-01  -1.252848586121797E+00  -6.646091433283505E-02   1.006012041539236E+05
 -6.823231375953864E-01  -1.249826592380264E+00  -7.329941616906427E-02   1.006012041539236E+05
 -6.807097294280158E-01  -1.247673075923107E+00  -7.755618720843983E-02   1.006012041539236E+05
 -6.798449954080423E-01  -1.246379066879649E+00  -7.984772686498580E-02   1.006012041539236E+05
 -6.794425714651567E-01  -1.245721187421556E+00  -8.092390786417487E-02   1.006012041539236E+05
 -6.794425714651567E-01  -1.245721187421556E+00  -8.092390786417487E-02   0.000000000000000E+00 6 RotatedCurve10 
 -1.226849843114119E+00   3.289333152294922E-01   8.022257029707273E-02  -1.000000000000000E+05
 -1.226696611124363E+00   3.294802089415649E-01   8.091772661356360E-02  -1.000000000000000E+05
 -1.226557980379623E+00   3.300082305483122E-01   8.157193931432291E-02  -1.000000000000000E+05
 -1.226309507079948E+00   3.308959488224592E-01   8.270709533058676E-02  -1.000000000000000E+05
 -1.225837621486596E+00   3.324458887002938E-01   8.476537481187481E-02  -1.000000000000000E+05
 -1.225045253428503E+00   3.348553976397246E-01   8.808867685053556E-02  -1.000000000000000E+05
 -1.223852437772202E+00   3.381984624272352E-01   9.290687157948171E-02  -1.000000000000000E+05
 -1.222192199067622E+00   3.424200093334906E-01   9.933507274070981E-02  -1.000000000000000E+05
 -1.220002655395433E+00   3.473429856280005E-01   1.073793784800238E-01  -1.000000000000000E+05
 -1.217216805721675E+00   3.526872630082978E-01   1.169498683715080E-01  -1.000000000000000E+05
 -1.213751811684019E+00   3.580982469936805E-01   1.278791255269409E-01  -1.000000000000000E+05
 -1.209499711736503E+00   3.631821346721881E-01   1.399442135810933E-01  -1.000000000000000E+05
 -1.204321394858923E+00   3.675441294121153E-01   1.528899011546946E-01  -1.000000000000000E+05
 -1.198045320530634E+00   3.708256582053162E-01   1.664509937437689E-01  -1.000000000000000E+05
 -1.190471934833563E+00   3.727367717366154E-01   1.803718887709058E-01  -1.000000000000000E+05
 -1.181384055145308E+00   3.730804264278235E-01   1.944218810175434E-01  -1.000000000000000E+05
 -1.170562750373520E+00   3.717662008292033E-01   2.084052670530553E-01  -1.000000000000000E+05
 -1.157807511805101E+00   3.688121017761776E-01   2.221658744901436E-01  -1.000000000000000E+05
 -1.142958873903737E+00   3.643343594679826E-01   2.355862178891704E-01  -1.000000000000000E+05
 -1.125921179337072E+00   3.585263712825419E-01   2.485820034158332E-01  -1.000000000000000E+05
 -1.106682946703698E+00   3.516291055037590E-01   2.610931220606730E-01  -1.000000000000000E+05
 -1.085332328891884E+00   3.438962019599843E-01   2.730725513047328E-01  -1.000000000000000E+05
 -1.062065453929178E+00   3.355576120771092E-01   2.844747072537954E-01  -1.000000000000000E+05
 -1.037185999291068E+00   3.267858421730861E-01   2.952447493068708E-01  -1.000000000000000E+05
 -1.011095118419273E+00   3.176686744858713E-01   3.053101491697028E-01  -1.000000000000000E+05
 -9.842717449783549E-01   3.081916541917726E-01   3.145755214776901E-01  -1.000000000000000E+05
 -9.572442598008996E-01   2.982327004607640E-01   3.229213115951030E-01  -1.000000000000000E+05
 -9.305554228243708E-01   2.875700126056199E-01   3.302064915138612E-01  -1.000000000000000E+05
 -9.047232538624084E-01   2.759031118205244E-01   3.362749738221358E-01  -1.000000000000000E+05
 -8.802011084239874E-01   2.628855132598075E-01   3.409650607964377E-01  -1.000000000000000E+05
 -8.573404736013823E-01   2.481662934876260E-01   3.441209385050861E-01  -1.000000000000000E+05
 -8.363599657188778E-01   2.314368259756711E-01   3.456050319431905E-01  -1.000000000000000E+05
 -8.173236376517182E-01   2.124783020217784E-01   3.453099716296871E-01  -1.000000000000000E+05
 -8.001310229665705E-01   1.912054044892837E-01   3.431689861447894E-01  -1.000000000000000E+05
 -7.845204100182215E-01   1.677016872537493E-01   3.391637168708878E-01  -1.000000000000000E+05
 -7.700857312805918E-01   1.422428230663772E-01   3.333287272612218E-01  -1.000000000000000E+05
 -7.563062694932916E-01   1.153048651822322E-01   3.257523171080915E-01  -1.000000000000000E+05
 -7.425872302114284E-01   8.755593637488292E-02   3.165736152334762E-01  -1.000000000000000E+05
 -7.283082170434033E-01   5.983119818183098E-02   3.059762734562300E-01  -1.000000000000000E+05
 -7.128758674868372E-01   3.309243200338240E-02   2.941793852715781E-01  -1.000000000000000E+05
 -6.957764400159797E-01   8.374946303626306E-03   2.814264756727910E-01  -1.000000000000000E+05
 -6.766240355798014E-01  -1.327431658588334E-02   2.679735346052626E-01  -1.000000000000000E+05
 -6.552004050863688E-01  -3.086277144022726E-02   2.540770874390468E-01  -1.000000000000000E+05
 -6.314829205179379E-01  -4.351715357708638E-02   2.399832149559275E-01  -1.000000000000000E+05
 -6.056582197213007E-01  -5.054235190102536E-02   2.259182668981221E-01  -1.000000000000000E+05
 -5.781201937541639E-01  -5.146947401342580E-02   2.120817802839977E-01  -1.000000000000000E+05
 -5.494522696980623E-01  -4.608937106282761E-02   1.986418457397273E-01  -1.000000000000000E+05
 -5.203952377682832E-01  -3.446903582322246E-02   1.857328939887581E-01  -1.000000000000000E+05
 -4.918030644680061E-01  -1.694968589356641E-02   1.734556313912308E-01  -1.000000000000000E+05
 -4.645901176225644E-01   5.873171448520760E-03   1.618786646242059E-01  -1.000000000000000E+05
 -4.396739174655269E-01   3.318595806730556E-02   1.510412395112970E-01  -1.000000000000000E+05
 -4.179178605720484E-01   6.400652780199832E-02   1.409564875605983E-01  -1.000000000000000E+05
 -4.000783128822559E-01   9.724297062153116E-02   1.316146255544683E-01  -1.000000000000000E+05
 -3.867600418251551E-01   1.317571154112355E-01   1.229856780668073E-01  -1.000000000000000E+05
 -3.783831972693458E-01   1.664279179189948E-01   1.150214708544855E-01  -1.000000000000000E+05
 -3.751640284073853E-01   2.002101264130041E-01   1.076568491045388E-01  -1.000000000000000E+05
 -3.771103336697352E-01   2.321842094581873E-01   1.008102796534738E-01  -1.000000000000000E+05
 -3.840313925146679E-01   2.615944420768747E-01   9.438417183281107E-02  -1.000000000000000E+05
 -3.955609345079365E-01   2.878731847415294E-01   8.826537245625708E-02  -1.000000000000000E+05
 -4.111906688450376E-01   3.106506421689186E-01   8.232633824282837E-02  -1.000000000000000E+05
 -4.303111161465155E-01   3.297506365923425E-01   7.642745425226745E-02  -1.000000000000000E+05
 -4.522560189249180E-01   3.451740583665065E-01   7.042085058213357E-02  -1.000000000000000E+05
 -4.763464919269512E-01   3.570725660717457E-01   6.415588297539265E-02  -1.000000000000000E+05
 -5.019313095206455E-01   3.657157239786015E-01   5.748620684063545E-02  -1.000000000000000E+05
 -5.284202823347516E-01   3.714550432384331E-01   5.027811645457860E-02  -1.000000000000000E+05
 -5.553084879248754E-01   3.746883254656208E-01   4.241957394681269E-02  -1.000000000000000E+05
 -5.821901056958604E-01   3.758273188902174E-01   3.382914878483266E-02  -1.000000000000000E+05
 -6.087616654065754E-01   3.752710442875115E-01   2.446395739146540E-02  -1.000000000000000E+05
 -6.348155472733885E-01   3.733863110509403E-01   1.432565696694602E-02  -1.000000000000000E+05
 -6.602254712639820E-01   3.704960191324283E-01   3.463620573197062E-03  -1.000000000000000E+05
 -6.849263997592403E-01   3.668749313997309E-01  -8.025396589511607E-03  -1.000000000000000E+05
 -7.088916902422479E-01   3.627517991731153E-01  -2.000150811421045E-02  -1.000000000000000E+05
 -7.321104402939047E-01   3.583161120809980E-01  -3.228991541260925E-02  -1.000000000000000E+05
 -7.545677642869985E-01   3.537273795119789E-01  -4.469274528304270E-02  -1.000000000000000E+05
 -7.762302588948059E-01   3.491247637648850E-01  -5.700375297189141E-02  -1.000000000000000E+05
 -7.970382093853502E-01   3.446350723563760E-01  -6.902477400432724E-02  -1.000000000000000E+05
 -8.169052385432364E-01   3.403775464881119E-01  -8.058252571608165E-02  -1.000000000000000E+05
 -8.357251961213215E-01   3.364644958992977E-01  -9.154419408994430E-02  -1.000000000000000E+05
 -8.533852241346314E-01   3.329975493291647E-01  -1.018302190197039E-01  -1.000000000000000E+05
 -8.697832016194096E-01   3.300600260082852E-01  -1.114228242810543E-01  -1.000000000000000E+05
 -8.848472466963677E-01   3.277065975178767E-01  -1.203691250519913E-01  -1.000000000000000E+05
 -8.985546869659674E-01   3.259519204462043E-01  -1.287780680051415E-01  -1.000000000000000E+05
 -9.109479274239392E-01   3.247602156853370E-01  -1.368109844608763E-01  -1.000000000000000E+05
 -9.221449447744285E-01   3.240378116856274E-01  -1.446661214899300E-01  -1.000000000000000E+05
 -9.323426859481068E-01   3.236304470633733E-01  -1.525581066305120E-01  -1.000000000000000E+05
 -9.418123891541953E-01   3.233266631331365E-01  -1.606938430576567E-01  -1.000000000000000E+05
 -9.508867009009805E-01   3.228679575896379E-01  -1.692467695097238E-01  -1.000000000000000E+05
 -9.599393436468374E-01   3.219655879024114E-01  -1.783317061289258E-01  -1.000000000000000E+05
 -9.693589051772507E-01   3.203230935167466E-01  -1.879826086998286E-01  -1.000000000000000E+05
 -9.795189882655346E-01   3.176628422674853E-01  -1.981354504787336E-01  -1.000000000000000E+05
 -9.907474086879053E-01   3.137542872349686E-01  -2.086181420472026E-01  -1.000000000000000E+05
 -1.003297314336911E+00   3.084412208295474E-01  -2.191489035494639E-01  -1.000000000000000E+05
 -1.017322997843066E+00   3.016651865849437E-01  -2.293438564266241E-01  -1.000000000000000E+05
 -1.032862798258325E+00   2.934823814303154E-01  -2.387338547164472E-01  -1.000000000000000E+05
 -1.049830870163796E+00   2.840718463470677E-01  -2.467897914949534E-01  -1.000000000000000E+05
 -1.068018801203741E+00   2.737334643014790E-01  -2.529548620112150E-01  -1.000000000000000E+05
 -1.087107159557545E+00   2.628751961527372E-01  -2.566816089279698E-01  -1.000000000000000E+05
 -1.106686139288709E+00   2.519900010004256E-01  -2.574710775827944E-01  -1.000000000000000E+05
 -1.126283633085820E+00   2.416239069911234E-01  -2.549111187272706E-01  -1.000000000000000E+05
 -1.145398380151105E+00   2.323376185424833E-01  -2.487108241541290E-01  -1.000000000000000E+05
 -1.163535377622377E+00   2.246647701618386E-01  -2.387282781183110E-01  -1.000000000000000E+05
 -1.180240550414536E+00   2.190703867077253E-01  -2.249892439815123E-01  -1.000000000000000E+05
 -1.195131763785598E+00   2.159132318827713E-01  -2.076950494330523E-01  -1.000000000000000E+05
 -1.207923624366762E+00   2.154154993087436E-01  -1.872187346869580E-01  -1.000000000000000E+05
 -1.218444111281452E+00   2.176427364018014E-01  -1.640894214916779E-01  -1.000000000000000E+05
 -1.226641849038752E+00   2.224960368183077E-01  -1.389657729702433E-01  -1.000000000000000E+05
 -1.232583701333965E+00   2.297174685246686E-01  -1.126002690910942E-01  -1.000000000000000E+05
 -1.236443244233514E+00   2.389085202029146E-01  -8.579674800419836E-02  -1.000000000000000E+05
 -1.238481482897037E+00   2.495601605530108E-01  -5.936419817565996E-02  -1.000000000000000E+05
 -1.239021830919622E+00   2.610920272119375E-01  -3.407008484604145E-02  -1.000000000000000E+05
 -1.238421814615916E+00   2.728973996613738E-01  -1.059653151212079E-02  -1.000000000000000E+05
 -1.237044157250526E+00   2.843900493975820E-01   1.049755010503098E-02  -1.000000000000000E+05
 -1.235229827229691E+00   2.950488584328405E-01   2.880576020480086E-02  -1.000000000000000E+05
 -1.233275313265691E+00   3.044562774162101E-01   4.409299624134406E-02  -1.000000000000000E+05
 -1.231415857235977E+00   3.123272440222662E-01   5.630260179823005E-02  -1.000000000000000E+05
 -1.229815691435833E+00   3.185260515827855E-01   6.555165773515981E-02  -1.000000000000000E+05
 -1.228565565202305E+00   3.230697666161041E-01   7.211509625780479E-02  -1.000000000000000E+05
 -1.227687087210415E+00   3.261180374924594E-01   7.640014724691133E-02  -1.000000000000000E+05
 -1.227142733147836E+00   3.279503966838627E-01   7.891331420635674E-02  -1.000000000000000E+05
 -1.226849843114119E+00   3.289333152294921E-01   8.022257029707276E-02  -1.000000000000000E+05
 -1.226849843114119E+00   3.289333152294922E-01   8.022257029707273E-02   0.000000000000000E+00 7 RotatedCurve11 
 -6.794425714651567E-01   1.245721187421556E+00   8.092390786417487E-02  -1.006012041539236E+05
 -6.791743582144314E-01   1.245295072132948E+00   8.161386121114111E-02  -1.006012041539236E+05
 -6.786990690217839E-01   1.244566029864895E+00   8.276638519587502E-02  -1.006012041539236E+05
 -6.776928093760172E-01   1.242931690607243E+00   8.519010922211043E-02  -1.006012041539236E+05
 -6.758789664298286E-01   1.239790294608026E+00   8.959858958397121E-02  -1.006012041539236E+05
 -6.730546263140814E-01   1.234607815898869E+00   9.656496440872792E-02  -1.006012041539236E+05
 -6.691109381358143E-01   1.226977309310364E+00   1.064898066819242E-01  -1.006012041539236E+05
 -6.640452983699640E-01   1.216664705519954E+00   1.195844886195491E-01  -1.006012041539236E+05
 -6.579639036873345E-01   1.203636667483101E+00   1.358708416710206E-01  -1.006012041539236E+05
 -6.510740578659503E-01   1.188067925363737E+00   1.551963176162610E-01  -1.006012041539236E+05
 -6.436665455793319E-01   1.170327547863591E+00   1.772623850943664E-01  -1.006012041539236E+05
 -6.360893179907529E-01   1.150945685635766E+00   2.016626782497404E-01  -1.006012041539236E+05
 -6.287145846808214E-01   1.130564234722604E+00   2.279265694385900E-01  -1.006012041539236E+05
 -6.219020913061507E-01   1.109876429362332E+00   2.555634472747991E-01  -1.006012041539236E+05
 -6.159618136469761E-01   1.089561433935805E+00   2.841030795611869E-01  -1.006012041539236E+05
 -6.111194676346401E-01   1.070220462806542E+00   3.131280129988250E-01  -1.006012041539236E+05
 -6.074880980673181E-01   1.052320773095759E+00   3.422949450631349E-01  -1.006012041539236E+05
 -6.050485705142228E-01   1.036153070730552E+00   3.713432935383215E-01  -1.006012041539236E+05
 -6.036410839821444E-01   1.021806526619037E+00   4.000906504162345E-01  -1.006012041539236E+05
 -6.029689044731188E-01   1.009163851916072E+00   4.284162865250717E-01  -1.006012041539236E+05
 -6.026144704048502E-01   9.979169021748830E-01   4.562352170354518E-01  -1.006012041539236E+05
 -6.020669324069962E-01   9.876012644756806E-01   4.834664056110049E-01  -1.006012041539236E+05
 -6.007591598816145E-01   9.776464265693828E-01   5.099993644669367E-01  -1.006012041539236E+05
 -5.981113688059242E-01   9.674366129967342E-01   5.356636267796097E-01  -1.006012041539236E+05
 -5.935778809540485E-01   9.563763459469385E-01   5.602053017689076E-01  -1.006012041539236E+05
 -5.866931752677340E-01   9.439543457134627E-01   5.832741962621255E-01  -1.006012041539236E+05
 -5.771133727561412E-01   9.297995666522262E-01   6.044238720912620E-01  -1.006012041539236E+05
 -5.646496128027197E-01   9.137239479463732E-01   6.231256190939123E-01  -1.006012041539236E+05
 -5.492904065903971E-01   8.957477638760031E-01   6.387958006984432E-01  -1.006012041539236E+05
 -5.312109397789783E-01   8.761051548409202E-01   6.508345298347883E-01  -1.006012041539236E+05
 -5.107683652586354E-01   8.552293399468019E-01   6.586723130055971E-01  -1.006012041539236E+05
 -4.884832847208807E-01   8.337189658572752E-01   6.618202987922772E-01  -1.006012041539236E+05
 -4.650087636014335E-01   8.122888442867560E-01   6.599191919180920E-01  -1.006012041539236E+05
 -4.410892572421882E-01   7.917097982741996E-01   6.527818112102725E-01  -1.006012041539236E+05
 -4.175126565245784E-01   7.727433353475331E-01   6.404246962857320E-01  -1.006012041539236E+05
 -3.950592166283288E-01   7.560773012544015E-01   6.230850692559330E-01  -1.006012041539236E+05
 -3.744513656139566E-01   7.422685044861399E-01   6.012207517888819E-01  -1.006012041539236E+05
 -3.563082818343021E-01   7.316975618661814E-01   5.754922017796757E-01  -1.006012041539236E+05
 -3.411086928711349E-01   7.245399778906566E-01   5.467275166116202E-01  -1.006012041539236E+05
 -3.291646251002425E-01   7.207558622463592E-01   5.158728869609871E-01  -1.006012041539236E+05
 -3.206078886824282E-01   7.200988730115988E-01   4.839324144758664E-01  -1.006012041539236E+05
 -3.153900032930733E-01   7.221431281973746E-01   4.519022854393493E-01  -1.006012041539236E+05
 -3.132951517670524E-01   7.263251368582077E-01   4.207049108449846E-01  -1.006012041539236E+05
 -3.139646906571922E-01   7.319964269665762E-01   3.911287355446900E-01  -1.006012041539236E+05
 -3.169308401587250E-01   7.384816210876107E-01   3.637789706730398E-01  -1.006012041539236E+05
 -3.216564974126196E-01   7.451363169747244E-01   3.390435525915959E-01  -1.006012041539236E+05
 -3.275777213788511E-01   7.513992988517293E-01   3.170772656658884E-01  -1.006012041539236E+05
 -3.341453521849498E-01   7.568343101793185E-01   2.978053138436453E-01  -1.006012041539236E+05
 -3.408624523364713E-01   7.611577806857899E-01   2.809458444259767E-01  -1.006012041539236E+05
 -3.473147625762624E-01   7.642503952144674E-01   2.660491871461484E-01  -1.006012041539236E+05
 -3.531920977888591E-01   7.661520635863640E-01   2.525500399417597E-01  -1.006012041539236E+05
 -3.582994950799773E-01   7.670415275709971E-01   2.398276572219599E-01  -1.006012041539236E+05
 -3.625578817611322E-01   7.672033533678534E-01   2.272683904528573E-01  -1.006012041539236E+05
 -3.659949662160823E-01   7.669862548621854E-01   2.143247626691000E-01  -1.006012041539236E+05
 -3.687278847597267E-01   7.667574575590930E-01   2.005656441758210E-01  -1.006012041539236E+05
 -3.709397901526171E-01   7.668580743877118E-01   1.857129986388629E-01  -1.006012041539236E+05
 -3.728529887287630E-01   7.675642038413124E-01   1.696619992877532E-01  -1.006012041539236E+05
 -3.747013928216448E-01   7.690577134287944E-01   1.524829448254068E-01  -1.006012041539236E+05
 -3.767049486376154E-01   7.714095222536755E-01   1.344051756419442E-01  -1.006012041539236E+05
 -3.790483475912909E-01   7.745767715151490E-01   1.157849313481754E-01  -1.006012041539236E+05
 -3.818657747268628E-01   7.784137241112401E-01   9.706063202211256E-02  -1.006012041539236E+05
 -3.852327524233223E-01   7.826947290471573E-01   7.870025915815042E-02  -1.006012041539236E+05
 -3.891653738071335E-01   7.871462820963173E-01   6.114624360389203E-02  -1.006012041539236E+05
 -3.936264649588452E-01   7.914842480978085E-01   4.476346760646131E-02  -1.006012041539236E+05
 -3.985375414023217E-01   7.954517831184177E-01   2.979563935102565E-02  -1.006012041539236E+05
 -4.037948952713870E-01   7.988534605485281E-01   1.633443754494979E-02  -1.006012041539236E+05
 -4.092878113444189E-01   8.015815659538953E-01   4.304537069867756E-03  -1.006012041539236E+05
 -4.149167887483075E-01   8.036314307560238E-01  -6.533957811977090E-03  -1.006012041539236E+05
 -4.206097440695072E-01   8.051039270748862E-01  -1.656587238034232E-02  -1.006012041539236E+05
 -4.263344722860337E-01   8.061947109046381E-01  -2.628601037414148E-02  -1.006012041539236E+05
 -4.321061061814907E-01   8.071713207918708E-01  -3.625229478394044E-02  -1.006012041539236E+05
 -4.379888893775568E-01   8.083406503346421E-01  -4.703156581845302E-02  -1.006012041539236E+05
 -4.440922001295400E-01   8.100104616284737E-01  -5.914331180477333E-02  -1.006012041539236E+05
 -4.505613671437396E-01   8.124493663876748E-01  -7.300679892190703E-02  -1.006012041539236E+05
 -4.575643434704456E-01   8.158499850589507E-01  -8.889671957409075E-02  -1.006012041539236E+05
 -4.652756987423244E-01   8.202997644395053E-01  -1.069116337897888E-01  -1.006012041539236E+05
 -4.738596175459421E-01   8.257632074906518E-01  -1.269582191554026E-01  -1.006012041539236E+05
 -4.834536348637153E-01   8.320781141495573E-01  -1.487527986238564E-01  -1.006012041539236E+05
 -4.941547004124730E-01   8.389669638984166E-01  -1.718399359103820E-01  -1.006012041539236E+05
 -5.060088634739207E-01   8.460629391321872E-01  -1.956262412865880E-01  -1.006012041539236E+05
 -5.190054459294066E-01   8.529484619711108E-01  -2.194260784625979E-01  -1.006012041539236E+05
 -5.330760731187660E-01   8.592026674104830E-01  -2.425147478088387E-01  -1.006012041539236E+05
 -5.480984157392145E-01   8.644531186141674E-01  -2.641840502021081E-01  -1.006012041539236E+05
 -5.639040175494068E-01   8.684264102389604E-01  -2.837949724243487E-01  -1.006012041539236E+05
 -5.802891937587720E-01   8.709921826933389E-01  -3.008225917212100E-01  -1.006012041539236E+05
 -5.970277233120451E-01   8.721955104244657E-01  -3.148891345391217E-01  -1.006012041539236E+05
 -6.138839494493653E-01   8.722735999277004E-01  -3.257823557081128E-01  -1.006012041539236E+05
 -6.306249541448454E-01   8.716541526770528E-01  -3.334579037825173E-01  -1.006012041539236E+05
 -6.470306726081038E-01   8.709344821507502E-01  -3.380259541829556E-01  -1.006012041539236E+05
 -6.629011368220946E-01   8.708423558534977E-01  -3.397239616505376E-01  -1.006012041539236E+05
 -6.780604416856457E-01   8.721813779456221E-01  -3.388787501998399E-01  -1.006012041539236E+05
 -6.923574646986186E-01   8.757653511993506E-01  -3.358621862071339E-01  -1.006012041539236E+05
 -7.056637881332503E-01   8.823472925634720E-01  -3.310452670791433E-01  -1.006012041539236E+05
 -7.178696218660884E-01   8.925494941041158E-01  -3.247555473505578E-01  -1.006012041539236E+05
 -7.288787643327023E-01   9.068011388625787E-01  -3.172424094901942E-01  -1.006012041539236E+05
 -7.386037400908126E-01   9.252894752368402E-01  -3.086538123107426E-01  -1.006012041539236E+05
 -7.469622029589322E-01   9.479294606419278E-01  -2.990269060016432E-01  -1.006012041539236E+05
 -7.538754988453525E-01   9.743552001728939E-01  -2.882934167812377E-01  -1.006012041539236E+05
 -7.592699644165921E-01   1.003934572880433E+00  -2.762991275123344E-01  -1.006012041539236E+05
 -7.630811335596598E-01   1.035806336997753E+00  -2.628352738046177E-01  -1.006012041539236E+05
 -7.652605807357982E-01   1.068936934595855E+00  -2.476783914302952E-01  -1.006012041539236E+05
 -7.657847018564886E-01   1.102192373734248E+00  -2.306342210602363E-01  -1.006012041539236E+05
 -7.646643719044880E-01   1.134419130449593E+00  -2.115807955039951E-01  -1.006012041539236E+05
 -7.619541705485401E-01   1.164527124813004E+00  -1.905058527671824E-01  -1.006012041539236E+05
 -7.577597672186976E-01   1.191567574421367E+00  -1.675342351257414E-01  -1.006012041539236E+05
 -7.522421245094186E-01   1.214798944326790E+00  -1.429418997249212E-01  -1.006012041539236E+05
 -7.456174140577644E-01   1.233735260175537E+00  -1.171544845034192E-01  -1.006012041539236E+05
 -7.381519240158895E-01   1.248172636130362E+00  -9.072991351592903E-02  -1.006012041539236E+05
 -7.301517362551002E-01   1.258191844013791E+00  -6.432613449485310E-02  -1.006012041539236E+05
 -7.219475147396993E-01   1.264136930098662E+00  -3.865659811408849E-02  -1.006012041539236E+05
 -7.138753151445337E-01   1.266572065854895E+00  -1.443736113361643E-02  -1.006012041539236E+05
 -7.062548376674116E-01   1.266220792913667E+00   7.669403326454046E-03  -1.006012041539236E+05
 -6.993669414025909E-01   1.263893403939594E+00   2.711026668838520E-02  -1.006012041539236E+05
 -6.934324706362197E-01   1.260409240662657E+00   4.348862463128852E-02  -1.006012041539236E+05
 -6.885944772977206E-01   1.256521090362516E+00   5.660141518483706E-02  -1.006012041539236E+05
 -6.849057451825600E-01   1.252848586121797E+00   6.646091433283505E-02  -1.006012041539236E+05
 -6.823231375953864E-01   1.249826592380264E+00   7.329941616906427E-02  -1.006012041539236E+05
 -6.807097294280158E-01   1.247673075923107E+00   7.755618720843983E-02  -1.006012041539236E+05
 -6.798449954080423E-01   1.246379066879649E+00   7.984772686498580E-02  -1.006012041539236E+05
 -6.794425714651567E-01   1.245721187421556E+00   8.092390786417487E-02  -1.006012041539236E+05
 -6.794425714651567E-01   1.245721187421556E+00   8.092390786417487E-02   0.000000000000000E+00 8 RotatedCurve12 
end 
