3.617142857142857104e-01
3.617142857142857104e-01
3.617142857142857104e-01
3.617142857142857104e-01
3.617142857142857104e-01
3.617142857142857104e-01
3.617142857142857104e-01
3.617142857142857104e-01
3.617142857142857104e-01
3.617142857142857104e-01
3.617142857142857104e-01
3.617142857142857104e-01
3.617142857142857104e-01
3.617142857142857104e-01
3.617142857142857104e-01
3.617142857142857104e-01
3.617142857142857104e-01
3.617142857142857104e-01
3.617142857142857104e-01
3.617142857142857104e-01
3.617142857142857104e-01
3.617142857142857104e-01
3.617142857142857104e-01
3.617142857142857104e-01
3.617142857142857104e-01
3.617142857142857104e-01
3.617142857142857104e-01
3.617142857142857104e-01
3.617142857142857104e-01
3.617142857142857104e-01
3.617142857142857104e-01
3.617142857142857104e-01
3.611428571428571543e-01
3.611428571428571543e-01
3.605714285714285983e-01
3.605714285714285983e-01
3.605714285714285983e-01
3.605714285714285983e-01
3.605714285714285983e-01
3.605714285714285983e-01
3.605714285714285983e-01
3.605714285714285983e-01
3.605714285714285983e-01
3.605714285714285983e-01
3.605714285714285983e-01
3.605714285714285983e-01
3.602857142857142647e-01
3.602857142857142647e-01
3.602857142857142647e-01
3.602857142857142647e-01
3.599999999999999867e-01
3.599999999999999867e-01
3.599999999999999867e-01
3.599999999999999867e-01
3.599999999999999867e-01
3.599999999999999867e-01
3.599999999999999867e-01
3.599999999999999867e-01
3.599999999999999867e-01
3.599999999999999867e-01
3.599999999999999867e-01
3.599999999999999867e-01
3.599999999999999867e-01
3.599999999999999867e-01
3.599999999999999867e-01
3.599999999999999867e-01
3.599999999999999867e-01
3.597142857142857086e-01
3.597142857142857086e-01
3.597142857142857086e-01
3.597142857142857086e-01
3.597142857142857086e-01
3.597142857142857086e-01
3.594285714285714306e-01
3.591428571428571526e-01
3.591428571428571526e-01
3.591428571428571526e-01
3.591428571428571526e-01
3.591428571428571526e-01
3.588571428571428745e-01
3.588571428571428745e-01
3.588571428571428745e-01
3.588571428571428745e-01
3.588571428571428745e-01
3.588571428571428745e-01
3.585714285714285965e-01
3.579999999999999849e-01
3.579999999999999849e-01
3.579999999999999849e-01
3.579999999999999849e-01
3.579999999999999849e-01
3.579999999999999849e-01
3.579999999999999849e-01
3.579999999999999849e-01
3.579999999999999849e-01
3.579999999999999849e-01
3.579999999999999849e-01
3.579999999999999849e-01
3.577142857142857069e-01
3.577142857142857069e-01
3.574285714285714288e-01
3.574285714285714288e-01
3.574285714285714288e-01
3.571428571428571508e-01
3.571428571428571508e-01
3.571428571428571508e-01
3.571428571428571508e-01
3.571428571428571508e-01
3.568571428571428727e-01
3.565714285714285947e-01
3.565714285714285947e-01
3.565714285714285947e-01
3.565714285714285947e-01
3.565714285714285947e-01
3.565714285714285947e-01
3.562857142857142612e-01
3.562857142857142612e-01
3.562857142857142612e-01
3.562857142857142612e-01
3.562857142857142612e-01
3.562857142857142612e-01
3.562857142857142612e-01
3.562857142857142612e-01
3.562857142857142612e-01
3.562857142857142612e-01
3.562857142857142612e-01
3.562857142857142612e-01
3.562857142857142612e-01
3.562857142857142612e-01
3.559999999999999831e-01
3.559999999999999831e-01
3.557142857142857051e-01
3.557142857142857051e-01
3.557142857142857051e-01
3.557142857142857051e-01
3.557142857142857051e-01
3.557142857142857051e-01
3.557142857142857051e-01
3.557142857142857051e-01
3.557142857142857051e-01
3.557142857142857051e-01
3.557142857142857051e-01
3.557142857142857051e-01
3.557142857142857051e-01
3.557142857142857051e-01
3.557142857142857051e-01
3.557142857142857051e-01
3.557142857142857051e-01
3.557142857142857051e-01
3.557142857142857051e-01
3.557142857142857051e-01
3.554285714285714270e-01
3.554285714285714270e-01
3.554285714285714270e-01
3.554285714285714270e-01
3.554285714285714270e-01
3.551428571428571490e-01
3.551428571428571490e-01
3.551428571428571490e-01
3.551428571428571490e-01
3.551428571428571490e-01
3.551428571428571490e-01
3.551428571428571490e-01
3.551428571428571490e-01
3.551428571428571490e-01
3.551428571428571490e-01
3.551428571428571490e-01
3.551428571428571490e-01
3.551428571428571490e-01
3.551428571428571490e-01
3.551428571428571490e-01
3.551428571428571490e-01
3.551428571428571490e-01
3.551428571428571490e-01
3.551428571428571490e-01
3.551428571428571490e-01
3.551428571428571490e-01
3.551428571428571490e-01
3.551428571428571490e-01
3.551428571428571490e-01
3.551428571428571490e-01
3.551428571428571490e-01
3.551428571428571490e-01
3.551428571428571490e-01
3.551428571428571490e-01
3.551428571428571490e-01
3.551428571428571490e-01
3.551428571428571490e-01
3.551428571428571490e-01
3.551428571428571490e-01
3.551428571428571490e-01
3.551428571428571490e-01
3.551428571428571490e-01
3.551428571428571490e-01
3.551428571428571490e-01
3.551428571428571490e-01
3.551428571428571490e-01
3.551428571428571490e-01
3.551428571428571490e-01
3.551428571428571490e-01
3.551428571428571490e-01
3.551428571428571490e-01
3.551428571428571490e-01
3.551428571428571490e-01
3.551428571428571490e-01
3.551428571428571490e-01
3.551428571428571490e-01
3.548571428571428710e-01
3.548571428571428710e-01
3.548571428571428710e-01
3.548571428571428710e-01
3.548571428571428710e-01
3.548571428571428710e-01
3.548571428571428710e-01
3.548571428571428710e-01
3.548571428571428710e-01
3.548571428571428710e-01
3.548571428571428710e-01
3.548571428571428710e-01
3.548571428571428710e-01
3.548571428571428710e-01
3.548571428571428710e-01
3.545714285714285929e-01
3.545714285714285929e-01
3.545714285714285929e-01
3.545714285714285929e-01
3.545714285714285929e-01
3.545714285714285929e-01
3.545714285714285929e-01
3.545714285714285929e-01
3.542857142857142594e-01
3.542857142857142594e-01
3.542857142857142594e-01
3.542857142857142594e-01
3.542857142857142594e-01
3.542857142857142594e-01
3.542857142857142594e-01
3.542857142857142594e-01
3.542857142857142594e-01
3.542857142857142594e-01
3.542857142857142594e-01
3.542857142857142594e-01
3.542857142857142594e-01
3.542857142857142594e-01
3.542857142857142594e-01
3.542857142857142594e-01
3.542857142857142594e-01
3.542857142857142594e-01
3.542857142857142594e-01
3.542857142857142594e-01
3.542857142857142594e-01
3.542857142857142594e-01
3.542857142857142594e-01
3.542857142857142594e-01
3.542857142857142594e-01
3.542857142857142594e-01
3.542857142857142594e-01
3.542857142857142594e-01
3.542857142857142594e-01
3.542857142857142594e-01
3.542857142857142594e-01
3.542857142857142594e-01
3.542857142857142594e-01
3.542857142857142594e-01
3.542857142857142594e-01
3.542857142857142594e-01
3.539999999999999813e-01
3.539999999999999813e-01
3.539999999999999813e-01
3.539999999999999813e-01
3.539999999999999813e-01
3.537142857142857033e-01
3.534285714285714253e-01
3.534285714285714253e-01
3.534285714285714253e-01
3.534285714285714253e-01
3.534285714285714253e-01
3.534285714285714253e-01
3.534285714285714253e-01
3.531428571428571472e-01
3.531428571428571472e-01
3.531428571428571472e-01
3.531428571428571472e-01
3.531428571428571472e-01
3.531428571428571472e-01
3.531428571428571472e-01
3.531428571428571472e-01
3.531428571428571472e-01
3.531428571428571472e-01
3.531428571428571472e-01
3.531428571428571472e-01
3.531428571428571472e-01
3.528571428571428692e-01
3.528571428571428692e-01
3.528571428571428692e-01
3.525714285714285912e-01
3.525714285714285912e-01
3.525714285714285912e-01
3.525714285714285912e-01
3.525714285714285912e-01
3.525714285714285912e-01
3.525714285714285912e-01
3.525714285714285912e-01
3.525714285714285912e-01
3.525714285714285912e-01
3.525714285714285912e-01
3.525714285714285912e-01
3.525714285714285912e-01
3.525714285714285912e-01
3.525714285714285912e-01
3.525714285714285912e-01
3.522857142857143131e-01
3.522857142857143131e-01
3.522857142857143131e-01
3.522857142857143131e-01
3.522857142857143131e-01
3.522857142857143131e-01
3.522857142857143131e-01
3.522857142857143131e-01
3.522857142857143131e-01
3.519999999999999796e-01
3.519999999999999796e-01
3.519999999999999796e-01
3.517142857142857015e-01
3.517142857142857015e-01
3.514285714285714235e-01
3.514285714285714235e-01
3.514285714285714235e-01
3.514285714285714235e-01
3.514285714285714235e-01
3.514285714285714235e-01
3.514285714285714235e-01
3.514285714285714235e-01
3.514285714285714235e-01
3.514285714285714235e-01
3.514285714285714235e-01
3.514285714285714235e-01
3.514285714285714235e-01
3.511428571428571455e-01
3.511428571428571455e-01
3.511428571428571455e-01
3.511428571428571455e-01
3.511428571428571455e-01
3.511428571428571455e-01
3.511428571428571455e-01
3.511428571428571455e-01
3.511428571428571455e-01
3.511428571428571455e-01
3.511428571428571455e-01
3.511428571428571455e-01
3.511428571428571455e-01
3.511428571428571455e-01
3.511428571428571455e-01
3.511428571428571455e-01
3.511428571428571455e-01
3.511428571428571455e-01
3.511428571428571455e-01
3.511428571428571455e-01
3.511428571428571455e-01
3.511428571428571455e-01
3.511428571428571455e-01
3.511428571428571455e-01
3.511428571428571455e-01
3.508571428571428674e-01
3.508571428571428674e-01
3.508571428571428674e-01
3.508571428571428674e-01
3.508571428571428674e-01
3.508571428571428674e-01
3.505714285714285894e-01
3.505714285714285894e-01
3.505714285714285894e-01
3.505714285714285894e-01
3.505714285714285894e-01
3.505714285714285894e-01
3.505714285714285894e-01
3.505714285714285894e-01
3.505714285714285894e-01
3.502857142857143113e-01
3.502857142857143113e-01
3.502857142857143113e-01
3.499999999999999778e-01
3.499999999999999778e-01
3.499999999999999778e-01
3.499999999999999778e-01
3.499999999999999778e-01
3.499999999999999778e-01
3.499999999999999778e-01
3.499999999999999778e-01
3.499999999999999778e-01
3.499999999999999778e-01
3.499999999999999778e-01
3.499999999999999778e-01
3.499999999999999778e-01
3.499999999999999778e-01
3.499999999999999778e-01
3.499999999999999778e-01
3.499999999999999778e-01
3.499999999999999778e-01
3.499999999999999778e-01
3.499999999999999778e-01
3.499999999999999778e-01
3.497142857142856998e-01
3.497142857142856998e-01
3.497142857142856998e-01
3.497142857142856998e-01
3.497142857142856998e-01
3.497142857142856998e-01
3.497142857142856998e-01
3.497142857142856998e-01
3.497142857142856998e-01
3.497142857142856998e-01
3.497142857142856998e-01
3.497142857142856998e-01
3.497142857142856998e-01
3.494285714285714217e-01
3.494285714285714217e-01
3.494285714285714217e-01
3.494285714285714217e-01
3.494285714285714217e-01
3.494285714285714217e-01
3.494285714285714217e-01
3.494285714285714217e-01
3.494285714285714217e-01
3.491428571428571437e-01
3.491428571428571437e-01
3.491428571428571437e-01
3.491428571428571437e-01
3.491428571428571437e-01
3.491428571428571437e-01
3.491428571428571437e-01
3.491428571428571437e-01
3.488571428571428656e-01
3.488571428571428656e-01
3.488571428571428656e-01
3.488571428571428656e-01
3.488571428571428656e-01
3.488571428571428656e-01
3.488571428571428656e-01
3.488571428571428656e-01
3.488571428571428656e-01
3.488571428571428656e-01
3.488571428571428656e-01
3.488571428571428656e-01
3.488571428571428656e-01
3.488571428571428656e-01
3.488571428571428656e-01
3.488571428571428656e-01
3.488571428571428656e-01
3.488571428571428656e-01
3.488571428571428656e-01
3.488571428571428656e-01
3.488571428571428656e-01
3.488571428571428656e-01
3.488571428571428656e-01
3.488571428571428656e-01
3.488571428571428656e-01
3.488571428571428656e-01
3.488571428571428656e-01
3.488571428571428656e-01
3.488571428571428656e-01
3.488571428571428656e-01
3.485714285714285876e-01
3.485714285714285876e-01
3.485714285714285876e-01
3.485714285714285876e-01
3.482857142857143096e-01
3.482857142857143096e-01
3.482857142857143096e-01
3.482857142857143096e-01
3.482857142857143096e-01
3.482857142857143096e-01
3.482857142857143096e-01
3.482857142857143096e-01
3.482857142857143096e-01
3.482857142857143096e-01
3.482857142857143096e-01
3.482857142857143096e-01
3.482857142857143096e-01
3.482857142857143096e-01
3.482857142857143096e-01
3.482857142857143096e-01
3.482857142857143096e-01
3.482857142857143096e-01
3.482857142857143096e-01
3.479999999999999760e-01
3.479999999999999760e-01
3.479999999999999760e-01
3.479999999999999760e-01
3.479999999999999760e-01
3.479999999999999760e-01
3.479999999999999760e-01
3.479999999999999760e-01
3.479999999999999760e-01
3.479999999999999760e-01
3.479999999999999760e-01
3.479999999999999760e-01
3.479999999999999760e-01
3.479999999999999760e-01
3.479999999999999760e-01
3.479999999999999760e-01
3.479999999999999760e-01
3.477142857142856980e-01
3.477142857142856980e-01
3.477142857142856980e-01
3.477142857142856980e-01
3.477142857142856980e-01
3.477142857142856980e-01
3.477142857142856980e-01
3.477142857142856980e-01
3.477142857142856980e-01
3.477142857142856980e-01
3.474285714285714199e-01
3.474285714285714199e-01
3.471428571428571419e-01
3.471428571428571419e-01
3.471428571428571419e-01
3.471428571428571419e-01
3.471428571428571419e-01
3.471428571428571419e-01
3.471428571428571419e-01
3.471428571428571419e-01
3.471428571428571419e-01
3.471428571428571419e-01
3.471428571428571419e-01
3.471428571428571419e-01
3.471428571428571419e-01
3.471428571428571419e-01
3.468571428571428639e-01
3.468571428571428639e-01
3.468571428571428639e-01
3.468571428571428639e-01
3.468571428571428639e-01
3.468571428571428639e-01
3.465714285714285858e-01
3.465714285714285858e-01
3.465714285714285858e-01
3.465714285714285858e-01
3.465714285714285858e-01
3.465714285714285858e-01
3.465714285714285858e-01
3.465714285714285858e-01
3.465714285714285858e-01
3.465714285714285858e-01
3.465714285714285858e-01
3.465714285714285858e-01
3.465714285714285858e-01
3.465714285714285858e-01
3.465714285714285858e-01
3.465714285714285858e-01
3.465714285714285858e-01
3.462857142857143078e-01
3.462857142857143078e-01
3.462857142857143078e-01
3.462857142857143078e-01
3.462857142857143078e-01
3.462857142857143078e-01
3.462857142857143078e-01
3.462857142857143078e-01
3.462857142857143078e-01
3.462857142857143078e-01
3.462857142857143078e-01
3.462857142857143078e-01
3.462857142857143078e-01
3.462857142857143078e-01
3.462857142857143078e-01
3.462857142857143078e-01
3.459999999999999742e-01
3.459999999999999742e-01
3.459999999999999742e-01
3.459999999999999742e-01
3.459999999999999742e-01
3.459999999999999742e-01
3.459999999999999742e-01
3.459999999999999742e-01
3.457142857142856962e-01
3.457142857142856962e-01
3.454285714285714182e-01
3.454285714285714182e-01
3.454285714285714182e-01
3.451428571428571401e-01
3.451428571428571401e-01
3.451428571428571401e-01
3.451428571428571401e-01
3.451428571428571401e-01
3.451428571428571401e-01
3.451428571428571401e-01
3.451428571428571401e-01
3.448571428571428621e-01
3.448571428571428621e-01
3.448571428571428621e-01
3.445714285714285841e-01
3.445714285714285841e-01
3.445714285714285841e-01
3.445714285714285841e-01
3.445714285714285841e-01
3.445714285714285841e-01
3.445714285714285841e-01
3.442857142857143060e-01
3.442857142857143060e-01
3.442857142857143060e-01
3.442857142857143060e-01
3.442857142857143060e-01
3.442857142857143060e-01
3.442857142857143060e-01
3.442857142857143060e-01
3.442857142857143060e-01
3.442857142857143060e-01
3.442857142857143060e-01
3.442857142857143060e-01
3.442857142857143060e-01
3.442857142857143060e-01
3.442857142857143060e-01
3.442857142857143060e-01
3.442857142857143060e-01
3.442857142857143060e-01
3.442857142857143060e-01
3.442857142857143060e-01
3.442857142857143060e-01
3.442857142857143060e-01
3.442857142857143060e-01
3.442857142857143060e-01
3.442857142857143060e-01
3.442857142857143060e-01
3.439999999999999725e-01
3.439999999999999725e-01
3.439999999999999725e-01
3.439999999999999725e-01
3.439999999999999725e-01
3.439999999999999725e-01
3.439999999999999725e-01
3.437142857142856944e-01
3.437142857142856944e-01
3.437142857142856944e-01
3.437142857142856944e-01
3.437142857142856944e-01
3.437142857142856944e-01
3.437142857142856944e-01
3.437142857142856944e-01
3.437142857142856944e-01
3.437142857142856944e-01
3.437142857142856944e-01
3.434285714285714164e-01
3.434285714285714164e-01
3.434285714285714164e-01
3.434285714285714164e-01
3.434285714285714164e-01
3.431428571428571384e-01
3.431428571428571384e-01
3.431428571428571384e-01
3.431428571428571384e-01
3.431428571428571384e-01
3.431428571428571384e-01
3.431428571428571384e-01
3.431428571428571384e-01
3.431428571428571384e-01
3.431428571428571384e-01
3.431428571428571384e-01
3.431428571428571384e-01
3.431428571428571384e-01
3.431428571428571384e-01
3.431428571428571384e-01
3.431428571428571384e-01
3.431428571428571384e-01
3.428571428571428603e-01
3.428571428571428603e-01
3.428571428571428603e-01
3.428571428571428603e-01
3.428571428571428603e-01
3.428571428571428603e-01
3.428571428571428603e-01
3.428571428571428603e-01
3.428571428571428603e-01
3.428571428571428603e-01
3.428571428571428603e-01
3.428571428571428603e-01
3.428571428571428603e-01
3.428571428571428603e-01
3.428571428571428603e-01
3.428571428571428603e-01
3.428571428571428603e-01
3.428571428571428603e-01
3.428571428571428603e-01
3.428571428571428603e-01
3.428571428571428603e-01
3.428571428571428603e-01
3.428571428571428603e-01
3.428571428571428603e-01
3.428571428571428603e-01
3.425714285714285823e-01
3.425714285714285823e-01
3.422857142857143042e-01
3.422857142857143042e-01
3.422857142857143042e-01
3.420000000000000262e-01
3.420000000000000262e-01
3.420000000000000262e-01
3.420000000000000262e-01
3.420000000000000262e-01
3.420000000000000262e-01
3.420000000000000262e-01
3.420000000000000262e-01
3.420000000000000262e-01
3.420000000000000262e-01
3.420000000000000262e-01
3.420000000000000262e-01
3.420000000000000262e-01
3.420000000000000262e-01
3.420000000000000262e-01
3.417142857142856927e-01
3.417142857142856927e-01
3.417142857142856927e-01
3.417142857142856927e-01
3.417142857142856927e-01
3.417142857142856927e-01
3.417142857142856927e-01
3.417142857142856927e-01
3.417142857142856927e-01
3.414285714285714146e-01
3.414285714285714146e-01
3.414285714285714146e-01
3.414285714285714146e-01
3.414285714285714146e-01
3.414285714285714146e-01
3.414285714285714146e-01
3.414285714285714146e-01
3.411428571428571366e-01
3.411428571428571366e-01
3.411428571428571366e-01
3.411428571428571366e-01
3.411428571428571366e-01
3.411428571428571366e-01
3.411428571428571366e-01
3.411428571428571366e-01
3.411428571428571366e-01
3.411428571428571366e-01
3.411428571428571366e-01
3.411428571428571366e-01
3.408571428571428585e-01
3.408571428571428585e-01
3.408571428571428585e-01
3.408571428571428585e-01
3.408571428571428585e-01
3.408571428571428585e-01
3.408571428571428585e-01
3.408571428571428585e-01
3.405714285714285805e-01
3.405714285714285805e-01
3.405714285714285805e-01
3.405714285714285805e-01
3.405714285714285805e-01
3.405714285714285805e-01
3.405714285714285805e-01
3.405714285714285805e-01
3.405714285714285805e-01
3.405714285714285805e-01
3.405714285714285805e-01
3.405714285714285805e-01
3.402857142857143025e-01
3.402857142857143025e-01
3.402857142857143025e-01
3.402857142857143025e-01
3.402857142857143025e-01
3.402857142857143025e-01
3.402857142857143025e-01
3.402857142857143025e-01
3.402857142857143025e-01
3.402857142857143025e-01
3.402857142857143025e-01
3.400000000000000244e-01
3.400000000000000244e-01
3.397142857142856909e-01
3.397142857142856909e-01
3.397142857142856909e-01
3.397142857142856909e-01
3.397142857142856909e-01
3.397142857142856909e-01
3.397142857142856909e-01
3.394285714285714128e-01
3.394285714285714128e-01
3.394285714285714128e-01
3.394285714285714128e-01
3.394285714285714128e-01
3.394285714285714128e-01
3.394285714285714128e-01
3.394285714285714128e-01
3.394285714285714128e-01
3.394285714285714128e-01
3.394285714285714128e-01
3.394285714285714128e-01
3.394285714285714128e-01
3.394285714285714128e-01
3.394285714285714128e-01
3.394285714285714128e-01
3.394285714285714128e-01
3.394285714285714128e-01
3.394285714285714128e-01
3.394285714285714128e-01
3.394285714285714128e-01
3.394285714285714128e-01
3.394285714285714128e-01
3.394285714285714128e-01
3.394285714285714128e-01
3.394285714285714128e-01
3.394285714285714128e-01
3.394285714285714128e-01
3.394285714285714128e-01
3.394285714285714128e-01
3.394285714285714128e-01
3.394285714285714128e-01
3.394285714285714128e-01
3.394285714285714128e-01
3.394285714285714128e-01
3.394285714285714128e-01
3.394285714285714128e-01
3.394285714285714128e-01
3.394285714285714128e-01
3.391428571428571348e-01
3.391428571428571348e-01
3.391428571428571348e-01
3.391428571428571348e-01
3.391428571428571348e-01
3.391428571428571348e-01
3.391428571428571348e-01
3.391428571428571348e-01
3.391428571428571348e-01
3.391428571428571348e-01
3.391428571428571348e-01
3.391428571428571348e-01
3.391428571428571348e-01
3.391428571428571348e-01
3.391428571428571348e-01
3.388571428571428568e-01
3.388571428571428568e-01
3.388571428571428568e-01
3.385714285714285787e-01
3.385714285714285787e-01
3.382857142857143007e-01
3.382857142857143007e-01
3.382857142857143007e-01
3.382857142857143007e-01
3.382857142857143007e-01
3.382857142857143007e-01
3.382857142857143007e-01
3.382857142857143007e-01
3.382857142857143007e-01
3.382857142857143007e-01
3.382857142857143007e-01
3.382857142857143007e-01
3.382857142857143007e-01
3.382857142857143007e-01
3.380000000000000226e-01
3.380000000000000226e-01
3.380000000000000226e-01
3.380000000000000226e-01
3.377142857142856891e-01
3.377142857142856891e-01
3.374285714285714111e-01
3.374285714285714111e-01
3.374285714285714111e-01
3.374285714285714111e-01
3.374285714285714111e-01
3.374285714285714111e-01
3.374285714285714111e-01
3.374285714285714111e-01
3.374285714285714111e-01
3.374285714285714111e-01
3.374285714285714111e-01
3.374285714285714111e-01
3.374285714285714111e-01
3.374285714285714111e-01
3.374285714285714111e-01
3.374285714285714111e-01
3.374285714285714111e-01
3.374285714285714111e-01
3.374285714285714111e-01
3.374285714285714111e-01
3.374285714285714111e-01
3.374285714285714111e-01
3.374285714285714111e-01
3.374285714285714111e-01
3.374285714285714111e-01
3.374285714285714111e-01
3.374285714285714111e-01
3.374285714285714111e-01
3.374285714285714111e-01
3.371428571428571330e-01
3.371428571428571330e-01
3.371428571428571330e-01
3.371428571428571330e-01
3.368571428571428550e-01
3.368571428571428550e-01
3.368571428571428550e-01
3.368571428571428550e-01
3.368571428571428550e-01
3.368571428571428550e-01
3.368571428571428550e-01
3.368571428571428550e-01
3.368571428571428550e-01
3.368571428571428550e-01
3.368571428571428550e-01
3.368571428571428550e-01
3.368571428571428550e-01
3.368571428571428550e-01
3.368571428571428550e-01
3.368571428571428550e-01
3.368571428571428550e-01
3.368571428571428550e-01
3.368571428571428550e-01
3.368571428571428550e-01
3.368571428571428550e-01
3.365714285714285769e-01
3.365714285714285769e-01
3.365714285714285769e-01
3.365714285714285769e-01
3.365714285714285769e-01
3.365714285714285769e-01
3.365714285714285769e-01
3.365714285714285769e-01
3.365714285714285769e-01
3.365714285714285769e-01
3.365714285714285769e-01
3.360000000000000209e-01
3.360000000000000209e-01
3.360000000000000209e-01
3.360000000000000209e-01
3.357142857142856873e-01
3.357142857142856873e-01
3.357142857142856873e-01
3.354285714285714093e-01
3.354285714285714093e-01
3.351428571428571312e-01
3.351428571428571312e-01
3.348571428571428532e-01
3.348571428571428532e-01
3.348571428571428532e-01
3.348571428571428532e-01
3.348571428571428532e-01
3.348571428571428532e-01
3.348571428571428532e-01
3.348571428571428532e-01
3.348571428571428532e-01
3.348571428571428532e-01
3.348571428571428532e-01
3.348571428571428532e-01
3.348571428571428532e-01
3.348571428571428532e-01
3.348571428571428532e-01
3.348571428571428532e-01
3.348571428571428532e-01
3.348571428571428532e-01
3.348571428571428532e-01
3.348571428571428532e-01
3.345714285714285752e-01
3.342857142857142971e-01
3.342857142857142971e-01
3.342857142857142971e-01
3.342857142857142971e-01
3.342857142857142971e-01
3.342857142857142971e-01
3.342857142857142971e-01
3.342857142857142971e-01
3.342857142857142971e-01
3.342857142857142971e-01
3.342857142857142971e-01
3.342857142857142971e-01
3.342857142857142971e-01
3.342857142857142971e-01
3.342857142857142971e-01
3.342857142857142971e-01
3.342857142857142971e-01
3.342857142857142971e-01
3.342857142857142971e-01
3.342857142857142971e-01
3.340000000000000191e-01
3.340000000000000191e-01
3.340000000000000191e-01
3.340000000000000191e-01
3.337142857142857411e-01
3.337142857142857411e-01
3.337142857142857411e-01
3.337142857142857411e-01
3.337142857142857411e-01
3.337142857142857411e-01
3.337142857142857411e-01
3.337142857142857411e-01
3.337142857142857411e-01
3.337142857142857411e-01
3.337142857142857411e-01
3.337142857142857411e-01
3.337142857142857411e-01
3.337142857142857411e-01
3.337142857142857411e-01
3.337142857142857411e-01
3.337142857142857411e-01
3.337142857142857411e-01
3.337142857142857411e-01
3.337142857142857411e-01
3.334285714285714075e-01
3.334285714285714075e-01
3.334285714285714075e-01
3.334285714285714075e-01
3.334285714285714075e-01
3.334285714285714075e-01
3.334285714285714075e-01
3.334285714285714075e-01
3.334285714285714075e-01
3.334285714285714075e-01
3.334285714285714075e-01
3.334285714285714075e-01
3.334285714285714075e-01
3.328571428571428514e-01
3.328571428571428514e-01
3.328571428571428514e-01
3.325714285714285734e-01
3.325714285714285734e-01
3.325714285714285734e-01
3.325714285714285734e-01
3.325714285714285734e-01
3.325714285714285734e-01
3.322857142857142954e-01
3.322857142857142954e-01
3.322857142857142954e-01
3.322857142857142954e-01
3.322857142857142954e-01
3.322857142857142954e-01
3.322857142857142954e-01
3.322857142857142954e-01
3.322857142857142954e-01
3.322857142857142954e-01
3.322857142857142954e-01
3.322857142857142954e-01
3.322857142857142954e-01
3.322857142857142954e-01
3.322857142857142954e-01
3.322857142857142954e-01
3.322857142857142954e-01
3.322857142857142954e-01
3.320000000000000173e-01
3.320000000000000173e-01
3.320000000000000173e-01
3.320000000000000173e-01
3.320000000000000173e-01
3.320000000000000173e-01
3.320000000000000173e-01
3.320000000000000173e-01
3.320000000000000173e-01
3.320000000000000173e-01
3.320000000000000173e-01
3.320000000000000173e-01
3.320000000000000173e-01
3.320000000000000173e-01
3.320000000000000173e-01
3.320000000000000173e-01
3.320000000000000173e-01
3.320000000000000173e-01
3.320000000000000173e-01
3.320000000000000173e-01
3.320000000000000173e-01
3.320000000000000173e-01
3.320000000000000173e-01
3.320000000000000173e-01
3.320000000000000173e-01
3.320000000000000173e-01
3.320000000000000173e-01
3.320000000000000173e-01
3.320000000000000173e-01
3.320000000000000173e-01
3.320000000000000173e-01
3.320000000000000173e-01
3.320000000000000173e-01
3.320000000000000173e-01
3.320000000000000173e-01
3.320000000000000173e-01
3.320000000000000173e-01
3.320000000000000173e-01
3.320000000000000173e-01
3.320000000000000173e-01
3.320000000000000173e-01
3.320000000000000173e-01
3.317142857142857393e-01
3.317142857142857393e-01
3.317142857142857393e-01
3.317142857142857393e-01
3.317142857142857393e-01
3.317142857142857393e-01
3.317142857142857393e-01
3.317142857142857393e-01
3.317142857142857393e-01
3.314285714285714057e-01
3.314285714285714057e-01
3.311428571428571277e-01
3.311428571428571277e-01
3.311428571428571277e-01
3.311428571428571277e-01
3.311428571428571277e-01
3.311428571428571277e-01
3.311428571428571277e-01
3.311428571428571277e-01
3.311428571428571277e-01
3.311428571428571277e-01
3.311428571428571277e-01
3.311428571428571277e-01
3.311428571428571277e-01
3.308571428571428497e-01
3.308571428571428497e-01
3.308571428571428497e-01
3.308571428571428497e-01
3.308571428571428497e-01
3.308571428571428497e-01
3.308571428571428497e-01
3.308571428571428497e-01
3.308571428571428497e-01
3.305714285714285716e-01
3.305714285714285716e-01
3.305714285714285716e-01
3.305714285714285716e-01
3.305714285714285716e-01
3.302857142857142936e-01
3.302857142857142936e-01
3.302857142857142936e-01
3.302857142857142936e-01
3.302857142857142936e-01
3.302857142857142936e-01
3.302857142857142936e-01
3.302857142857142936e-01
3.302857142857142936e-01
3.302857142857142936e-01
3.300000000000000155e-01
3.300000000000000155e-01
3.300000000000000155e-01
3.300000000000000155e-01
3.300000000000000155e-01
3.300000000000000155e-01
3.300000000000000155e-01
3.300000000000000155e-01
3.300000000000000155e-01
3.300000000000000155e-01
3.300000000000000155e-01
3.300000000000000155e-01
3.300000000000000155e-01
3.297142857142857375e-01
3.297142857142857375e-01
3.297142857142857375e-01
3.297142857142857375e-01
3.297142857142857375e-01
3.297142857142857375e-01
3.297142857142857375e-01
3.297142857142857375e-01
3.297142857142857375e-01
3.297142857142857375e-01
3.297142857142857375e-01
3.297142857142857375e-01
3.297142857142857375e-01
3.297142857142857375e-01
3.297142857142857375e-01
3.294285714285714040e-01
3.294285714285714040e-01
3.294285714285714040e-01
3.294285714285714040e-01
3.294285714285714040e-01
3.294285714285714040e-01
3.294285714285714040e-01
3.294285714285714040e-01
3.294285714285714040e-01
3.294285714285714040e-01
3.294285714285714040e-01
3.294285714285714040e-01
3.291428571428571259e-01
3.291428571428571259e-01
3.291428571428571259e-01
3.291428571428571259e-01
3.291428571428571259e-01
3.291428571428571259e-01
3.291428571428571259e-01
3.291428571428571259e-01
3.291428571428571259e-01
3.291428571428571259e-01
3.291428571428571259e-01
3.291428571428571259e-01
3.291428571428571259e-01
3.291428571428571259e-01
3.291428571428571259e-01
3.291428571428571259e-01
3.291428571428571259e-01
3.291428571428571259e-01
3.291428571428571259e-01
3.288571428571428479e-01
3.288571428571428479e-01
3.288571428571428479e-01
3.288571428571428479e-01
3.288571428571428479e-01
3.288571428571428479e-01
3.288571428571428479e-01
3.288571428571428479e-01
3.288571428571428479e-01
3.288571428571428479e-01
3.288571428571428479e-01
3.288571428571428479e-01
3.288571428571428479e-01
3.288571428571428479e-01
3.288571428571428479e-01
3.285714285714285698e-01
3.285714285714285698e-01
3.285714285714285698e-01
3.285714285714285698e-01
3.285714285714285698e-01
3.285714285714285698e-01
3.285714285714285698e-01
3.285714285714285698e-01
3.285714285714285698e-01
3.285714285714285698e-01
3.285714285714285698e-01
3.285714285714285698e-01
3.285714285714285698e-01
3.285714285714285698e-01
3.285714285714285698e-01
3.285714285714285698e-01
3.285714285714285698e-01
3.285714285714285698e-01
3.282857142857142918e-01
3.282857142857142918e-01
3.282857142857142918e-01
3.282857142857142918e-01
3.282857142857142918e-01
3.282857142857142918e-01
3.282857142857142918e-01
3.282857142857142918e-01
3.282857142857142918e-01
3.282857142857142918e-01
3.282857142857142918e-01
3.282857142857142918e-01
3.282857142857142918e-01
3.282857142857142918e-01
3.282857142857142918e-01
3.282857142857142918e-01
3.282857142857142918e-01
3.282857142857142918e-01
3.282857142857142918e-01
3.282857142857142918e-01
3.282857142857142918e-01
3.282857142857142918e-01
3.282857142857142918e-01
3.282857142857142918e-01
3.282857142857142918e-01
3.282857142857142918e-01
3.282857142857142918e-01
3.282857142857142918e-01
3.282857142857142918e-01
3.280000000000000138e-01
3.277142857142857357e-01
3.277142857142857357e-01
3.277142857142857357e-01
3.277142857142857357e-01
3.274285714285714022e-01
3.274285714285714022e-01
3.274285714285714022e-01
3.274285714285714022e-01
3.274285714285714022e-01
3.274285714285714022e-01
3.274285714285714022e-01
3.274285714285714022e-01
3.274285714285714022e-01
3.271428571428571241e-01
3.271428571428571241e-01
3.271428571428571241e-01
3.271428571428571241e-01
3.271428571428571241e-01
3.271428571428571241e-01
3.271428571428571241e-01
3.271428571428571241e-01
3.271428571428571241e-01
3.271428571428571241e-01
3.271428571428571241e-01
3.271428571428571241e-01
3.271428571428571241e-01
3.271428571428571241e-01
3.271428571428571241e-01
3.271428571428571241e-01
3.271428571428571241e-01
3.271428571428571241e-01
3.271428571428571241e-01
3.271428571428571241e-01
3.271428571428571241e-01
3.271428571428571241e-01
3.271428571428571241e-01
3.271428571428571241e-01
3.271428571428571241e-01
3.271428571428571241e-01
3.271428571428571241e-01
3.271428571428571241e-01
3.271428571428571241e-01
3.271428571428571241e-01
3.271428571428571241e-01
3.271428571428571241e-01
3.271428571428571241e-01
3.271428571428571241e-01
3.271428571428571241e-01
3.271428571428571241e-01
3.271428571428571241e-01
3.271428571428571241e-01
3.271428571428571241e-01
3.271428571428571241e-01
3.271428571428571241e-01
3.271428571428571241e-01
3.268571428571428461e-01
3.268571428571428461e-01
3.268571428571428461e-01
3.268571428571428461e-01
3.268571428571428461e-01
3.268571428571428461e-01
3.268571428571428461e-01
3.268571428571428461e-01
3.268571428571428461e-01
3.268571428571428461e-01
3.268571428571428461e-01
3.268571428571428461e-01
3.268571428571428461e-01
3.265714285714285681e-01
3.265714285714285681e-01
3.265714285714285681e-01
3.265714285714285681e-01
3.265714285714285681e-01
3.265714285714285681e-01
3.265714285714285681e-01
3.265714285714285681e-01
3.265714285714285681e-01
3.265714285714285681e-01
3.265714285714285681e-01
3.265714285714285681e-01
3.265714285714285681e-01
3.265714285714285681e-01
3.265714285714285681e-01
3.265714285714285681e-01
3.265714285714285681e-01
3.265714285714285681e-01
3.265714285714285681e-01
3.265714285714285681e-01
3.265714285714285681e-01
3.265714285714285681e-01
3.265714285714285681e-01
3.265714285714285681e-01
3.265714285714285681e-01
3.265714285714285681e-01
3.265714285714285681e-01
3.265714285714285681e-01
3.265714285714285681e-01
3.265714285714285681e-01
3.265714285714285681e-01
3.265714285714285681e-01
3.265714285714285681e-01
3.265714285714285681e-01
3.265714285714285681e-01
3.265714285714285681e-01
3.265714285714285681e-01
3.265714285714285681e-01
3.265714285714285681e-01
3.265714285714285681e-01
3.265714285714285681e-01
3.265714285714285681e-01
3.265714285714285681e-01
3.265714285714285681e-01
3.265714285714285681e-01
3.265714285714285681e-01
3.265714285714285681e-01
3.265714285714285681e-01
3.265714285714285681e-01
3.265714285714285681e-01
3.265714285714285681e-01
3.265714285714285681e-01
3.265714285714285681e-01
3.265714285714285681e-01
3.265714285714285681e-01
3.265714285714285681e-01
3.265714285714285681e-01
3.265714285714285681e-01
3.265714285714285681e-01
3.265714285714285681e-01
3.265714285714285681e-01
3.265714285714285681e-01
3.265714285714285681e-01
3.265714285714285681e-01
3.262857142857142900e-01
3.262857142857142900e-01
3.262857142857142900e-01
3.262857142857142900e-01
3.262857142857142900e-01
3.262857142857142900e-01
3.262857142857142900e-01
3.262857142857142900e-01
3.262857142857142900e-01
3.262857142857142900e-01
3.262857142857142900e-01
3.262857142857142900e-01
3.262857142857142900e-01
3.262857142857142900e-01
3.262857142857142900e-01
3.262857142857142900e-01
3.262857142857142900e-01
3.262857142857142900e-01
3.262857142857142900e-01
3.262857142857142900e-01
3.262857142857142900e-01
3.262857142857142900e-01
3.262857142857142900e-01
3.260000000000000120e-01
3.260000000000000120e-01
3.260000000000000120e-01
3.260000000000000120e-01
3.260000000000000120e-01
3.260000000000000120e-01
3.260000000000000120e-01
3.260000000000000120e-01
3.260000000000000120e-01
3.260000000000000120e-01
3.260000000000000120e-01
3.260000000000000120e-01
3.260000000000000120e-01
3.257142857142857340e-01
3.257142857142857340e-01
3.257142857142857340e-01
3.257142857142857340e-01
3.257142857142857340e-01
3.257142857142857340e-01
3.257142857142857340e-01
3.257142857142857340e-01
3.257142857142857340e-01
3.257142857142857340e-01
3.257142857142857340e-01
3.257142857142857340e-01
3.257142857142857340e-01
3.254285714285714559e-01
3.254285714285714559e-01
3.254285714285714559e-01
3.254285714285714559e-01
3.254285714285714559e-01
3.254285714285714559e-01
3.254285714285714559e-01
3.254285714285714559e-01
3.254285714285714559e-01
3.254285714285714559e-01
3.254285714285714559e-01
3.254285714285714559e-01
3.254285714285714559e-01
3.254285714285714559e-01
3.254285714285714559e-01
3.254285714285714559e-01
3.254285714285714559e-01
3.254285714285714559e-01
3.254285714285714559e-01
3.254285714285714559e-01
3.251428571428571224e-01
3.251428571428571224e-01
3.251428571428571224e-01
3.251428571428571224e-01
3.251428571428571224e-01
3.251428571428571224e-01
3.251428571428571224e-01
3.251428571428571224e-01
3.251428571428571224e-01
3.251428571428571224e-01
3.251428571428571224e-01
3.251428571428571224e-01
3.251428571428571224e-01
3.251428571428571224e-01
3.251428571428571224e-01
3.251428571428571224e-01
3.251428571428571224e-01
3.251428571428571224e-01
3.251428571428571224e-01
3.251428571428571224e-01
3.251428571428571224e-01
3.251428571428571224e-01
3.251428571428571224e-01
3.251428571428571224e-01
3.251428571428571224e-01
3.251428571428571224e-01
3.251428571428571224e-01
3.251428571428571224e-01
3.251428571428571224e-01
3.248571428571428443e-01
3.248571428571428443e-01
3.248571428571428443e-01
3.248571428571428443e-01
3.248571428571428443e-01
3.248571428571428443e-01
3.248571428571428443e-01
3.248571428571428443e-01
3.248571428571428443e-01
3.248571428571428443e-01
3.248571428571428443e-01
3.248571428571428443e-01
3.248571428571428443e-01
3.248571428571428443e-01
3.248571428571428443e-01
3.248571428571428443e-01
3.248571428571428443e-01
3.248571428571428443e-01
3.248571428571428443e-01
3.245714285714285663e-01
3.245714285714285663e-01
3.245714285714285663e-01
3.245714285714285663e-01
3.245714285714285663e-01
3.245714285714285663e-01
3.245714285714285663e-01
3.245714285714285663e-01
3.245714285714285663e-01
3.245714285714285663e-01
3.245714285714285663e-01
3.245714285714285663e-01
3.245714285714285663e-01
3.245714285714285663e-01
3.245714285714285663e-01
3.245714285714285663e-01
3.245714285714285663e-01
3.245714285714285663e-01
3.245714285714285663e-01
3.245714285714285663e-01
3.245714285714285663e-01
3.245714285714285663e-01
3.245714285714285663e-01
3.245714285714285663e-01
3.245714285714285663e-01
3.245714285714285663e-01
3.245714285714285663e-01
3.245714285714285663e-01
3.245714285714285663e-01
3.245714285714285663e-01
3.245714285714285663e-01
3.245714285714285663e-01
3.245714285714285663e-01
3.245714285714285663e-01
3.245714285714285663e-01
3.245714285714285663e-01
3.245714285714285663e-01
3.245714285714285663e-01
3.245714285714285663e-01
3.245714285714285663e-01
3.245714285714285663e-01
3.245714285714285663e-01
3.245714285714285663e-01
3.245714285714285663e-01
3.245714285714285663e-01
3.245714285714285663e-01
3.245714285714285663e-01
3.245714285714285663e-01
3.245714285714285663e-01
3.245714285714285663e-01
3.245714285714285663e-01
3.245714285714285663e-01
3.245714285714285663e-01
3.245714285714285663e-01
3.242857142857142883e-01
3.242857142857142883e-01
3.242857142857142883e-01
3.242857142857142883e-01
3.242857142857142883e-01
3.242857142857142883e-01
3.242857142857142883e-01
3.242857142857142883e-01
3.242857142857142883e-01
3.242857142857142883e-01
3.242857142857142883e-01
3.242857142857142883e-01
3.242857142857142883e-01
3.242857142857142883e-01
3.242857142857142883e-01
3.242857142857142883e-01
3.242857142857142883e-01
3.242857142857142883e-01
3.242857142857142883e-01
3.240000000000000102e-01
3.237142857142857322e-01
3.237142857142857322e-01
3.237142857142857322e-01
3.237142857142857322e-01
3.237142857142857322e-01
3.237142857142857322e-01
3.237142857142857322e-01
3.237142857142857322e-01
3.237142857142857322e-01
3.237142857142857322e-01
3.237142857142857322e-01
3.237142857142857322e-01
3.237142857142857322e-01
3.237142857142857322e-01
3.237142857142857322e-01
3.237142857142857322e-01
3.237142857142857322e-01
3.234285714285714541e-01
3.234285714285714541e-01
3.234285714285714541e-01
3.234285714285714541e-01
3.234285714285714541e-01
3.234285714285714541e-01
3.234285714285714541e-01
3.234285714285714541e-01
3.234285714285714541e-01
3.234285714285714541e-01
3.234285714285714541e-01
3.234285714285714541e-01
3.234285714285714541e-01
3.234285714285714541e-01
3.234285714285714541e-01
3.234285714285714541e-01
3.234285714285714541e-01
3.234285714285714541e-01
3.234285714285714541e-01
3.234285714285714541e-01
3.234285714285714541e-01
3.234285714285714541e-01
3.234285714285714541e-01
3.234285714285714541e-01
3.231428571428571206e-01
3.231428571428571206e-01
3.231428571428571206e-01
3.228571428571428426e-01
3.228571428571428426e-01
3.228571428571428426e-01
3.228571428571428426e-01
3.228571428571428426e-01
3.228571428571428426e-01
3.228571428571428426e-01
3.228571428571428426e-01
3.228571428571428426e-01
3.228571428571428426e-01
3.228571428571428426e-01
3.225714285714285645e-01
3.225714285714285645e-01
3.225714285714285645e-01
3.225714285714285645e-01
3.225714285714285645e-01
3.225714285714285645e-01
3.225714285714285645e-01
3.222857142857142865e-01
3.222857142857142865e-01
3.222857142857142865e-01
3.222857142857142865e-01
3.220000000000000084e-01
3.220000000000000084e-01
3.220000000000000084e-01
3.220000000000000084e-01
3.220000000000000084e-01
3.220000000000000084e-01
3.220000000000000084e-01
3.220000000000000084e-01
3.220000000000000084e-01
3.220000000000000084e-01
3.220000000000000084e-01
3.220000000000000084e-01
3.220000000000000084e-01
3.220000000000000084e-01
3.220000000000000084e-01
3.220000000000000084e-01
3.220000000000000084e-01
3.220000000000000084e-01
3.220000000000000084e-01
3.220000000000000084e-01
3.220000000000000084e-01
3.220000000000000084e-01
3.220000000000000084e-01
3.220000000000000084e-01
3.220000000000000084e-01
3.220000000000000084e-01
3.220000000000000084e-01
3.220000000000000084e-01
3.220000000000000084e-01
3.220000000000000084e-01
3.220000000000000084e-01
3.220000000000000084e-01
3.220000000000000084e-01
3.220000000000000084e-01
3.220000000000000084e-01
3.220000000000000084e-01
3.220000000000000084e-01
3.220000000000000084e-01
3.220000000000000084e-01
3.220000000000000084e-01
3.220000000000000084e-01
3.220000000000000084e-01
3.220000000000000084e-01
3.220000000000000084e-01
3.217142857142857304e-01
3.217142857142857304e-01
3.217142857142857304e-01
3.217142857142857304e-01
3.217142857142857304e-01
3.217142857142857304e-01
3.217142857142857304e-01
3.217142857142857304e-01
3.217142857142857304e-01
3.214285714285714524e-01
3.211428571428571188e-01
3.211428571428571188e-01
3.211428571428571188e-01
3.211428571428571188e-01
3.211428571428571188e-01
3.211428571428571188e-01
3.208571428571428408e-01
3.208571428571428408e-01
3.208571428571428408e-01
3.208571428571428408e-01
3.208571428571428408e-01
3.208571428571428408e-01
3.208571428571428408e-01
3.208571428571428408e-01
3.208571428571428408e-01
3.208571428571428408e-01
3.208571428571428408e-01
3.208571428571428408e-01
3.208571428571428408e-01
3.202857142857142847e-01
3.202857142857142847e-01
3.202857142857142847e-01
3.202857142857142847e-01
3.202857142857142847e-01
3.202857142857142847e-01
3.202857142857142847e-01
3.202857142857142847e-01
3.202857142857142847e-01
3.202857142857142847e-01
3.202857142857142847e-01
3.202857142857142847e-01
3.202857142857142847e-01
3.202857142857142847e-01
3.200000000000000067e-01
3.200000000000000067e-01
3.200000000000000067e-01
3.200000000000000067e-01
3.197142857142857286e-01
3.197142857142857286e-01
3.197142857142857286e-01
3.197142857142857286e-01
3.197142857142857286e-01
3.197142857142857286e-01
3.197142857142857286e-01
3.197142857142857286e-01
3.197142857142857286e-01
3.197142857142857286e-01
3.197142857142857286e-01
3.197142857142857286e-01
3.197142857142857286e-01
3.197142857142857286e-01
3.197142857142857286e-01
3.197142857142857286e-01
3.197142857142857286e-01
3.197142857142857286e-01
3.197142857142857286e-01
3.197142857142857286e-01
3.197142857142857286e-01
3.197142857142857286e-01
3.197142857142857286e-01
3.194285714285714506e-01
3.194285714285714506e-01
3.194285714285714506e-01
3.194285714285714506e-01
3.194285714285714506e-01
3.191428571428571170e-01
3.191428571428571170e-01
3.191428571428571170e-01
3.191428571428571170e-01
3.191428571428571170e-01
3.191428571428571170e-01
3.191428571428571170e-01
3.188571428571428390e-01
3.188571428571428390e-01
3.188571428571428390e-01
3.188571428571428390e-01
3.188571428571428390e-01
3.188571428571428390e-01
3.188571428571428390e-01
3.188571428571428390e-01
3.188571428571428390e-01
3.188571428571428390e-01
3.188571428571428390e-01
3.188571428571428390e-01
3.188571428571428390e-01
3.185714285714285610e-01
3.185714285714285610e-01
3.185714285714285610e-01
3.185714285714285610e-01
3.185714285714285610e-01
3.185714285714285610e-01
3.185714285714285610e-01
3.185714285714285610e-01
3.185714285714285610e-01
3.185714285714285610e-01
3.185714285714285610e-01
3.185714285714285610e-01
3.185714285714285610e-01
3.185714285714285610e-01
3.185714285714285610e-01
3.185714285714285610e-01
3.185714285714285610e-01
3.185714285714285610e-01
3.185714285714285610e-01
3.185714285714285610e-01
3.185714285714285610e-01
3.185714285714285610e-01
3.185714285714285610e-01
3.185714285714285610e-01
3.185714285714285610e-01
3.185714285714285610e-01
3.185714285714285610e-01
3.185714285714285610e-01
3.185714285714285610e-01
3.185714285714285610e-01
3.185714285714285610e-01
3.185714285714285610e-01
3.185714285714285610e-01
3.185714285714285610e-01
3.185714285714285610e-01
3.185714285714285610e-01
3.185714285714285610e-01
3.185714285714285610e-01
3.185714285714285610e-01
3.185714285714285610e-01
3.185714285714285610e-01
3.185714285714285610e-01
3.185714285714285610e-01
3.185714285714285610e-01
3.185714285714285610e-01
3.185714285714285610e-01
3.185714285714285610e-01
3.185714285714285610e-01
3.185714285714285610e-01
3.185714285714285610e-01
3.185714285714285610e-01
3.182857142857142829e-01
3.182857142857142829e-01
3.182857142857142829e-01
3.182857142857142829e-01
3.182857142857142829e-01
3.182857142857142829e-01
3.182857142857142829e-01
3.180000000000000049e-01
3.180000000000000049e-01
3.180000000000000049e-01
3.180000000000000049e-01
3.180000000000000049e-01
3.180000000000000049e-01
3.180000000000000049e-01
3.180000000000000049e-01
3.180000000000000049e-01
3.180000000000000049e-01
3.180000000000000049e-01
3.180000000000000049e-01
3.180000000000000049e-01
3.180000000000000049e-01
3.180000000000000049e-01
3.180000000000000049e-01
3.180000000000000049e-01
3.180000000000000049e-01
3.180000000000000049e-01
3.180000000000000049e-01
3.180000000000000049e-01
3.180000000000000049e-01
3.180000000000000049e-01
3.180000000000000049e-01
3.180000000000000049e-01
3.180000000000000049e-01
3.180000000000000049e-01
3.180000000000000049e-01
3.180000000000000049e-01
3.180000000000000049e-01
3.180000000000000049e-01
3.180000000000000049e-01
3.180000000000000049e-01
3.180000000000000049e-01
3.180000000000000049e-01
3.180000000000000049e-01
3.180000000000000049e-01
3.180000000000000049e-01
3.180000000000000049e-01
3.180000000000000049e-01
3.180000000000000049e-01
3.180000000000000049e-01
3.180000000000000049e-01
3.180000000000000049e-01
3.180000000000000049e-01
3.180000000000000049e-01
3.180000000000000049e-01
3.180000000000000049e-01
3.180000000000000049e-01
3.180000000000000049e-01
3.180000000000000049e-01
3.180000000000000049e-01
3.180000000000000049e-01
3.180000000000000049e-01
3.180000000000000049e-01
3.180000000000000049e-01
3.180000000000000049e-01
3.180000000000000049e-01
3.180000000000000049e-01
3.180000000000000049e-01
3.180000000000000049e-01
3.180000000000000049e-01
3.180000000000000049e-01
3.180000000000000049e-01
3.180000000000000049e-01
3.180000000000000049e-01
3.180000000000000049e-01
3.180000000000000049e-01
3.180000000000000049e-01
3.180000000000000049e-01
3.180000000000000049e-01
3.180000000000000049e-01
3.180000000000000049e-01
3.180000000000000049e-01
3.180000000000000049e-01
3.180000000000000049e-01
3.180000000000000049e-01
3.180000000000000049e-01
3.180000000000000049e-01
3.180000000000000049e-01
3.180000000000000049e-01
3.180000000000000049e-01
3.180000000000000049e-01
3.180000000000000049e-01
3.180000000000000049e-01
3.180000000000000049e-01
3.180000000000000049e-01
3.180000000000000049e-01
3.180000000000000049e-01
3.180000000000000049e-01
3.180000000000000049e-01
3.180000000000000049e-01
3.180000000000000049e-01
3.180000000000000049e-01
3.180000000000000049e-01
3.180000000000000049e-01
3.180000000000000049e-01
3.180000000000000049e-01
3.180000000000000049e-01
3.180000000000000049e-01
3.180000000000000049e-01
3.180000000000000049e-01
3.180000000000000049e-01
3.180000000000000049e-01
3.177142857142857268e-01
3.177142857142857268e-01
3.177142857142857268e-01
3.177142857142857268e-01
3.177142857142857268e-01
3.177142857142857268e-01
3.177142857142857268e-01
3.177142857142857268e-01
3.177142857142857268e-01
3.177142857142857268e-01
3.177142857142857268e-01
3.177142857142857268e-01
3.177142857142857268e-01
3.177142857142857268e-01
3.174285714285714488e-01
3.174285714285714488e-01
3.174285714285714488e-01
3.174285714285714488e-01
3.174285714285714488e-01
3.174285714285714488e-01
3.174285714285714488e-01
3.174285714285714488e-01
3.174285714285714488e-01
3.174285714285714488e-01
3.171428571428571153e-01
3.171428571428571153e-01
3.171428571428571153e-01
3.171428571428571153e-01
3.171428571428571153e-01
3.171428571428571153e-01
3.171428571428571153e-01
3.171428571428571153e-01
3.171428571428571153e-01
3.171428571428571153e-01
3.171428571428571153e-01
3.171428571428571153e-01
3.171428571428571153e-01
3.168571428571428372e-01
3.168571428571428372e-01
3.168571428571428372e-01
3.168571428571428372e-01
3.165714285714285592e-01
3.165714285714285592e-01
3.165714285714285592e-01
3.165714285714285592e-01
3.165714285714285592e-01
3.165714285714285592e-01
3.165714285714285592e-01
3.165714285714285592e-01
3.165714285714285592e-01
3.165714285714285592e-01
3.165714285714285592e-01
3.165714285714285592e-01
3.165714285714285592e-01
3.165714285714285592e-01
3.165714285714285592e-01
3.165714285714285592e-01
3.165714285714285592e-01
3.165714285714285592e-01
3.165714285714285592e-01
