periods   2 
begin filament 
mirror NIL 
  1.440028075555060E+00   5.957076406166162E-01  -1.287934752294408E-01   1.000000000000000E+05
  1.439752675063919E+00   5.959873944800205E-01  -1.295588499755976E-01   1.000000000000000E+05
  1.439250419587950E+00   5.964669110760029E-01  -1.309265430203142E-01   1.000000000000000E+05
  1.438193295080414E+00   5.973471326173957E-01  -1.337626191036748E-01   1.000000000000000E+05
  1.436269824552602E+00   5.987212494974140E-01  -1.388633160518885E-01   1.000000000000000E+05
  1.433202097015067E+00   6.005668827017165E-01  -1.469029579454825E-01   1.000000000000000E+05
  1.428757488277499E+00   6.027442573456964E-01  -1.583880717948620E-01   1.000000000000000E+05
  1.422754863590534E+00   6.050009184573781E-01  -1.736214542070970E-01   1.000000000000000E+05
  1.415065632228270E+00   6.069833150301887E-01  -1.926792700805934E-01   1.000000000000000E+05
  1.405610517976937E+00   6.082552506194890E-01  -2.154033050671821E-01   1.000000000000000E+05
  1.394353269967487E+00   6.083227761781594E-01  -2.414093159818238E-01   1.000000000000000E+05
  1.381292733839405E+00   6.066646079886560E-01  -2.701111296555967E-01   1.000000000000000E+05
  1.366454720798276E+00   6.027666305096148E-01  -3.007588453893414E-01   1.000000000000000E+05
  1.349884958074273E+00   5.961585428455328E-01  -3.324883163085168E-01   1.000000000000000E+05
  1.331644103253022E+00   5.864502872978817E-01  -3.643781292399901E-01   1.000000000000000E+05
  1.311805396928188E+00   5.733656181923296E-01  -3.955096610246548E-01   1.000000000000000E+05
  1.290455063942571E+00   5.567700810095478E-01  -4.250255235526786E-01   1.000000000000000E+05
  1.267695109217037E+00   5.366908138561538E-01  -4.521818484307193E-01   1.000000000000000E+05
  1.243647745069229E+00   5.133259735663742E-01  -4.763903962246600E-01   1.000000000000000E+05
  1.218460381502669E+00   4.870422210862883E-01  -4.972473592553329E-01   1.000000000000000E+05
  1.192309945783130E+00   4.583595430983724E-01  -5.145468829029108E-01   1.000000000000000E+05
  1.165405293476662E+00   4.279236818208476E-01  -5.282786546765567E-01   1.000000000000000E+05
  1.137986632735826E+00   3.964675139007557E-01  -5.386102833091357E-01   1.000000000000000E+05
  1.110321191380345E+00   3.647637685601158E-01  -5.458564873764120E-01   1.000000000000000E+05
  1.082694779899881E+00   3.335724041768437E-01  -5.504382167818200E-01   1.000000000000000E+05
  1.055399397247658E+00   3.035866737584141E-01  -5.528356411700249E-01   1.000000000000000E+05
  1.028717535988838E+00   2.753823187503368E-01  -5.535393845443390E-01   1.000000000000000E+05
  1.002904311977662E+00   2.493743751314861E-01  -5.530044268490292E-01   1.000000000000000E+05
  9.781689174262306E-01   2.257857236952053E-01  -5.516107306017343E-01   1.000000000000000E+05
  9.546571301049440E-01   2.046307710008957E-01  -5.496339211780515E-01   1.000000000000000E+05
  9.324366743897835E-01   1.857165492062195E-01  -5.472283246131883E-01   1.000000000000000E+05
  9.114871081185646E-01   1.686621481074428E-01  -5.444234456928830E-01   1.000000000000000E+05
  8.916956078847208E-01   1.529358481027087E-01  -5.411336684414862E-01   1.000000000000000E+05
  8.728595683762842E-01   1.379077375819500E-01  -5.371797043907593E-01   1.000000000000000E+05
  8.546963591435325E-01   1.229141128748735E-01  -5.323192196861758E-01   1.000000000000000E+05
  8.368599479526484E-01   1.073287125223442E-01  -5.262832422896083E-01   1.000000000000000E+05
  8.189634643656630E-01   9.063495511860645E-02  -5.188144613958633E-01   1.000000000000000E+05
  8.006062025759905E-01   7.249292951963961E-02  -5.097034256665198E-01   1.000000000000000E+05
  7.814031062747334E-01   5.279498908462527E-02  -4.988189308687083E-01   1.000000000000000E+05
  7.610144873154855E-01   3.170444480180925E-02  -4.861295293990606E-01   1.000000000000000E+05
  7.391736357074556E-01   9.673004888035344E-03  -4.717140281722097E-01   1.000000000000000E+05
  7.157100938453331E-01  -1.256580694537696E-02  -4.557599739783414E-01   1.000000000000000E+05
  6.905666855808721E-01  -3.402812532964535E-02  -4.385503446831320E-01   1.000000000000000E+05
  6.638088838379346E-01  -5.353492243419482E-02  -4.204398509955679E-01   1.000000000000000E+05
  6.356257249135225E-01  -6.978765976604984E-02  -4.018232914331997E-01   1.000000000000000E+05
  6.063221763935448E-01  -8.145932256361839E-02  -3.830991922306868E-01   1.000000000000000E+05
  5.763035743027458E-01  -8.729424512834147E-02  -3.646324287569288E-01   1.000000000000000E+05
  5.460533980807821E-01  -8.620913065308247E-02  -3.467196220351069E-01   1.000000000000000E+05
  5.161061888265692E-01  -7.738726354400284E-02  -3.295608257655108E-01   1.000000000000000E+05
  4.870177876969144E-01  -6.035815921475415E-02  -3.132403949852332E-01   1.000000000000000E+05
  4.593352440353031E-01  -3.505579415463101E-02  -2.977190198689311E-01   1.000000000000000E+05
  4.335687025775777E-01  -1.850049811140154E-03  -2.828378071686319E-01   1.000000000000000E+05
  4.101673323036150E-01   3.845202286366371E-02  -2.683341057830019E-01   1.000000000000000E+05
  3.895009324041855E-01   8.463620969497943E-02  -2.538676180656241E-01   1.000000000000000E+05
  3.718482868460236E-01   1.351410573688920E-01  -2.390543272770230E-01   1.000000000000000E+05
  3.573926944415845E-01   1.881439760830060E-01  -2.235050021048517E-01   1.000000000000000E+05
  3.462244396973572E-01   2.416676532582499E-01  -2.068645855164504E-01   1.000000000000000E+05
  3.383493554677372E-01   2.936992212332410E-01  -1.888486804418076E-01   1.000000000000000E+05
  3.337021205209039E-01   3.423135170013223E-01  -1.692736169543782E-01   1.000000000000000E+05
  3.321625811241683E-01   3.857913501660231E-01  -1.480771971515847E-01   1.000000000000000E+05
  3.335732172343833E-01   4.227239979680851E-01  -1.253281045402450E-01   1.000000000000000E+05
  3.377559032772764E-01   4.520961543428182E-01  -1.012230474340802E-01   1.000000000000000E+05
  3.445263330061080E-01   4.733411948979307E-01  -7.607187562918642E-02   1.000000000000000E+05
  3.537048603825499E-01   4.863647498394384E-01  -5.027205362692701E-02   1.000000000000000E+05
  3.651230101696590E-01   4.915350286821931E-01  -2.427488232078610E-02   1.000000000000000E+05
  3.786254773596934E-01   4.896409133911490E-01   1.453361451024373E-03   1.000000000000000E+05
  3.940680018595986E-01   4.818213197534266E-01   2.647172461187362E-02   1.000000000000000E+05
  4.113120123792094E-01   4.694715176415094E-01   5.040254751826913E-02   1.000000000000000E+05
  4.302173261151071E-01   4.541338220380252E-01   7.296356428453038E-02   1.000000000000000E+05
  4.506344257700270E-01   4.373811811769767E-01   9.399115589663096E-02   1.000000000000000E+05
  4.723978866210820E-01   4.207026105407134E-01   1.134526147163017E-01   1.000000000000000E+05
  4.953223872189008E-01   4.053991249174605E-01   1.314463082918686E-01   1.000000000000000E+05
  5.192024216743151E-01   3.924978387223999E-01   1.481897529167757E-01   1.000000000000000E+05
  5.438163722403739E-01   3.826903275076193E-01   1.639967158451957E-01   1.000000000000000E+05
  5.689350467127819E-01   3.762993095515346E-01   1.792454550754660E-01   1.000000000000000E+05
  5.943341956632294E-01   3.732753899766879E-01   1.943409856577344E-01   1.000000000000000E+05
  6.198099641663529E-01   3.732232057531263E-01   2.096747616810501E-01   1.000000000000000E+05
  6.451957642082008E-01   3.754540164187299E-01   2.255853415967604E-01   1.000000000000000E+05
  6.703787318278821E-01   3.790597871118911E-01   2.423234511334638E-01   1.000000000000000E+05
  6.953137976723348E-01   3.830022633443224E-01   2.600243946357290E-01   1.000000000000000E+05
  7.200334730274470E-01   3.862095550580098E-01   2.786900434637871E-01   1.000000000000000E+05
  7.446517364747014E-01   3.876723948438051E-01   2.981817241685330E-01   1.000000000000000E+05
  7.693608784960817E-01   3.865325212695615E-01   3.182243305102187E-01   1.000000000000000E+05
  7.944207820727845E-01   3.821565188970345E-01   3.384209897015318E-01   1.000000000000000E+05
  8.201408297932529E-01   3.741898292736913E-01   3.582767190963015E-01   1.000000000000000E+05
  8.468553644763177E-01   3.625874006270269E-01   3.772287970683256E-01   1.000000000000000E+05
  8.748943186795660E-01   3.476194105354014E-01   3.946811028749105E-01   1.000000000000000E+05
  9.045511991800135E-01   3.298525060496388E-01   4.100394907018505E-01   1.000000000000000E+05
  9.360510055779500E-01   3.101088933345628E-01   4.227453596683447E-01   1.000000000000000E+05
  9.695208331557776E-01   2.894072250165897E-01   4.323049421785665E-01   1.000000000000000E+05
  1.004965834793159E+00   2.688904587012337E-01   4.383124094753663E-01   1.000000000000000E+05
  1.042252893793963E+00   2.497466137468418E-01   4.404656169798512E-01   1.000000000000000E+05
  1.081103811077157E+00   2.331285983148525E-01   4.385741015337675E-01   1.000000000000000E+05
  1.121099080221041E+00   2.200790228235019E-01   4.325597124725779E-01   1.000000000000000E+05
  1.161692474132599E+00   2.114652090155988E-01   4.224509280068858E-01   1.000000000000000E+05
  1.202235771760684E+00   2.079285310851551E-01   4.083724105262977E-01   1.000000000000000E+05
  1.242012091893928E+00   2.098508977992503E-01   3.905316422688770E-01   1.000000000000000E+05
  1.280275551375907E+00   2.173397280450919E-01   3.692045343263167E-01   1.000000000000000E+05
  1.316294395526725E+00   2.302313150901106E-01   3.447217220292287E-01   1.000000000000000E+05
  1.349394412017674E+00   2.481111364598593E-01   3.174568791348628E-01   1.000000000000000E+05
  1.378999368064757E+00   2.703485470580378E-01   2.878178548813352E-01   1.000000000000000E+05
  1.404665412984377E+00   2.961424665631276E-01   2.562408309760593E-01   1.000000000000000E+05
  1.426106847661052E+00   3.245741803507990E-01   2.231870874067522E-01   1.000000000000000E+05
  1.443211339906679E+00   3.546632254075739E-01   1.891414337459669E-01   1.000000000000000E+05
  1.456043501084121E+00   3.854225069861255E-01   1.546109745636219E-01   1.000000000000000E+05
  1.464836661663274E+00   4.159092396960317E-01   1.201226852345556E-01   1.000000000000000E+05
  1.469973611170010E+00   4.452689603274720E-01   8.621830685130344E-02   1.000000000000000E+05
  1.471957920948415E+00   4.727706396809701E-01   5.344532909420737E-02   1.000000000000000E+05
  1.471378173405903E+00   4.978317452268894E-01   2.234329397461383E-02   1.000000000000000E+05
  1.468867920148645E+00   5.200328995706471E-01  -6.574727025225047E-03   1.000000000000000E+05
  1.465064444177322E+00   5.391224783507458E-01  -3.284492282365280E-02   1.000000000000000E+05
  1.460569391366791E+00   5.550120502143093E-01  -5.607852621167188E-02   1.000000000000000E+05
  1.455914071021170E+00   5.677639564688950E-01  -7.598868171698900E-02   1.000000000000000E+05
  1.451531734514134E+00   5.775725553906078E-01  -9.241601054276169E-02   1.000000000000000E+05
  1.447738474753815E+00   5.847407312276456E-01  -1.053502305942150E-01   1.000000000000000E+05
  1.444723612029760E+00   5.896532205375759E-01  -1.149452026755232E-01   1.000000000000000E+05
  1.442549616674079E+00   5.927481775704634E-01  -1.215250721530817E-01   1.000000000000000E+05
  1.441160840238721E+00   5.944882277635714E-01  -1.255797464987261E-01   1.000000000000000E+05
  1.440399653234687E+00   5.953320826371595E-01  -1.277487515336210E-01   1.000000000000000E+05
  1.440028075555060E+00   5.957076406166162E-01  -1.287934752294407E-01   1.000000000000000E+05
  1.440028075555060E+00   5.957076406166162E-01  -1.287934752294408E-01   0.000000000000000E+00 1 CurveXYZFourier1 
  4.991260382377929E-01   1.649110559752968E+00   3.672034658013310E-02   1.774626041188972E+05
  4.988457643801879E-01   1.649084571142540E+00   3.383412962431518E-02   1.774626041188972E+05
  4.982914507079545E-01   1.648857069131446E+00   2.817319150366955E-02   1.774626041188972E+05
  4.973687642692390E-01   1.648187627437980E+00   1.889410077483125E-02   1.774626041188972E+05
  4.960010681213401E-01   1.646761165444550E+00   5.399821423626673E-03   1.774626041188972E+05
  4.941361379139854E-01   1.644206119536590E+00  -1.262473511642343E-02   1.774626041188972E+05
  4.917527537129422E-01   1.640118141309181E+00  -3.519685044019221E-02   1.774626041188972E+05
  4.888660636729243E-01   1.634088319306182E+00  -6.204079534596386E-02   1.774626041188972E+05
  4.855306442332872E-01   1.625734406516221E+00  -9.261271950965176E-02   1.774626041188972E+05
  4.818403484299165E-01   1.614733089853673E+00  -1.261435929580862E-01   1.774626041188972E+05
  4.779243246183559E-01   1.600851013087076E+00  -1.616968398034439E-01   1.774626041188972E+05
  4.739389734620055E-01   1.583972106384314E+00  -1.982362512059565E-01   1.774626041188972E+05
  4.700560516611176E-01   1.564118816272366E+00  -2.346990565414835E-01   1.774626041188972E+05
  4.664475800358145E-01   1.541465084805367E+00  -2.700687222888415E-01   1.774626041188972E+05
  4.632686227554324E-01   1.516339391847579E+00  -3.034421578750452E-01   1.774626041188972E+05
  4.606393283709639E-01   1.489216824821276E+00  -3.340865234231249E-01   1.774626041188972E+05
  4.586278243650510E-01   1.460699931899094E+00  -3.614817103441700E-01   1.774626041188972E+05
  4.572356095208081E-01   1.431488987086588E+00  -3.853457279055493E-01   1.774626041188972E+05
  4.563869814684098E-01   1.402343177283725E+00  -4.056415812229811E-01   1.774626041188972E+05
  4.559237751516887E-01   1.374035035477716E+00  -4.225656587324665E-01   1.774626041188972E+05
  4.556062921359744E-01   1.347301115825406E+00  -4.365190457546019E-01   1.774626041188972E+05
  4.551208048622460E-01   1.322792369609308E+00  -4.480644359057732E-01   1.774626041188972E+05
  4.540934688220079E-01   1.301027885433971E+00  -4.578723283713919E-01   1.774626041188972E+05
  4.521099200010087E-01   1.282355572845547E+00  -4.666609024439773E-01   1.774626041188972E+05
  4.487393268105915E-01   1.266922990342765E+00  -4.751343043424583E-01   1.774626041188972E+05
  4.435612531595302E-01   1.254660866665253E+00  -4.839240485661278E-01   1.774626041188972E+05
  4.361934117327616E-01   1.245280983119753E+00  -4.935378411670628E-01   1.774626041188972E+05
  4.263182708248681E-01   1.238289040748952E+00  -5.043194184414866E-01   1.774626041188972E+05
  4.137065359428397E-01   1.233012011638336E+00  -5.164220291274324E-01   1.774626041188972E+05
  3.982357542434029E-01   1.228638360009192E+00  -5.297970567586299E-01   1.774626041188972E+05
  3.799026652462443E-01   1.224268508602523E+00  -5.441980771877142E-01   1.774626041188972E+05
  3.588284108691409E-01   1.218972104903528E+00  -5.591994722726448E-01   1.774626041188972E+05
  3.352562769032435E-01   1.211848081014334E+00  -5.742276659176140E-01   1.774626041188972E+05
  3.095422157480575E-01   1.202083250319627E+00  -5.886021910733680E-01   1.774626041188972E+05
  2.821389445994010E-01   1.189005267529170E+00  -6.015831943944882E-01   1.774626041188972E+05
  2.535748762903727E-01   1.172126191993303E+00  -6.124216739223612E-01   1.774626041188972E+05
  2.244294821107175E-01   1.151173604995166E+00  -6.204087339142045E-01   1.774626041188972E+05
  1.953068799078482E-01   1.126107182139634E+00  -6.249204143062786E-01   1.774626041188972E+05
  1.668094740561587E-01   1.097119733534416E+00  -6.254551724181324E-01   1.774626041188972E+05
  1.395133496216387E-01   1.064622904999245E+00  -6.216618054878870E-01   1.774626041188972E+05
  1.139468594958806E-01   1.029218885182150E+00  -6.133564362910464E-01   1.774626041188972E+05
  9.057347166724761E-02   9.916604912727556E-01  -6.005280664454553E-01   1.774626041188972E+05
  6.977950497633524E-02   9.528028263101541E-01  -5.833330598870390E-01   1.774626041188972E+05
  5.186692178513498E-02   9.135502487873211E-01  -5.620796862824774E-01   1.774626041188972E+05
  3.705091156644792E-02   8.748026294419164E-01  -5.372044769144962E-01   1.774626041188972E+05
  2.546163276635106E-02   8.374047774771950E-01  -5.092425859316493E-01   1.774626041188972E+05
  1.714921507538040E-02   8.021025141538812E-01  -4.787945880221017E-01   1.774626041188972E+05
  1.209098217667750E-02   7.695081977224645E-01  -4.464921782471329E-01   1.774626041188972E+05
  1.019984381548490E-02   7.400776247273101E-01  -4.129650867788026E-01   1.774626041188972E+05
  1.133291875495278E-02   7.140992301062412E-01  -3.788112107731416E-01   1.774626041188972E+05
  1.529966632845251E-02   6.916954725641746E-01  -3.445715381391580E-01   1.774626041188972E+05
  2.186909214138168E-02   6.728353134930564E-01  -3.107109399596185E-01   1.774626041188972E+05
  3.077591368183151E-02   6.573558608140562E-01  -2.776053873400646E-01   1.774626041188972E+05
  4.172588163879438E-02   6.449906221566087E-01  -2.455356487717508E-01   1.774626041188972E+05
  5.440071162879945E-02   6.354014424886266E-01  -2.146870829458345E-01   1.774626041188972E+05
  6.846325399199146E-02   6.282111125746671E-01  -1.851547869035587E-01   1.774626041188972E+05
  8.356359166101623E-02   6.230338229824323E-01  -1.569531068283289E-01   1.774626041188972E+05
  9.934669618512824E-02   6.195010748412478E-01  -1.300283736756369E-01   1.774626041188972E+05
  1.154620927134779E-01   6.172812920627163E-01  -1.042736827836569E-01   1.774626041188972E+05
  1.315757035286103E-01   6.160921422761008E-01  -7.954458174721812E-02   1.774626041188972E+05
  1.473836869089032E-01   6.157053872434971E-01  -5.567464449401024E-02   1.774626041188972E+05
  1.626277039044113E-01   6.159448674764403E-01  -3.249006915594382E-02   1.774626041188972E+05
  1.771106759758367E-01   6.166789048969146E-01  -9.822620558467877E-03   1.774626041188972E+05
  1.907117881658495E-01   6.178089187024252E-01   1.247957480320423E-02   1.774626041188972E+05
  2.033992881057843E-01   6.192563482032948E-01   3.454369774675418E-02   1.774626041188972E+05
  2.152395642539427E-01   6.209500393826333E-01   5.646653096922120E-02   1.774626041188972E+05
  2.264010778731994E-01   6.228160800904262E-01   7.831141050541998E-02   1.774626041188972E+05
  2.371519772225122E-01   6.247716860740610E-01   1.001077580192820E-01   1.774626041188972E+05
  2.478506271829264E-01   6.267241907675629E-01   1.218530280847970E-01   1.774626041188972E+05
  2.589288145825921E-01   6.285755358433267E-01   1.435168250956613E-01   1.774626041188972E+05
  2.708679961378581E-01   6.302319663933956E-01   1.650468679830781E-01   1.774626041188972E+05
  2.841695889933323E-01   6.316179762007094E-01   1.863764023626508E-01   1.774626041188972E+05
  2.993209044927655E-01   6.326929922738298E-01   2.074325775159339E-01   1.774626041188972E+05
  3.167588351608998E-01   6.334688899568991E-01   2.281452226960388E-01   1.774626041188972E+05
  3.368337697402828E-01   6.340262303715668E-01   2.484553812353348E-01   1.774626041188972E+05
  3.597763893853505E-01   6.345271305028278E-01   2.683229033899550E-01   1.774626041188972E+05
  3.856699631475162E-01   6.352229109906159E-01   2.877323738448718E-01   1.774626041188972E+05
  4.144305046277663E-01   6.364550944990657E-01   3.066966718354949E-01   1.774626041188972E+05
  4.457966859828554E-01   6.386489066087842E-01   3.252575434732742E-01   1.774626041188972E+05
  4.793307616131007E-01   6.422991053858554E-01   3.434827152577047E-01   1.774626041188972E+05
  5.144309801527603E-01   6.479486703173983E-01   3.614592965441904E-01   1.774626041188972E+05
  5.503551211877694E-01   6.561615490813797E-01   3.792835004738798E-01   1.774626041188972E+05
  5.862539515311248E-01   6.674912287843620E-01   3.970470423728040E-01   1.774626041188972E+05
  6.212126255921606E-01   6.824473142154216E-01   4.148209283264284E-01   1.774626041188972E+05
  6.542974213218937E-01   7.014625217819790E-01   4.326376940298641E-01   1.774626041188972E+05
  6.846047625694222E-01   7.248625149809229E-01   4.504734601281643E-01   1.774626041188972E+05
  7.113092697461174E-01   7.528408162606438E-01   4.682313989279666E-01   1.774626041188972E+05
  7.337076232188318E-01   7.854406510711627E-01   4.857283250201828E-01   1.774626041188972E+05
  7.512553161235948E-01   8.225450499163152E-01   5.026861019789357E-01   1.774626041188972E+05
  7.635938921495615E-01   8.638759034932223E-01   5.187293820445237E-01   1.774626041188972E+05
  7.705669666775627E-01   9.090019926127763E-01   5.333908618047241E-01   1.774626041188972E+05
  7.722241581669450E-01   9.573553587497090E-01   5.461247555349829E-01   1.774626041188972E+05
  7.688129420712106E-01   1.008254799280958E+00   5.563285856086164E-01   1.774626041188972E+05
  7.607593086743601E-01   1.060934811250463E+00   5.633727071270658E-01   1.774626041188972E+05
  7.486388880819637E-01   1.114578003116983E+00   5.666362742468889E-01   1.774626041188972E+05
  7.331408376208844E-01   1.168348863621934E+00   5.655476789220421E-01   1.774626041188972E+05
  7.150272204535849E-01   1.221426821718265E+00   5.596269119256747E-01   1.774626041188972E+05
  6.950908087055191E-01   1.273036735972042E+00   5.485268709985724E-01   1.774626041188972E+05
  6.741142097501839E-01   1.322475286295637E+00   5.320704228249701E-01   1.774626041188972E+05
  6.528329514536929E-01   1.369132165020039E+00   5.102800509839874E-01   1.774626041188972E+05
  6.319047017493222E-01   1.412505431901129E+00   4.833972090539135E-01   1.774626041188972E+05
  6.118861869437175E-01   1.452210861472438E+00   4.518890429519817E-01   1.774626041188972E+05
  5.932186704931309E-01   1.487985527997933E+00   4.164409228528792E-01   1.774626041188972E+05
  5.762221245953523E-01   1.519686208270606E+00   3.779341842237825E-01   1.774626041188972E+05
  5.610975357790183E-01   1.547283412382706E+00   3.374095522978087E-01   1.774626041188972E+05
  5.479361916860752E-01   1.570851967599528E+00   2.960178332766154E-01   1.774626041188972E+05
  5.367343470707999E-01   1.590559084678208E+00   2.549605096296980E-01   1.774626041188972E+05
  5.274113948877528E-01   1.606650746086288E+00   2.154237866895864E-01   1.774626041188972E+05
  5.198295874426762E-01   1.619437098308800E+00   1.785103214668530E-01   1.774626041188972E+05
  5.138134584240608E-01   1.629277338839997E+00   1.451732553052808E-01   1.774626041188972E+05
  5.091673670252239E-01   1.636564397599394E+00   1.161572241244168E-01   1.774626041188972E+05
  5.056899831784164E-01   1.641709554987908E+00   9.195071420557073E-02   1.774626041188972E+05
  5.031850102270405E-01   1.645127040623099E+00   7.275347730637180E-02   1.774626041188972E+05
  5.014679445311446E-01   1.647218634107320E+00   5.846175502644423E-02   1.774626041188972E+05
  5.003691467408334E-01   1.648358346180896E+00   4.867285436256532E-02   1.774626041188972E+05
  4.997338982423897E-01   1.648877386897534E+00   4.270925206440247E-02   1.774626041188972E+05
  4.994204000660448E-01   1.649049806942750E+00   3.966098798679767E-02   1.774626041188972E+05
  4.992968155010213E-01   1.649079399459373E+00   3.844374761443636E-02   1.774626041188972E+05
  4.992384528151790E-01   1.649088637496827E+00   3.786883994188597E-02   1.774626041188972E+05
  4.991260382377929E-01   1.649110559752968E+00   3.672034658013312E-02   1.774626041188972E+05
  4.991260382377929E-01   1.649110559752968E+00   3.672034658013310E-02   0.000000000000000E+00 2 CurveXYZFourier2 
  1.440028075555060E+00  -5.957076406166162E-01   1.287934752294408E-01  -1.000000000000000E+05
  1.439752675063919E+00  -5.959873944800205E-01   1.295588499755976E-01  -1.000000000000000E+05
  1.439250419587950E+00  -5.964669110760029E-01   1.309265430203142E-01  -1.000000000000000E+05
  1.438193295080414E+00  -5.973471326173957E-01   1.337626191036748E-01  -1.000000000000000E+05
  1.436269824552602E+00  -5.987212494974140E-01   1.388633160518885E-01  -1.000000000000000E+05
  1.433202097015067E+00  -6.005668827017165E-01   1.469029579454825E-01  -1.000000000000000E+05
  1.428757488277499E+00  -6.027442573456964E-01   1.583880717948620E-01  -1.000000000000000E+05
  1.422754863590534E+00  -6.050009184573781E-01   1.736214542070970E-01  -1.000000000000000E+05
  1.415065632228270E+00  -6.069833150301887E-01   1.926792700805934E-01  -1.000000000000000E+05
  1.405610517976937E+00  -6.082552506194890E-01   2.154033050671821E-01  -1.000000000000000E+05
  1.394353269967487E+00  -6.083227761781594E-01   2.414093159818238E-01  -1.000000000000000E+05
  1.381292733839405E+00  -6.066646079886560E-01   2.701111296555967E-01  -1.000000000000000E+05
  1.366454720798276E+00  -6.027666305096148E-01   3.007588453893414E-01  -1.000000000000000E+05
  1.349884958074273E+00  -5.961585428455328E-01   3.324883163085168E-01  -1.000000000000000E+05
  1.331644103253022E+00  -5.864502872978817E-01   3.643781292399901E-01  -1.000000000000000E+05
  1.311805396928188E+00  -5.733656181923296E-01   3.955096610246548E-01  -1.000000000000000E+05
  1.290455063942571E+00  -5.567700810095478E-01   4.250255235526786E-01  -1.000000000000000E+05
  1.267695109217037E+00  -5.366908138561538E-01   4.521818484307193E-01  -1.000000000000000E+05
  1.243647745069229E+00  -5.133259735663742E-01   4.763903962246600E-01  -1.000000000000000E+05
  1.218460381502669E+00  -4.870422210862883E-01   4.972473592553329E-01  -1.000000000000000E+05
  1.192309945783130E+00  -4.583595430983724E-01   5.145468829029108E-01  -1.000000000000000E+05
  1.165405293476662E+00  -4.279236818208476E-01   5.282786546765567E-01  -1.000000000000000E+05
  1.137986632735826E+00  -3.964675139007557E-01   5.386102833091357E-01  -1.000000000000000E+05
  1.110321191380345E+00  -3.647637685601158E-01   5.458564873764120E-01  -1.000000000000000E+05
  1.082694779899881E+00  -3.335724041768437E-01   5.504382167818200E-01  -1.000000000000000E+05
  1.055399397247658E+00  -3.035866737584141E-01   5.528356411700249E-01  -1.000000000000000E+05
  1.028717535988838E+00  -2.753823187503368E-01   5.535393845443390E-01  -1.000000000000000E+05
  1.002904311977662E+00  -2.493743751314861E-01   5.530044268490292E-01  -1.000000000000000E+05
  9.781689174262306E-01  -2.257857236952053E-01   5.516107306017343E-01  -1.000000000000000E+05
  9.546571301049440E-01  -2.046307710008957E-01   5.496339211780515E-01  -1.000000000000000E+05
  9.324366743897835E-01  -1.857165492062195E-01   5.472283246131883E-01  -1.000000000000000E+05
  9.114871081185646E-01  -1.686621481074428E-01   5.444234456928830E-01  -1.000000000000000E+05
  8.916956078847208E-01  -1.529358481027087E-01   5.411336684414862E-01  -1.000000000000000E+05
  8.728595683762842E-01  -1.379077375819500E-01   5.371797043907593E-01  -1.000000000000000E+05
  8.546963591435325E-01  -1.229141128748735E-01   5.323192196861758E-01  -1.000000000000000E+05
  8.368599479526484E-01  -1.073287125223442E-01   5.262832422896083E-01  -1.000000000000000E+05
  8.189634643656630E-01  -9.063495511860645E-02   5.188144613958633E-01  -1.000000000000000E+05
  8.006062025759905E-01  -7.249292951963961E-02   5.097034256665198E-01  -1.000000000000000E+05
  7.814031062747334E-01  -5.279498908462527E-02   4.988189308687083E-01  -1.000000000000000E+05
  7.610144873154855E-01  -3.170444480180925E-02   4.861295293990606E-01  -1.000000000000000E+05
  7.391736357074556E-01  -9.673004888035344E-03   4.717140281722097E-01  -1.000000000000000E+05
  7.157100938453331E-01   1.256580694537696E-02   4.557599739783414E-01  -1.000000000000000E+05
  6.905666855808721E-01   3.402812532964535E-02   4.385503446831320E-01  -1.000000000000000E+05
  6.638088838379346E-01   5.353492243419482E-02   4.204398509955679E-01  -1.000000000000000E+05
  6.356257249135225E-01   6.978765976604984E-02   4.018232914331997E-01  -1.000000000000000E+05
  6.063221763935448E-01   8.145932256361839E-02   3.830991922306868E-01  -1.000000000000000E+05
  5.763035743027458E-01   8.729424512834147E-02   3.646324287569288E-01  -1.000000000000000E+05
  5.460533980807821E-01   8.620913065308247E-02   3.467196220351069E-01  -1.000000000000000E+05
  5.161061888265692E-01   7.738726354400284E-02   3.295608257655108E-01  -1.000000000000000E+05
  4.870177876969144E-01   6.035815921475415E-02   3.132403949852332E-01  -1.000000000000000E+05
  4.593352440353031E-01   3.505579415463101E-02   2.977190198689311E-01  -1.000000000000000E+05
  4.335687025775777E-01   1.850049811140154E-03   2.828378071686319E-01  -1.000000000000000E+05
  4.101673323036150E-01  -3.845202286366371E-02   2.683341057830019E-01  -1.000000000000000E+05
  3.895009324041855E-01  -8.463620969497943E-02   2.538676180656241E-01  -1.000000000000000E+05
  3.718482868460236E-01  -1.351410573688920E-01   2.390543272770230E-01  -1.000000000000000E+05
  3.573926944415845E-01  -1.881439760830060E-01   2.235050021048517E-01  -1.000000000000000E+05
  3.462244396973572E-01  -2.416676532582499E-01   2.068645855164504E-01  -1.000000000000000E+05
  3.383493554677372E-01  -2.936992212332410E-01   1.888486804418076E-01  -1.000000000000000E+05
  3.337021205209039E-01  -3.423135170013223E-01   1.692736169543782E-01  -1.000000000000000E+05
  3.321625811241683E-01  -3.857913501660231E-01   1.480771971515847E-01  -1.000000000000000E+05
  3.335732172343833E-01  -4.227239979680851E-01   1.253281045402450E-01  -1.000000000000000E+05
  3.377559032772764E-01  -4.520961543428182E-01   1.012230474340802E-01  -1.000000000000000E+05
  3.445263330061080E-01  -4.733411948979307E-01   7.607187562918642E-02  -1.000000000000000E+05
  3.537048603825499E-01  -4.863647498394384E-01   5.027205362692701E-02  -1.000000000000000E+05
  3.651230101696590E-01  -4.915350286821931E-01   2.427488232078610E-02  -1.000000000000000E+05
  3.786254773596934E-01  -4.896409133911490E-01  -1.453361451024373E-03  -1.000000000000000E+05
  3.940680018595986E-01  -4.818213197534266E-01  -2.647172461187362E-02  -1.000000000000000E+05
  4.113120123792094E-01  -4.694715176415094E-01  -5.040254751826913E-02  -1.000000000000000E+05
  4.302173261151071E-01  -4.541338220380252E-01  -7.296356428453038E-02  -1.000000000000000E+05
  4.506344257700270E-01  -4.373811811769767E-01  -9.399115589663096E-02  -1.000000000000000E+05
  4.723978866210820E-01  -4.207026105407134E-01  -1.134526147163017E-01  -1.000000000000000E+05
  4.953223872189008E-01  -4.053991249174605E-01  -1.314463082918686E-01  -1.000000000000000E+05
  5.192024216743151E-01  -3.924978387223999E-01  -1.481897529167757E-01  -1.000000000000000E+05
  5.438163722403739E-01  -3.826903275076193E-01  -1.639967158451957E-01  -1.000000000000000E+05
  5.689350467127819E-01  -3.762993095515346E-01  -1.792454550754660E-01  -1.000000000000000E+05
  5.943341956632294E-01  -3.732753899766879E-01  -1.943409856577344E-01  -1.000000000000000E+05
  6.198099641663529E-01  -3.732232057531263E-01  -2.096747616810501E-01  -1.000000000000000E+05
  6.451957642082008E-01  -3.754540164187299E-01  -2.255853415967604E-01  -1.000000000000000E+05
  6.703787318278821E-01  -3.790597871118911E-01  -2.423234511334638E-01  -1.000000000000000E+05
  6.953137976723348E-01  -3.830022633443224E-01  -2.600243946357290E-01  -1.000000000000000E+05
  7.200334730274470E-01  -3.862095550580098E-01  -2.786900434637871E-01  -1.000000000000000E+05
  7.446517364747014E-01  -3.876723948438051E-01  -2.981817241685330E-01  -1.000000000000000E+05
  7.693608784960817E-01  -3.865325212695615E-01  -3.182243305102187E-01  -1.000000000000000E+05
  7.944207820727845E-01  -3.821565188970345E-01  -3.384209897015318E-01  -1.000000000000000E+05
  8.201408297932529E-01  -3.741898292736913E-01  -3.582767190963015E-01  -1.000000000000000E+05
  8.468553644763177E-01  -3.625874006270269E-01  -3.772287970683256E-01  -1.000000000000000E+05
  8.748943186795660E-01  -3.476194105354014E-01  -3.946811028749105E-01  -1.000000000000000E+05
  9.045511991800135E-01  -3.298525060496388E-01  -4.100394907018505E-01  -1.000000000000000E+05
  9.360510055779500E-01  -3.101088933345628E-01  -4.227453596683447E-01  -1.000000000000000E+05
  9.695208331557776E-01  -2.894072250165897E-01  -4.323049421785665E-01  -1.000000000000000E+05
  1.004965834793159E+00  -2.688904587012337E-01  -4.383124094753663E-01  -1.000000000000000E+05
  1.042252893793963E+00  -2.497466137468418E-01  -4.404656169798512E-01  -1.000000000000000E+05
  1.081103811077157E+00  -2.331285983148525E-01  -4.385741015337675E-01  -1.000000000000000E+05
  1.121099080221041E+00  -2.200790228235019E-01  -4.325597124725779E-01  -1.000000000000000E+05
  1.161692474132599E+00  -2.114652090155988E-01  -4.224509280068858E-01  -1.000000000000000E+05
  1.202235771760684E+00  -2.079285310851551E-01  -4.083724105262977E-01  -1.000000000000000E+05
  1.242012091893928E+00  -2.098508977992503E-01  -3.905316422688770E-01  -1.000000000000000E+05
  1.280275551375907E+00  -2.173397280450919E-01  -3.692045343263167E-01  -1.000000000000000E+05
  1.316294395526725E+00  -2.302313150901106E-01  -3.447217220292287E-01  -1.000000000000000E+05
  1.349394412017674E+00  -2.481111364598593E-01  -3.174568791348628E-01  -1.000000000000000E+05
  1.378999368064757E+00  -2.703485470580378E-01  -2.878178548813352E-01  -1.000000000000000E+05
  1.404665412984377E+00  -2.961424665631276E-01  -2.562408309760593E-01  -1.000000000000000E+05
  1.426106847661052E+00  -3.245741803507990E-01  -2.231870874067522E-01  -1.000000000000000E+05
  1.443211339906679E+00  -3.546632254075739E-01  -1.891414337459669E-01  -1.000000000000000E+05
  1.456043501084121E+00  -3.854225069861255E-01  -1.546109745636219E-01  -1.000000000000000E+05
  1.464836661663274E+00  -4.159092396960317E-01  -1.201226852345556E-01  -1.000000000000000E+05
  1.469973611170010E+00  -4.452689603274720E-01  -8.621830685130344E-02  -1.000000000000000E+05
  1.471957920948415E+00  -4.727706396809701E-01  -5.344532909420737E-02  -1.000000000000000E+05
  1.471378173405903E+00  -4.978317452268894E-01  -2.234329397461383E-02  -1.000000000000000E+05
  1.468867920148645E+00  -5.200328995706471E-01   6.574727025225047E-03  -1.000000000000000E+05
  1.465064444177322E+00  -5.391224783507458E-01   3.284492282365280E-02  -1.000000000000000E+05
  1.460569391366791E+00  -5.550120502143093E-01   5.607852621167188E-02  -1.000000000000000E+05
  1.455914071021170E+00  -5.677639564688950E-01   7.598868171698900E-02  -1.000000000000000E+05
  1.451531734514134E+00  -5.775725553906078E-01   9.241601054276169E-02  -1.000000000000000E+05
  1.447738474753815E+00  -5.847407312276456E-01   1.053502305942150E-01  -1.000000000000000E+05
  1.444723612029760E+00  -5.896532205375759E-01   1.149452026755232E-01  -1.000000000000000E+05
  1.442549616674079E+00  -5.927481775704634E-01   1.215250721530817E-01  -1.000000000000000E+05
  1.441160840238721E+00  -5.944882277635714E-01   1.255797464987261E-01  -1.000000000000000E+05
  1.440399653234687E+00  -5.953320826371595E-01   1.277487515336210E-01  -1.000000000000000E+05
  1.440028075555060E+00  -5.957076406166162E-01   1.287934752294407E-01  -1.000000000000000E+05
  1.440028075555060E+00  -5.957076406166162E-01   1.287934752294408E-01   0.000000000000000E+00 3 RotatedCurve9 
  4.991260382377929E-01  -1.649110559752968E+00  -3.672034658013310E-02  -1.774626041188972E+05
  4.988457643801879E-01  -1.649084571142540E+00  -3.383412962431518E-02  -1.774626041188972E+05
  4.982914507079545E-01  -1.648857069131446E+00  -2.817319150366955E-02  -1.774626041188972E+05
  4.973687642692390E-01  -1.648187627437980E+00  -1.889410077483125E-02  -1.774626041188972E+05
  4.960010681213401E-01  -1.646761165444550E+00  -5.399821423626673E-03  -1.774626041188972E+05
  4.941361379139854E-01  -1.644206119536590E+00   1.262473511642343E-02  -1.774626041188972E+05
  4.917527537129422E-01  -1.640118141309181E+00   3.519685044019221E-02  -1.774626041188972E+05
  4.888660636729243E-01  -1.634088319306182E+00   6.204079534596386E-02  -1.774626041188972E+05
  4.855306442332872E-01  -1.625734406516221E+00   9.261271950965176E-02  -1.774626041188972E+05
  4.818403484299165E-01  -1.614733089853673E+00   1.261435929580862E-01  -1.774626041188972E+05
  4.779243246183559E-01  -1.600851013087076E+00   1.616968398034439E-01  -1.774626041188972E+05
  4.739389734620055E-01  -1.583972106384314E+00   1.982362512059565E-01  -1.774626041188972E+05
  4.700560516611176E-01  -1.564118816272366E+00   2.346990565414835E-01  -1.774626041188972E+05
  4.664475800358145E-01  -1.541465084805367E+00   2.700687222888415E-01  -1.774626041188972E+05
  4.632686227554324E-01  -1.516339391847579E+00   3.034421578750452E-01  -1.774626041188972E+05
  4.606393283709639E-01  -1.489216824821276E+00   3.340865234231249E-01  -1.774626041188972E+05
  4.586278243650510E-01  -1.460699931899094E+00   3.614817103441700E-01  -1.774626041188972E+05
  4.572356095208081E-01  -1.431488987086588E+00   3.853457279055493E-01  -1.774626041188972E+05
  4.563869814684098E-01  -1.402343177283725E+00   4.056415812229811E-01  -1.774626041188972E+05
  4.559237751516887E-01  -1.374035035477716E+00   4.225656587324665E-01  -1.774626041188972E+05
  4.556062921359744E-01  -1.347301115825406E+00   4.365190457546019E-01  -1.774626041188972E+05
  4.551208048622460E-01  -1.322792369609308E+00   4.480644359057732E-01  -1.774626041188972E+05
  4.540934688220079E-01  -1.301027885433971E+00   4.578723283713919E-01  -1.774626041188972E+05
  4.521099200010087E-01  -1.282355572845547E+00   4.666609024439773E-01  -1.774626041188972E+05
  4.487393268105915E-01  -1.266922990342765E+00   4.751343043424583E-01  -1.774626041188972E+05
  4.435612531595302E-01  -1.254660866665253E+00   4.839240485661278E-01  -1.774626041188972E+05
  4.361934117327616E-01  -1.245280983119753E+00   4.935378411670628E-01  -1.774626041188972E+05
  4.263182708248681E-01  -1.238289040748952E+00   5.043194184414866E-01  -1.774626041188972E+05
  4.137065359428397E-01  -1.233012011638336E+00   5.164220291274324E-01  -1.774626041188972E+05
  3.982357542434029E-01  -1.228638360009192E+00   5.297970567586299E-01  -1.774626041188972E+05
  3.799026652462443E-01  -1.224268508602523E+00   5.441980771877142E-01  -1.774626041188972E+05
  3.588284108691409E-01  -1.218972104903528E+00   5.591994722726448E-01  -1.774626041188972E+05
  3.352562769032435E-01  -1.211848081014334E+00   5.742276659176140E-01  -1.774626041188972E+05
  3.095422157480575E-01  -1.202083250319627E+00   5.886021910733680E-01  -1.774626041188972E+05
  2.821389445994010E-01  -1.189005267529170E+00   6.015831943944882E-01  -1.774626041188972E+05
  2.535748762903727E-01  -1.172126191993303E+00   6.124216739223612E-01  -1.774626041188972E+05
  2.244294821107175E-01  -1.151173604995166E+00   6.204087339142045E-01  -1.774626041188972E+05
  1.953068799078482E-01  -1.126107182139634E+00   6.249204143062786E-01  -1.774626041188972E+05
  1.668094740561587E-01  -1.097119733534416E+00   6.254551724181324E-01  -1.774626041188972E+05
  1.395133496216387E-01  -1.064622904999245E+00   6.216618054878870E-01  -1.774626041188972E+05
  1.139468594958806E-01  -1.029218885182150E+00   6.133564362910464E-01  -1.774626041188972E+05
  9.057347166724761E-02  -9.916604912727556E-01   6.005280664454553E-01  -1.774626041188972E+05
  6.977950497633524E-02  -9.528028263101541E-01   5.833330598870390E-01  -1.774626041188972E+05
  5.186692178513498E-02  -9.135502487873211E-01   5.620796862824774E-01  -1.774626041188972E+05
  3.705091156644792E-02  -8.748026294419164E-01   5.372044769144962E-01  -1.774626041188972E+05
  2.546163276635106E-02  -8.374047774771950E-01   5.092425859316493E-01  -1.774626041188972E+05
  1.714921507538040E-02  -8.021025141538812E-01   4.787945880221017E-01  -1.774626041188972E+05
  1.209098217667750E-02  -7.695081977224645E-01   4.464921782471329E-01  -1.774626041188972E+05
  1.019984381548490E-02  -7.400776247273101E-01   4.129650867788026E-01  -1.774626041188972E+05
  1.133291875495278E-02  -7.140992301062412E-01   3.788112107731416E-01  -1.774626041188972E+05
  1.529966632845251E-02  -6.916954725641746E-01   3.445715381391580E-01  -1.774626041188972E+05
  2.186909214138168E-02  -6.728353134930564E-01   3.107109399596185E-01  -1.774626041188972E+05
  3.077591368183151E-02  -6.573558608140562E-01   2.776053873400646E-01  -1.774626041188972E+05
  4.172588163879438E-02  -6.449906221566087E-01   2.455356487717508E-01  -1.774626041188972E+05
  5.440071162879945E-02  -6.354014424886266E-01   2.146870829458345E-01  -1.774626041188972E+05
  6.846325399199146E-02  -6.282111125746671E-01   1.851547869035587E-01  -1.774626041188972E+05
  8.356359166101623E-02  -6.230338229824323E-01   1.569531068283289E-01  -1.774626041188972E+05
  9.934669618512824E-02  -6.195010748412478E-01   1.300283736756369E-01  -1.774626041188972E+05
  1.154620927134779E-01  -6.172812920627163E-01   1.042736827836569E-01  -1.774626041188972E+05
  1.315757035286103E-01  -6.160921422761008E-01   7.954458174721812E-02  -1.774626041188972E+05
  1.473836869089032E-01  -6.157053872434971E-01   5.567464449401024E-02  -1.774626041188972E+05
  1.626277039044113E-01  -6.159448674764403E-01   3.249006915594382E-02  -1.774626041188972E+05
  1.771106759758367E-01  -6.166789048969146E-01   9.822620558467877E-03  -1.774626041188972E+05
  1.907117881658495E-01  -6.178089187024252E-01  -1.247957480320423E-02  -1.774626041188972E+05
  2.033992881057843E-01  -6.192563482032948E-01  -3.454369774675418E-02  -1.774626041188972E+05
  2.152395642539427E-01  -6.209500393826333E-01  -5.646653096922120E-02  -1.774626041188972E+05
  2.264010778731994E-01  -6.228160800904262E-01  -7.831141050541998E-02  -1.774626041188972E+05
  2.371519772225122E-01  -6.247716860740610E-01  -1.001077580192820E-01  -1.774626041188972E+05
  2.478506271829264E-01  -6.267241907675629E-01  -1.218530280847970E-01  -1.774626041188972E+05
  2.589288145825921E-01  -6.285755358433267E-01  -1.435168250956613E-01  -1.774626041188972E+05
  2.708679961378581E-01  -6.302319663933956E-01  -1.650468679830781E-01  -1.774626041188972E+05
  2.841695889933323E-01  -6.316179762007094E-01  -1.863764023626508E-01  -1.774626041188972E+05
  2.993209044927655E-01  -6.326929922738298E-01  -2.074325775159339E-01  -1.774626041188972E+05
  3.167588351608998E-01  -6.334688899568991E-01  -2.281452226960388E-01  -1.774626041188972E+05
  3.368337697402828E-01  -6.340262303715668E-01  -2.484553812353348E-01  -1.774626041188972E+05
  3.597763893853505E-01  -6.345271305028278E-01  -2.683229033899550E-01  -1.774626041188972E+05
  3.856699631475162E-01  -6.352229109906159E-01  -2.877323738448718E-01  -1.774626041188972E+05
  4.144305046277663E-01  -6.364550944990657E-01  -3.066966718354949E-01  -1.774626041188972E+05
  4.457966859828554E-01  -6.386489066087842E-01  -3.252575434732742E-01  -1.774626041188972E+05
  4.793307616131007E-01  -6.422991053858554E-01  -3.434827152577047E-01  -1.774626041188972E+05
  5.144309801527603E-01  -6.479486703173983E-01  -3.614592965441904E-01  -1.774626041188972E+05
  5.503551211877694E-01  -6.561615490813797E-01  -3.792835004738798E-01  -1.774626041188972E+05
  5.862539515311248E-01  -6.674912287843620E-01  -3.970470423728040E-01  -1.774626041188972E+05
  6.212126255921606E-01  -6.824473142154216E-01  -4.148209283264284E-01  -1.774626041188972E+05
  6.542974213218937E-01  -7.014625217819790E-01  -4.326376940298641E-01  -1.774626041188972E+05
  6.846047625694222E-01  -7.248625149809229E-01  -4.504734601281643E-01  -1.774626041188972E+05
  7.113092697461174E-01  -7.528408162606438E-01  -4.682313989279666E-01  -1.774626041188972E+05
  7.337076232188318E-01  -7.854406510711627E-01  -4.857283250201828E-01  -1.774626041188972E+05
  7.512553161235948E-01  -8.225450499163152E-01  -5.026861019789357E-01  -1.774626041188972E+05
  7.635938921495615E-01  -8.638759034932223E-01  -5.187293820445237E-01  -1.774626041188972E+05
  7.705669666775627E-01  -9.090019926127763E-01  -5.333908618047241E-01  -1.774626041188972E+05
  7.722241581669450E-01  -9.573553587497090E-01  -5.461247555349829E-01  -1.774626041188972E+05
  7.688129420712106E-01  -1.008254799280958E+00  -5.563285856086164E-01  -1.774626041188972E+05
  7.607593086743601E-01  -1.060934811250463E+00  -5.633727071270658E-01  -1.774626041188972E+05
  7.486388880819637E-01  -1.114578003116983E+00  -5.666362742468889E-01  -1.774626041188972E+05
  7.331408376208844E-01  -1.168348863621934E+00  -5.655476789220421E-01  -1.774626041188972E+05
  7.150272204535849E-01  -1.221426821718265E+00  -5.596269119256747E-01  -1.774626041188972E+05
  6.950908087055191E-01  -1.273036735972042E+00  -5.485268709985724E-01  -1.774626041188972E+05
  6.741142097501839E-01  -1.322475286295637E+00  -5.320704228249701E-01  -1.774626041188972E+05
  6.528329514536929E-01  -1.369132165020039E+00  -5.102800509839874E-01  -1.774626041188972E+05
  6.319047017493222E-01  -1.412505431901129E+00  -4.833972090539135E-01  -1.774626041188972E+05
  6.118861869437175E-01  -1.452210861472438E+00  -4.518890429519817E-01  -1.774626041188972E+05
  5.932186704931309E-01  -1.487985527997933E+00  -4.164409228528792E-01  -1.774626041188972E+05
  5.762221245953523E-01  -1.519686208270606E+00  -3.779341842237825E-01  -1.774626041188972E+05
  5.610975357790183E-01  -1.547283412382706E+00  -3.374095522978087E-01  -1.774626041188972E+05
  5.479361916860752E-01  -1.570851967599528E+00  -2.960178332766154E-01  -1.774626041188972E+05
  5.367343470707999E-01  -1.590559084678208E+00  -2.549605096296980E-01  -1.774626041188972E+05
  5.274113948877528E-01  -1.606650746086288E+00  -2.154237866895864E-01  -1.774626041188972E+05
  5.198295874426762E-01  -1.619437098308800E+00  -1.785103214668530E-01  -1.774626041188972E+05
  5.138134584240608E-01  -1.629277338839997E+00  -1.451732553052808E-01  -1.774626041188972E+05
  5.091673670252239E-01  -1.636564397599394E+00  -1.161572241244168E-01  -1.774626041188972E+05
  5.056899831784164E-01  -1.641709554987908E+00  -9.195071420557073E-02  -1.774626041188972E+05
  5.031850102270405E-01  -1.645127040623099E+00  -7.275347730637180E-02  -1.774626041188972E+05
  5.014679445311446E-01  -1.647218634107320E+00  -5.846175502644423E-02  -1.774626041188972E+05
  5.003691467408334E-01  -1.648358346180896E+00  -4.867285436256532E-02  -1.774626041188972E+05
  4.997338982423897E-01  -1.648877386897534E+00  -4.270925206440247E-02  -1.774626041188972E+05
  4.994204000660448E-01  -1.649049806942750E+00  -3.966098798679767E-02  -1.774626041188972E+05
  4.992968155010213E-01  -1.649079399459373E+00  -3.844374761443636E-02  -1.774626041188972E+05
  4.992384528151790E-01  -1.649088637496827E+00  -3.786883994188597E-02  -1.774626041188972E+05
  4.991260382377929E-01  -1.649110559752968E+00  -3.672034658013312E-02  -1.774626041188972E+05
  4.991260382377929E-01  -1.649110559752968E+00  -3.672034658013310E-02   0.000000000000000E+00 4 RotatedCurve10 
 -1.440028075555060E+00  -5.957076406166160E-01  -1.287934752294408E-01   1.000000000000000E+05
 -1.439752675063919E+00  -5.959873944800202E-01  -1.295588499755976E-01   1.000000000000000E+05
 -1.439250419587950E+00  -5.964669110760027E-01  -1.309265430203142E-01   1.000000000000000E+05
 -1.438193295080414E+00  -5.973471326173955E-01  -1.337626191036748E-01   1.000000000000000E+05
 -1.436269824552602E+00  -5.987212494974138E-01  -1.388633160518885E-01   1.000000000000000E+05
 -1.433202097015067E+00  -6.005668827017163E-01  -1.469029579454825E-01   1.000000000000000E+05
 -1.428757488277499E+00  -6.027442573456961E-01  -1.583880717948620E-01   1.000000000000000E+05
 -1.422754863590534E+00  -6.050009184573779E-01  -1.736214542070970E-01   1.000000000000000E+05
 -1.415065632228270E+00  -6.069833150301884E-01  -1.926792700805934E-01   1.000000000000000E+05
 -1.405610517976937E+00  -6.082552506194888E-01  -2.154033050671821E-01   1.000000000000000E+05
 -1.394353269967487E+00  -6.083227761781592E-01  -2.414093159818238E-01   1.000000000000000E+05
 -1.381292733839405E+00  -6.066646079886557E-01  -2.701111296555967E-01   1.000000000000000E+05
 -1.366454720798276E+00  -6.027666305096145E-01  -3.007588453893414E-01   1.000000000000000E+05
 -1.349884958074273E+00  -5.961585428455327E-01  -3.324883163085168E-01   1.000000000000000E+05
 -1.331644103253022E+00  -5.864502872978816E-01  -3.643781292399901E-01   1.000000000000000E+05
 -1.311805396928188E+00  -5.733656181923295E-01  -3.955096610246548E-01   1.000000000000000E+05
 -1.290455063942571E+00  -5.567700810095477E-01  -4.250255235526786E-01   1.000000000000000E+05
 -1.267695109217037E+00  -5.366908138561537E-01  -4.521818484307193E-01   1.000000000000000E+05
 -1.243647745069229E+00  -5.133259735663741E-01  -4.763903962246600E-01   1.000000000000000E+05
 -1.218460381502669E+00  -4.870422210862881E-01  -4.972473592553329E-01   1.000000000000000E+05
 -1.192309945783130E+00  -4.583595430983722E-01  -5.145468829029108E-01   1.000000000000000E+05
 -1.165405293476662E+00  -4.279236818208474E-01  -5.282786546765567E-01   1.000000000000000E+05
 -1.137986632735826E+00  -3.964675139007556E-01  -5.386102833091357E-01   1.000000000000000E+05
 -1.110321191380345E+00  -3.647637685601157E-01  -5.458564873764120E-01   1.000000000000000E+05
 -1.082694779899881E+00  -3.335724041768436E-01  -5.504382167818200E-01   1.000000000000000E+05
 -1.055399397247658E+00  -3.035866737584140E-01  -5.528356411700249E-01   1.000000000000000E+05
 -1.028717535988838E+00  -2.753823187503367E-01  -5.535393845443390E-01   1.000000000000000E+05
 -1.002904311977662E+00  -2.493743751314860E-01  -5.530044268490292E-01   1.000000000000000E+05
 -9.781689174262306E-01  -2.257857236952052E-01  -5.516107306017343E-01   1.000000000000000E+05
 -9.546571301049440E-01  -2.046307710008956E-01  -5.496339211780515E-01   1.000000000000000E+05
 -9.324366743897835E-01  -1.857165492062194E-01  -5.472283246131883E-01   1.000000000000000E+05
 -9.114871081185646E-01  -1.686621481074427E-01  -5.444234456928830E-01   1.000000000000000E+05
 -8.916956078847208E-01  -1.529358481027085E-01  -5.411336684414862E-01   1.000000000000000E+05
 -8.728595683762842E-01  -1.379077375819499E-01  -5.371797043907593E-01   1.000000000000000E+05
 -8.546963591435325E-01  -1.229141128748734E-01  -5.323192196861758E-01   1.000000000000000E+05
 -8.368599479526484E-01  -1.073287125223441E-01  -5.262832422896083E-01   1.000000000000000E+05
 -8.189634643656630E-01  -9.063495511860635E-02  -5.188144613958633E-01   1.000000000000000E+05
 -8.006062025759905E-01  -7.249292951963951E-02  -5.097034256665198E-01   1.000000000000000E+05
 -7.814031062747334E-01  -5.279498908462518E-02  -4.988189308687083E-01   1.000000000000000E+05
 -7.610144873154855E-01  -3.170444480180916E-02  -4.861295293990606E-01   1.000000000000000E+05
 -7.391736357074556E-01  -9.673004888035254E-03  -4.717140281722097E-01   1.000000000000000E+05
 -7.157100938453331E-01   1.256580694537705E-02  -4.557599739783414E-01   1.000000000000000E+05
 -6.905666855808721E-01   3.402812532964544E-02  -4.385503446831320E-01   1.000000000000000E+05
 -6.638088838379346E-01   5.353492243419491E-02  -4.204398509955679E-01   1.000000000000000E+05
 -6.356257249135225E-01   6.978765976604992E-02  -4.018232914331997E-01   1.000000000000000E+05
 -6.063221763935448E-01   8.145932256361846E-02  -3.830991922306868E-01   1.000000000000000E+05
 -5.763035743027458E-01   8.729424512834154E-02  -3.646324287569288E-01   1.000000000000000E+05
 -5.460533980807821E-01   8.620913065308254E-02  -3.467196220351069E-01   1.000000000000000E+05
 -5.161061888265692E-01   7.738726354400291E-02  -3.295608257655108E-01   1.000000000000000E+05
 -4.870177876969144E-01   6.035815921475421E-02  -3.132403949852332E-01   1.000000000000000E+05
 -4.593352440353031E-01   3.505579415463107E-02  -2.977190198689311E-01   1.000000000000000E+05
 -4.335687025775777E-01   1.850049811140208E-03  -2.828378071686319E-01   1.000000000000000E+05
 -4.101673323036150E-01  -3.845202286366366E-02  -2.683341057830019E-01   1.000000000000000E+05
 -3.895009324041855E-01  -8.463620969497938E-02  -2.538676180656241E-01   1.000000000000000E+05
 -3.718482868460236E-01  -1.351410573688919E-01  -2.390543272770230E-01   1.000000000000000E+05
 -3.573926944415845E-01  -1.881439760830059E-01  -2.235050021048517E-01   1.000000000000000E+05
 -3.462244396973572E-01  -2.416676532582498E-01  -2.068645855164504E-01   1.000000000000000E+05
 -3.383493554677373E-01  -2.936992212332410E-01  -1.888486804418076E-01   1.000000000000000E+05
 -3.337021205209040E-01  -3.423135170013223E-01  -1.692736169543782E-01   1.000000000000000E+05
 -3.321625811241684E-01  -3.857913501660230E-01  -1.480771971515847E-01   1.000000000000000E+05
 -3.335732172343833E-01  -4.227239979680851E-01  -1.253281045402450E-01   1.000000000000000E+05
 -3.377559032772764E-01  -4.520961543428182E-01  -1.012230474340802E-01   1.000000000000000E+05
 -3.445263330061081E-01  -4.733411948979306E-01  -7.607187562918642E-02   1.000000000000000E+05
 -3.537048603825499E-01  -4.863647498394383E-01  -5.027205362692701E-02   1.000000000000000E+05
 -3.651230101696590E-01  -4.915350286821931E-01  -2.427488232078610E-02   1.000000000000000E+05
 -3.786254773596935E-01  -4.896409133911490E-01   1.453361451024373E-03   1.000000000000000E+05
 -3.940680018595986E-01  -4.818213197534265E-01   2.647172461187362E-02   1.000000000000000E+05
 -4.113120123792094E-01  -4.694715176415094E-01   5.040254751826913E-02   1.000000000000000E+05
 -4.302173261151072E-01  -4.541338220380251E-01   7.296356428453038E-02   1.000000000000000E+05
 -4.506344257700271E-01  -4.373811811769767E-01   9.399115589663096E-02   1.000000000000000E+05
 -4.723978866210821E-01  -4.207026105407133E-01   1.134526147163017E-01   1.000000000000000E+05
 -4.953223872189008E-01  -4.053991249174604E-01   1.314463082918686E-01   1.000000000000000E+05
 -5.192024216743151E-01  -3.924978387223998E-01   1.481897529167757E-01   1.000000000000000E+05
 -5.438163722403739E-01  -3.826903275076192E-01   1.639967158451957E-01   1.000000000000000E+05
 -5.689350467127819E-01  -3.762993095515346E-01   1.792454550754660E-01   1.000000000000000E+05
 -5.943341956632294E-01  -3.732753899766878E-01   1.943409856577344E-01   1.000000000000000E+05
 -6.198099641663529E-01  -3.732232057531263E-01   2.096747616810501E-01   1.000000000000000E+05
 -6.451957642082008E-01  -3.754540164187298E-01   2.255853415967604E-01   1.000000000000000E+05
 -6.703787318278821E-01  -3.790597871118910E-01   2.423234511334638E-01   1.000000000000000E+05
 -6.953137976723348E-01  -3.830022633443222E-01   2.600243946357290E-01   1.000000000000000E+05
 -7.200334730274470E-01  -3.862095550580097E-01   2.786900434637871E-01   1.000000000000000E+05
 -7.446517364747014E-01  -3.876723948438050E-01   2.981817241685330E-01   1.000000000000000E+05
 -7.693608784960817E-01  -3.865325212695614E-01   3.182243305102187E-01   1.000000000000000E+05
 -7.944207820727845E-01  -3.821565188970344E-01   3.384209897015318E-01   1.000000000000000E+05
 -8.201408297932529E-01  -3.741898292736912E-01   3.582767190963015E-01   1.000000000000000E+05
 -8.468553644763177E-01  -3.625874006270268E-01   3.772287970683256E-01   1.000000000000000E+05
 -8.748943186795660E-01  -3.476194105354013E-01   3.946811028749105E-01   1.000000000000000E+05
 -9.045511991800135E-01  -3.298525060496387E-01   4.100394907018505E-01   1.000000000000000E+05
 -9.360510055779500E-01  -3.101088933345627E-01   4.227453596683447E-01   1.000000000000000E+05
 -9.695208331557776E-01  -2.894072250165896E-01   4.323049421785665E-01   1.000000000000000E+05
 -1.004965834793159E+00  -2.688904587012336E-01   4.383124094753663E-01   1.000000000000000E+05
 -1.042252893793963E+00  -2.497466137468417E-01   4.404656169798512E-01   1.000000000000000E+05
 -1.081103811077157E+00  -2.331285983148523E-01   4.385741015337675E-01   1.000000000000000E+05
 -1.121099080221041E+00  -2.200790228235018E-01   4.325597124725779E-01   1.000000000000000E+05
 -1.161692474132599E+00  -2.114652090155986E-01   4.224509280068858E-01   1.000000000000000E+05
 -1.202235771760684E+00  -2.079285310851550E-01   4.083724105262977E-01   1.000000000000000E+05
 -1.242012091893928E+00  -2.098508977992501E-01   3.905316422688770E-01   1.000000000000000E+05
 -1.280275551375907E+00  -2.173397280450917E-01   3.692045343263167E-01   1.000000000000000E+05
 -1.316294395526725E+00  -2.302313150901105E-01   3.447217220292287E-01   1.000000000000000E+05
 -1.349394412017674E+00  -2.481111364598591E-01   3.174568791348628E-01   1.000000000000000E+05
 -1.378999368064757E+00  -2.703485470580376E-01   2.878178548813352E-01   1.000000000000000E+05
 -1.404665412984377E+00  -2.961424665631274E-01   2.562408309760593E-01   1.000000000000000E+05
 -1.426106847661052E+00  -3.245741803507989E-01   2.231870874067522E-01   1.000000000000000E+05
 -1.443211339906679E+00  -3.546632254075738E-01   1.891414337459669E-01   1.000000000000000E+05
 -1.456043501084121E+00  -3.854225069861253E-01   1.546109745636219E-01   1.000000000000000E+05
 -1.464836661663274E+00  -4.159092396960316E-01   1.201226852345556E-01   1.000000000000000E+05
 -1.469973611170010E+00  -4.452689603274718E-01   8.621830685130344E-02   1.000000000000000E+05
 -1.471957920948415E+00  -4.727706396809699E-01   5.344532909420737E-02   1.000000000000000E+05
 -1.471378173405903E+00  -4.978317452268892E-01   2.234329397461383E-02   1.000000000000000E+05
 -1.468867920148645E+00  -5.200328995706469E-01  -6.574727025225047E-03   1.000000000000000E+05
 -1.465064444177322E+00  -5.391224783507456E-01  -3.284492282365280E-02   1.000000000000000E+05
 -1.460569391366791E+00  -5.550120502143091E-01  -5.607852621167188E-02   1.000000000000000E+05
 -1.455914071021170E+00  -5.677639564688948E-01  -7.598868171698900E-02   1.000000000000000E+05
 -1.451531734514134E+00  -5.775725553906076E-01  -9.241601054276169E-02   1.000000000000000E+05
 -1.447738474753815E+00  -5.847407312276454E-01  -1.053502305942150E-01   1.000000000000000E+05
 -1.444723612029760E+00  -5.896532205375756E-01  -1.149452026755232E-01   1.000000000000000E+05
 -1.442549616674079E+00  -5.927481775704632E-01  -1.215250721530817E-01   1.000000000000000E+05
 -1.441160840238721E+00  -5.944882277635711E-01  -1.255797464987261E-01   1.000000000000000E+05
 -1.440399653234687E+00  -5.953320826371593E-01  -1.277487515336210E-01   1.000000000000000E+05
 -1.440028075555060E+00  -5.957076406166160E-01  -1.287934752294407E-01   1.000000000000000E+05
 -1.440028075555060E+00  -5.957076406166160E-01  -1.287934752294408E-01   0.000000000000000E+00 5 RotatedCurve11 
 -4.991260382377932E-01  -1.649110559752968E+00   3.672034658013310E-02   1.774626041188972E+05
 -4.988457643801881E-01  -1.649084571142540E+00   3.383412962431518E-02   1.774626041188972E+05
 -4.982914507079547E-01  -1.648857069131446E+00   2.817319150366955E-02   1.774626041188972E+05
 -4.973687642692393E-01  -1.648187627437980E+00   1.889410077483125E-02   1.774626041188972E+05
 -4.960010681213403E-01  -1.646761165444550E+00   5.399821423626673E-03   1.774626041188972E+05
 -4.941361379139856E-01  -1.644206119536590E+00  -1.262473511642343E-02   1.774626041188972E+05
 -4.917527537129424E-01  -1.640118141309181E+00  -3.519685044019221E-02   1.774626041188972E+05
 -4.888660636729245E-01  -1.634088319306182E+00  -6.204079534596386E-02   1.774626041188972E+05
 -4.855306442332875E-01  -1.625734406516221E+00  -9.261271950965176E-02   1.774626041188972E+05
 -4.818403484299167E-01  -1.614733089853673E+00  -1.261435929580862E-01   1.774626041188972E+05
 -4.779243246183562E-01  -1.600851013087076E+00  -1.616968398034439E-01   1.774626041188972E+05
 -4.739389734620057E-01  -1.583972106384314E+00  -1.982362512059565E-01   1.774626041188972E+05
 -4.700560516611178E-01  -1.564118816272366E+00  -2.346990565414835E-01   1.774626041188972E+05
 -4.664475800358147E-01  -1.541465084805367E+00  -2.700687222888415E-01   1.774626041188972E+05
 -4.632686227554326E-01  -1.516339391847579E+00  -3.034421578750452E-01   1.774626041188972E+05
 -4.606393283709641E-01  -1.489216824821276E+00  -3.340865234231249E-01   1.774626041188972E+05
 -4.586278243650512E-01  -1.460699931899094E+00  -3.614817103441700E-01   1.774626041188972E+05
 -4.572356095208082E-01  -1.431488987086588E+00  -3.853457279055493E-01   1.774626041188972E+05
 -4.563869814684099E-01  -1.402343177283725E+00  -4.056415812229811E-01   1.774626041188972E+05
 -4.559237751516889E-01  -1.374035035477716E+00  -4.225656587324665E-01   1.774626041188972E+05
 -4.556062921359746E-01  -1.347301115825406E+00  -4.365190457546019E-01   1.774626041188972E+05
 -4.551208048622462E-01  -1.322792369609308E+00  -4.480644359057732E-01   1.774626041188972E+05
 -4.540934688220080E-01  -1.301027885433971E+00  -4.578723283713919E-01   1.774626041188972E+05
 -4.521099200010089E-01  -1.282355572845547E+00  -4.666609024439773E-01   1.774626041188972E+05
 -4.487393268105916E-01  -1.266922990342765E+00  -4.751343043424583E-01   1.774626041188972E+05
 -4.435612531595303E-01  -1.254660866665253E+00  -4.839240485661278E-01   1.774626041188972E+05
 -4.361934117327618E-01  -1.245280983119753E+00  -4.935378411670628E-01   1.774626041188972E+05
 -4.263182708248682E-01  -1.238289040748952E+00  -5.043194184414866E-01   1.774626041188972E+05
 -4.137065359428398E-01  -1.233012011638336E+00  -5.164220291274324E-01   1.774626041188972E+05
 -3.982357542434030E-01  -1.228638360009192E+00  -5.297970567586299E-01   1.774626041188972E+05
 -3.799026652462444E-01  -1.224268508602523E+00  -5.441980771877142E-01   1.774626041188972E+05
 -3.588284108691410E-01  -1.218972104903528E+00  -5.591994722726448E-01   1.774626041188972E+05
 -3.352562769032437E-01  -1.211848081014334E+00  -5.742276659176140E-01   1.774626041188972E+05
 -3.095422157480576E-01  -1.202083250319627E+00  -5.886021910733680E-01   1.774626041188972E+05
 -2.821389445994011E-01  -1.189005267529170E+00  -6.015831943944882E-01   1.774626041188972E+05
 -2.535748762903728E-01  -1.172126191993303E+00  -6.124216739223612E-01   1.774626041188972E+05
 -2.244294821107176E-01  -1.151173604995166E+00  -6.204087339142045E-01   1.774626041188972E+05
 -1.953068799078483E-01  -1.126107182139634E+00  -6.249204143062786E-01   1.774626041188972E+05
 -1.668094740561588E-01  -1.097119733534416E+00  -6.254551724181324E-01   1.774626041188972E+05
 -1.395133496216389E-01  -1.064622904999245E+00  -6.216618054878870E-01   1.774626041188972E+05
 -1.139468594958807E-01  -1.029218885182150E+00  -6.133564362910464E-01   1.774626041188972E+05
 -9.057347166724773E-02  -9.916604912727556E-01  -6.005280664454553E-01   1.774626041188972E+05
 -6.977950497633535E-02  -9.528028263101541E-01  -5.833330598870390E-01   1.774626041188972E+05
 -5.186692178513509E-02  -9.135502487873211E-01  -5.620796862824774E-01   1.774626041188972E+05
 -3.705091156644803E-02  -8.748026294419164E-01  -5.372044769144962E-01   1.774626041188972E+05
 -2.546163276635117E-02  -8.374047774771950E-01  -5.092425859316493E-01   1.774626041188972E+05
 -1.714921507538050E-02  -8.021025141538812E-01  -4.787945880221017E-01   1.774626041188972E+05
 -1.209098217667760E-02  -7.695081977224645E-01  -4.464921782471329E-01   1.774626041188972E+05
 -1.019984381548499E-02  -7.400776247273101E-01  -4.129650867788026E-01   1.774626041188972E+05
 -1.133291875495286E-02  -7.140992301062412E-01  -3.788112107731416E-01   1.774626041188972E+05
 -1.529966632845259E-02  -6.916954725641746E-01  -3.445715381391580E-01   1.774626041188972E+05
 -2.186909214138176E-02  -6.728353134930564E-01  -3.107109399596185E-01   1.774626041188972E+05
 -3.077591368183159E-02  -6.573558608140562E-01  -2.776053873400646E-01   1.774626041188972E+05
 -4.172588163879446E-02  -6.449906221566087E-01  -2.455356487717508E-01   1.774626041188972E+05
 -5.440071162879953E-02  -6.354014424886266E-01  -2.146870829458345E-01   1.774626041188972E+05
 -6.846325399199155E-02  -6.282111125746671E-01  -1.851547869035587E-01   1.774626041188972E+05
 -8.356359166101630E-02  -6.230338229824323E-01  -1.569531068283289E-01   1.774626041188972E+05
 -9.934669618512831E-02  -6.195010748412478E-01  -1.300283736756369E-01   1.774626041188972E+05
 -1.154620927134780E-01  -6.172812920627163E-01  -1.042736827836569E-01   1.774626041188972E+05
 -1.315757035286104E-01  -6.160921422761008E-01  -7.954458174721812E-02   1.774626041188972E+05
 -1.473836869089033E-01  -6.157053872434971E-01  -5.567464449401024E-02   1.774626041188972E+05
 -1.626277039044114E-01  -6.159448674764403E-01  -3.249006915594382E-02   1.774626041188972E+05
 -1.771106759758368E-01  -6.166789048969146E-01  -9.822620558467877E-03   1.774626041188972E+05
 -1.907117881658496E-01  -6.178089187024252E-01   1.247957480320423E-02   1.774626041188972E+05
 -2.033992881057844E-01  -6.192563482032948E-01   3.454369774675418E-02   1.774626041188972E+05
 -2.152395642539428E-01  -6.209500393826333E-01   5.646653096922120E-02   1.774626041188972E+05
 -2.264010778731994E-01  -6.228160800904262E-01   7.831141050541998E-02   1.774626041188972E+05
 -2.371519772225122E-01  -6.247716860740610E-01   1.001077580192820E-01   1.774626041188972E+05
 -2.478506271829265E-01  -6.267241907675629E-01   1.218530280847970E-01   1.774626041188972E+05
 -2.589288145825921E-01  -6.285755358433267E-01   1.435168250956613E-01   1.774626041188972E+05
 -2.708679961378581E-01  -6.302319663933956E-01   1.650468679830781E-01   1.774626041188972E+05
 -2.841695889933324E-01  -6.316179762007094E-01   1.863764023626508E-01   1.774626041188972E+05
 -2.993209044927656E-01  -6.326929922738298E-01   2.074325775159339E-01   1.774626041188972E+05
 -3.167588351608998E-01  -6.334688899568991E-01   2.281452226960388E-01   1.774626041188972E+05
 -3.368337697402828E-01  -6.340262303715668E-01   2.484553812353348E-01   1.774626041188972E+05
 -3.597763893853506E-01  -6.345271305028278E-01   2.683229033899550E-01   1.774626041188972E+05
 -3.856699631475162E-01  -6.352229109906159E-01   2.877323738448718E-01   1.774626041188972E+05
 -4.144305046277664E-01  -6.364550944990657E-01   3.066966718354949E-01   1.774626041188972E+05
 -4.457966859828554E-01  -6.386489066087842E-01   3.252575434732742E-01   1.774626041188972E+05
 -4.793307616131007E-01  -6.422991053858553E-01   3.434827152577047E-01   1.774626041188972E+05
 -5.144309801527605E-01  -6.479486703173982E-01   3.614592965441904E-01   1.774626041188972E+05
 -5.503551211877695E-01  -6.561615490813796E-01   3.792835004738798E-01   1.774626041188972E+05
 -5.862539515311249E-01  -6.674912287843618E-01   3.970470423728040E-01   1.774626041188972E+05
 -6.212126255921607E-01  -6.824473142154215E-01   4.148209283264284E-01   1.774626041188972E+05
 -6.542974213218938E-01  -7.014625217819789E-01   4.326376940298641E-01   1.774626041188972E+05
 -6.846047625694223E-01  -7.248625149809228E-01   4.504734601281643E-01   1.774626041188972E+05
 -7.113092697461175E-01  -7.528408162606437E-01   4.682313989279666E-01   1.774626041188972E+05
 -7.337076232188319E-01  -7.854406510711626E-01   4.857283250201828E-01   1.774626041188972E+05
 -7.512553161235949E-01  -8.225450499163151E-01   5.026861019789357E-01   1.774626041188972E+05
 -7.635938921495616E-01  -8.638759034932222E-01   5.187293820445237E-01   1.774626041188972E+05
 -7.705669666775629E-01  -9.090019926127761E-01   5.333908618047241E-01   1.774626041188972E+05
 -7.722241581669451E-01  -9.573553587497089E-01   5.461247555349829E-01   1.774626041188972E+05
 -7.688129420712108E-01  -1.008254799280958E+00   5.563285856086164E-01   1.774626041188972E+05
 -7.607593086743603E-01  -1.060934811250463E+00   5.633727071270658E-01   1.774626041188972E+05
 -7.486388880819638E-01  -1.114578003116983E+00   5.666362742468889E-01   1.774626041188972E+05
 -7.331408376208846E-01  -1.168348863621934E+00   5.655476789220421E-01   1.774626041188972E+05
 -7.150272204535850E-01  -1.221426821718265E+00   5.596269119256747E-01   1.774626041188972E+05
 -6.950908087055192E-01  -1.273036735972042E+00   5.485268709985724E-01   1.774626041188972E+05
 -6.741142097501840E-01  -1.322475286295637E+00   5.320704228249701E-01   1.774626041188972E+05
 -6.528329514536931E-01  -1.369132165020039E+00   5.102800509839874E-01   1.774626041188972E+05
 -6.319047017493225E-01  -1.412505431901129E+00   4.833972090539135E-01   1.774626041188972E+05
 -6.118861869437178E-01  -1.452210861472438E+00   4.518890429519817E-01   1.774626041188972E+05
 -5.932186704931312E-01  -1.487985527997933E+00   4.164409228528792E-01   1.774626041188972E+05
 -5.762221245953525E-01  -1.519686208270606E+00   3.779341842237825E-01   1.774626041188972E+05
 -5.610975357790186E-01  -1.547283412382706E+00   3.374095522978087E-01   1.774626041188972E+05
 -5.479361916860754E-01  -1.570851967599528E+00   2.960178332766154E-01   1.774626041188972E+05
 -5.367343470708001E-01  -1.590559084678208E+00   2.549605096296980E-01   1.774626041188972E+05
 -5.274113948877530E-01  -1.606650746086288E+00   2.154237866895864E-01   1.774626041188972E+05
 -5.198295874426764E-01  -1.619437098308800E+00   1.785103214668530E-01   1.774626041188972E+05
 -5.138134584240610E-01  -1.629277338839997E+00   1.451732553052808E-01   1.774626041188972E+05
 -5.091673670252241E-01  -1.636564397599394E+00   1.161572241244168E-01   1.774626041188972E+05
 -5.056899831784166E-01  -1.641709554987908E+00   9.195071420557073E-02   1.774626041188972E+05
 -5.031850102270408E-01  -1.645127040623099E+00   7.275347730637180E-02   1.774626041188972E+05
 -5.014679445311448E-01  -1.647218634107320E+00   5.846175502644423E-02   1.774626041188972E+05
 -5.003691467408337E-01  -1.648358346180896E+00   4.867285436256532E-02   1.774626041188972E+05
 -4.997338982423900E-01  -1.648877386897534E+00   4.270925206440247E-02   1.774626041188972E+05
 -4.994204000660450E-01  -1.649049806942750E+00   3.966098798679767E-02   1.774626041188972E+05
 -4.992968155010215E-01  -1.649079399459373E+00   3.844374761443636E-02   1.774626041188972E+05
 -4.992384528151793E-01  -1.649088637496827E+00   3.786883994188597E-02   1.774626041188972E+05
 -4.991260382377932E-01  -1.649110559752968E+00   3.672034658013312E-02   1.774626041188972E+05
 -4.991260382377932E-01  -1.649110559752968E+00   3.672034658013310E-02   0.000000000000000E+00 6 RotatedCurve12 
 -1.440028075555060E+00   5.957076406166160E-01   1.287934752294408E-01  -1.000000000000000E+05
 -1.439752675063919E+00   5.959873944800202E-01   1.295588499755976E-01  -1.000000000000000E+05
 -1.439250419587950E+00   5.964669110760027E-01   1.309265430203142E-01  -1.000000000000000E+05
 -1.438193295080414E+00   5.973471326173955E-01   1.337626191036748E-01  -1.000000000000000E+05
 -1.436269824552602E+00   5.987212494974138E-01   1.388633160518885E-01  -1.000000000000000E+05
 -1.433202097015067E+00   6.005668827017163E-01   1.469029579454825E-01  -1.000000000000000E+05
 -1.428757488277499E+00   6.027442573456961E-01   1.583880717948620E-01  -1.000000000000000E+05
 -1.422754863590534E+00   6.050009184573779E-01   1.736214542070970E-01  -1.000000000000000E+05
 -1.415065632228270E+00   6.069833150301884E-01   1.926792700805934E-01  -1.000000000000000E+05
 -1.405610517976937E+00   6.082552506194888E-01   2.154033050671821E-01  -1.000000000000000E+05
 -1.394353269967487E+00   6.083227761781592E-01   2.414093159818238E-01  -1.000000000000000E+05
 -1.381292733839405E+00   6.066646079886557E-01   2.701111296555967E-01  -1.000000000000000E+05
 -1.366454720798276E+00   6.027666305096145E-01   3.007588453893414E-01  -1.000000000000000E+05
 -1.349884958074273E+00   5.961585428455327E-01   3.324883163085168E-01  -1.000000000000000E+05
 -1.331644103253022E+00   5.864502872978816E-01   3.643781292399901E-01  -1.000000000000000E+05
 -1.311805396928188E+00   5.733656181923295E-01   3.955096610246548E-01  -1.000000000000000E+05
 -1.290455063942571E+00   5.567700810095477E-01   4.250255235526786E-01  -1.000000000000000E+05
 -1.267695109217037E+00   5.366908138561537E-01   4.521818484307193E-01  -1.000000000000000E+05
 -1.243647745069229E+00   5.133259735663741E-01   4.763903962246600E-01  -1.000000000000000E+05
 -1.218460381502669E+00   4.870422210862881E-01   4.972473592553329E-01  -1.000000000000000E+05
 -1.192309945783130E+00   4.583595430983722E-01   5.145468829029108E-01  -1.000000000000000E+05
 -1.165405293476662E+00   4.279236818208474E-01   5.282786546765567E-01  -1.000000000000000E+05
 -1.137986632735826E+00   3.964675139007556E-01   5.386102833091357E-01  -1.000000000000000E+05
 -1.110321191380345E+00   3.647637685601157E-01   5.458564873764120E-01  -1.000000000000000E+05
 -1.082694779899881E+00   3.335724041768436E-01   5.504382167818200E-01  -1.000000000000000E+05
 -1.055399397247658E+00   3.035866737584140E-01   5.528356411700249E-01  -1.000000000000000E+05
 -1.028717535988838E+00   2.753823187503367E-01   5.535393845443390E-01  -1.000000000000000E+05
 -1.002904311977662E+00   2.493743751314860E-01   5.530044268490292E-01  -1.000000000000000E+05
 -9.781689174262306E-01   2.257857236952052E-01   5.516107306017343E-01  -1.000000000000000E+05
 -9.546571301049440E-01   2.046307710008956E-01   5.496339211780515E-01  -1.000000000000000E+05
 -9.324366743897835E-01   1.857165492062194E-01   5.472283246131883E-01  -1.000000000000000E+05
 -9.114871081185646E-01   1.686621481074427E-01   5.444234456928830E-01  -1.000000000000000E+05
 -8.916956078847208E-01   1.529358481027085E-01   5.411336684414862E-01  -1.000000000000000E+05
 -8.728595683762842E-01   1.379077375819499E-01   5.371797043907593E-01  -1.000000000000000E+05
 -8.546963591435325E-01   1.229141128748734E-01   5.323192196861758E-01  -1.000000000000000E+05
 -8.368599479526484E-01   1.073287125223441E-01   5.262832422896083E-01  -1.000000000000000E+05
 -8.189634643656630E-01   9.063495511860635E-02   5.188144613958633E-01  -1.000000000000000E+05
 -8.006062025759905E-01   7.249292951963951E-02   5.097034256665198E-01  -1.000000000000000E+05
 -7.814031062747334E-01   5.279498908462518E-02   4.988189308687083E-01  -1.000000000000000E+05
 -7.610144873154855E-01   3.170444480180916E-02   4.861295293990606E-01  -1.000000000000000E+05
 -7.391736357074556E-01   9.673004888035254E-03   4.717140281722097E-01  -1.000000000000000E+05
 -7.157100938453331E-01  -1.256580694537705E-02   4.557599739783414E-01  -1.000000000000000E+05
 -6.905666855808721E-01  -3.402812532964544E-02   4.385503446831320E-01  -1.000000000000000E+05
 -6.638088838379346E-01  -5.353492243419491E-02   4.204398509955679E-01  -1.000000000000000E+05
 -6.356257249135225E-01  -6.978765976604992E-02   4.018232914331997E-01  -1.000000000000000E+05
 -6.063221763935448E-01  -8.145932256361846E-02   3.830991922306868E-01  -1.000000000000000E+05
 -5.763035743027458E-01  -8.729424512834154E-02   3.646324287569288E-01  -1.000000000000000E+05
 -5.460533980807821E-01  -8.620913065308254E-02   3.467196220351069E-01  -1.000000000000000E+05
 -5.161061888265692E-01  -7.738726354400291E-02   3.295608257655108E-01  -1.000000000000000E+05
 -4.870177876969144E-01  -6.035815921475421E-02   3.132403949852332E-01  -1.000000000000000E+05
 -4.593352440353031E-01  -3.505579415463107E-02   2.977190198689311E-01  -1.000000000000000E+05
 -4.335687025775777E-01  -1.850049811140208E-03   2.828378071686319E-01  -1.000000000000000E+05
 -4.101673323036150E-01   3.845202286366366E-02   2.683341057830019E-01  -1.000000000000000E+05
 -3.895009324041855E-01   8.463620969497938E-02   2.538676180656241E-01  -1.000000000000000E+05
 -3.718482868460236E-01   1.351410573688919E-01   2.390543272770230E-01  -1.000000000000000E+05
 -3.573926944415845E-01   1.881439760830059E-01   2.235050021048517E-01  -1.000000000000000E+05
 -3.462244396973572E-01   2.416676532582498E-01   2.068645855164504E-01  -1.000000000000000E+05
 -3.383493554677373E-01   2.936992212332410E-01   1.888486804418076E-01  -1.000000000000000E+05
 -3.337021205209040E-01   3.423135170013223E-01   1.692736169543782E-01  -1.000000000000000E+05
 -3.321625811241684E-01   3.857913501660230E-01   1.480771971515847E-01  -1.000000000000000E+05
 -3.335732172343833E-01   4.227239979680851E-01   1.253281045402450E-01  -1.000000000000000E+05
 -3.377559032772764E-01   4.520961543428182E-01   1.012230474340802E-01  -1.000000000000000E+05
 -3.445263330061081E-01   4.733411948979306E-01   7.607187562918642E-02  -1.000000000000000E+05
 -3.537048603825499E-01   4.863647498394383E-01   5.027205362692701E-02  -1.000000000000000E+05
 -3.651230101696590E-01   4.915350286821931E-01   2.427488232078610E-02  -1.000000000000000E+05
 -3.786254773596935E-01   4.896409133911490E-01  -1.453361451024373E-03  -1.000000000000000E+05
 -3.940680018595986E-01   4.818213197534265E-01  -2.647172461187362E-02  -1.000000000000000E+05
 -4.113120123792094E-01   4.694715176415094E-01  -5.040254751826913E-02  -1.000000000000000E+05
 -4.302173261151072E-01   4.541338220380251E-01  -7.296356428453038E-02  -1.000000000000000E+05
 -4.506344257700271E-01   4.373811811769767E-01  -9.399115589663096E-02  -1.000000000000000E+05
 -4.723978866210821E-01   4.207026105407133E-01  -1.134526147163017E-01  -1.000000000000000E+05
 -4.953223872189008E-01   4.053991249174604E-01  -1.314463082918686E-01  -1.000000000000000E+05
 -5.192024216743151E-01   3.924978387223998E-01  -1.481897529167757E-01  -1.000000000000000E+05
 -5.438163722403739E-01   3.826903275076192E-01  -1.639967158451957E-01  -1.000000000000000E+05
 -5.689350467127819E-01   3.762993095515346E-01  -1.792454550754660E-01  -1.000000000000000E+05
 -5.943341956632294E-01   3.732753899766878E-01  -1.943409856577344E-01  -1.000000000000000E+05
 -6.198099641663529E-01   3.732232057531263E-01  -2.096747616810501E-01  -1.000000000000000E+05
 -6.451957642082008E-01   3.754540164187298E-01  -2.255853415967604E-01  -1.000000000000000E+05
 -6.703787318278821E-01   3.790597871118910E-01  -2.423234511334638E-01  -1.000000000000000E+05
 -6.953137976723348E-01   3.830022633443222E-01  -2.600243946357290E-01  -1.000000000000000E+05
 -7.200334730274470E-01   3.862095550580097E-01  -2.786900434637871E-01  -1.000000000000000E+05
 -7.446517364747014E-01   3.876723948438050E-01  -2.981817241685330E-01  -1.000000000000000E+05
 -7.693608784960817E-01   3.865325212695614E-01  -3.182243305102187E-01  -1.000000000000000E+05
 -7.944207820727845E-01   3.821565188970344E-01  -3.384209897015318E-01  -1.000000000000000E+05
 -8.201408297932529E-01   3.741898292736912E-01  -3.582767190963015E-01  -1.000000000000000E+05
 -8.468553644763177E-01   3.625874006270268E-01  -3.772287970683256E-01  -1.000000000000000E+05
 -8.748943186795660E-01   3.476194105354013E-01  -3.946811028749105E-01  -1.000000000000000E+05
 -9.045511991800135E-01   3.298525060496387E-01  -4.100394907018505E-01  -1.000000000000000E+05
 -9.360510055779500E-01   3.101088933345627E-01  -4.227453596683447E-01  -1.000000000000000E+05
 -9.695208331557776E-01   2.894072250165896E-01  -4.323049421785665E-01  -1.000000000000000E+05
 -1.004965834793159E+00   2.688904587012336E-01  -4.383124094753663E-01  -1.000000000000000E+05
 -1.042252893793963E+00   2.497466137468417E-01  -4.404656169798512E-01  -1.000000000000000E+05
 -1.081103811077157E+00   2.331285983148523E-01  -4.385741015337675E-01  -1.000000000000000E+05
 -1.121099080221041E+00   2.200790228235018E-01  -4.325597124725779E-01  -1.000000000000000E+05
 -1.161692474132599E+00   2.114652090155986E-01  -4.224509280068858E-01  -1.000000000000000E+05
 -1.202235771760684E+00   2.079285310851550E-01  -4.083724105262977E-01  -1.000000000000000E+05
 -1.242012091893928E+00   2.098508977992501E-01  -3.905316422688770E-01  -1.000000000000000E+05
 -1.280275551375907E+00   2.173397280450917E-01  -3.692045343263167E-01  -1.000000000000000E+05
 -1.316294395526725E+00   2.302313150901105E-01  -3.447217220292287E-01  -1.000000000000000E+05
 -1.349394412017674E+00   2.481111364598591E-01  -3.174568791348628E-01  -1.000000000000000E+05
 -1.378999368064757E+00   2.703485470580376E-01  -2.878178548813352E-01  -1.000000000000000E+05
 -1.404665412984377E+00   2.961424665631274E-01  -2.562408309760593E-01  -1.000000000000000E+05
 -1.426106847661052E+00   3.245741803507989E-01  -2.231870874067522E-01  -1.000000000000000E+05
 -1.443211339906679E+00   3.546632254075738E-01  -1.891414337459669E-01  -1.000000000000000E+05
 -1.456043501084121E+00   3.854225069861253E-01  -1.546109745636219E-01  -1.000000000000000E+05
 -1.464836661663274E+00   4.159092396960316E-01  -1.201226852345556E-01  -1.000000000000000E+05
 -1.469973611170010E+00   4.452689603274718E-01  -8.621830685130344E-02  -1.000000000000000E+05
 -1.471957920948415E+00   4.727706396809699E-01  -5.344532909420737E-02  -1.000000000000000E+05
 -1.471378173405903E+00   4.978317452268892E-01  -2.234329397461383E-02  -1.000000000000000E+05
 -1.468867920148645E+00   5.200328995706469E-01   6.574727025225047E-03  -1.000000000000000E+05
 -1.465064444177322E+00   5.391224783507456E-01   3.284492282365280E-02  -1.000000000000000E+05
 -1.460569391366791E+00   5.550120502143091E-01   5.607852621167188E-02  -1.000000000000000E+05
 -1.455914071021170E+00   5.677639564688948E-01   7.598868171698900E-02  -1.000000000000000E+05
 -1.451531734514134E+00   5.775725553906076E-01   9.241601054276169E-02  -1.000000000000000E+05
 -1.447738474753815E+00   5.847407312276454E-01   1.053502305942150E-01  -1.000000000000000E+05
 -1.444723612029760E+00   5.896532205375756E-01   1.149452026755232E-01  -1.000000000000000E+05
 -1.442549616674079E+00   5.927481775704632E-01   1.215250721530817E-01  -1.000000000000000E+05
 -1.441160840238721E+00   5.944882277635711E-01   1.255797464987261E-01  -1.000000000000000E+05
 -1.440399653234687E+00   5.953320826371593E-01   1.277487515336210E-01  -1.000000000000000E+05
 -1.440028075555060E+00   5.957076406166160E-01   1.287934752294407E-01  -1.000000000000000E+05
 -1.440028075555060E+00   5.957076406166160E-01   1.287934752294408E-01   0.000000000000000E+00 7 RotatedCurve13 
 -4.991260382377932E-01   1.649110559752968E+00  -3.672034658013310E-02  -1.774626041188972E+05
 -4.988457643801881E-01   1.649084571142540E+00  -3.383412962431518E-02  -1.774626041188972E+05
 -4.982914507079547E-01   1.648857069131446E+00  -2.817319150366955E-02  -1.774626041188972E+05
 -4.973687642692393E-01   1.648187627437980E+00  -1.889410077483125E-02  -1.774626041188972E+05
 -4.960010681213403E-01   1.646761165444550E+00  -5.399821423626673E-03  -1.774626041188972E+05
 -4.941361379139856E-01   1.644206119536590E+00   1.262473511642343E-02  -1.774626041188972E+05
 -4.917527537129424E-01   1.640118141309181E+00   3.519685044019221E-02  -1.774626041188972E+05
 -4.888660636729245E-01   1.634088319306182E+00   6.204079534596386E-02  -1.774626041188972E+05
 -4.855306442332875E-01   1.625734406516221E+00   9.261271950965176E-02  -1.774626041188972E+05
 -4.818403484299167E-01   1.614733089853673E+00   1.261435929580862E-01  -1.774626041188972E+05
 -4.779243246183562E-01   1.600851013087076E+00   1.616968398034439E-01  -1.774626041188972E+05
 -4.739389734620057E-01   1.583972106384314E+00   1.982362512059565E-01  -1.774626041188972E+05
 -4.700560516611178E-01   1.564118816272366E+00   2.346990565414835E-01  -1.774626041188972E+05
 -4.664475800358147E-01   1.541465084805367E+00   2.700687222888415E-01  -1.774626041188972E+05
 -4.632686227554326E-01   1.516339391847579E+00   3.034421578750452E-01  -1.774626041188972E+05
 -4.606393283709641E-01   1.489216824821276E+00   3.340865234231249E-01  -1.774626041188972E+05
 -4.586278243650512E-01   1.460699931899094E+00   3.614817103441700E-01  -1.774626041188972E+05
 -4.572356095208082E-01   1.431488987086588E+00   3.853457279055493E-01  -1.774626041188972E+05
 -4.563869814684099E-01   1.402343177283725E+00   4.056415812229811E-01  -1.774626041188972E+05
 -4.559237751516889E-01   1.374035035477716E+00   4.225656587324665E-01  -1.774626041188972E+05
 -4.556062921359746E-01   1.347301115825406E+00   4.365190457546019E-01  -1.774626041188972E+05
 -4.551208048622462E-01   1.322792369609308E+00   4.480644359057732E-01  -1.774626041188972E+05
 -4.540934688220080E-01   1.301027885433971E+00   4.578723283713919E-01  -1.774626041188972E+05
 -4.521099200010089E-01   1.282355572845547E+00   4.666609024439773E-01  -1.774626041188972E+05
 -4.487393268105916E-01   1.266922990342765E+00   4.751343043424583E-01  -1.774626041188972E+05
 -4.435612531595303E-01   1.254660866665253E+00   4.839240485661278E-01  -1.774626041188972E+05
 -4.361934117327618E-01   1.245280983119753E+00   4.935378411670628E-01  -1.774626041188972E+05
 -4.263182708248682E-01   1.238289040748952E+00   5.043194184414866E-01  -1.774626041188972E+05
 -4.137065359428398E-01   1.233012011638336E+00   5.164220291274324E-01  -1.774626041188972E+05
 -3.982357542434030E-01   1.228638360009192E+00   5.297970567586299E-01  -1.774626041188972E+05
 -3.799026652462444E-01   1.224268508602523E+00   5.441980771877142E-01  -1.774626041188972E+05
 -3.588284108691410E-01   1.218972104903528E+00   5.591994722726448E-01  -1.774626041188972E+05
 -3.352562769032437E-01   1.211848081014334E+00   5.742276659176140E-01  -1.774626041188972E+05
 -3.095422157480576E-01   1.202083250319627E+00   5.886021910733680E-01  -1.774626041188972E+05
 -2.821389445994011E-01   1.189005267529170E+00   6.015831943944882E-01  -1.774626041188972E+05
 -2.535748762903728E-01   1.172126191993303E+00   6.124216739223612E-01  -1.774626041188972E+05
 -2.244294821107176E-01   1.151173604995166E+00   6.204087339142045E-01  -1.774626041188972E+05
 -1.953068799078483E-01   1.126107182139634E+00   6.249204143062786E-01  -1.774626041188972E+05
 -1.668094740561588E-01   1.097119733534416E+00   6.254551724181324E-01  -1.774626041188972E+05
 -1.395133496216389E-01   1.064622904999245E+00   6.216618054878870E-01  -1.774626041188972E+05
 -1.139468594958807E-01   1.029218885182150E+00   6.133564362910464E-01  -1.774626041188972E+05
 -9.057347166724773E-02   9.916604912727556E-01   6.005280664454553E-01  -1.774626041188972E+05
 -6.977950497633535E-02   9.528028263101541E-01   5.833330598870390E-01  -1.774626041188972E+05
 -5.186692178513509E-02   9.135502487873211E-01   5.620796862824774E-01  -1.774626041188972E+05
 -3.705091156644803E-02   8.748026294419164E-01   5.372044769144962E-01  -1.774626041188972E+05
 -2.546163276635117E-02   8.374047774771950E-01   5.092425859316493E-01  -1.774626041188972E+05
 -1.714921507538050E-02   8.021025141538812E-01   4.787945880221017E-01  -1.774626041188972E+05
 -1.209098217667760E-02   7.695081977224645E-01   4.464921782471329E-01  -1.774626041188972E+05
 -1.019984381548499E-02   7.400776247273101E-01   4.129650867788026E-01  -1.774626041188972E+05
 -1.133291875495286E-02   7.140992301062412E-01   3.788112107731416E-01  -1.774626041188972E+05
 -1.529966632845259E-02   6.916954725641746E-01   3.445715381391580E-01  -1.774626041188972E+05
 -2.186909214138176E-02   6.728353134930564E-01   3.107109399596185E-01  -1.774626041188972E+05
 -3.077591368183159E-02   6.573558608140562E-01   2.776053873400646E-01  -1.774626041188972E+05
 -4.172588163879446E-02   6.449906221566087E-01   2.455356487717508E-01  -1.774626041188972E+05
 -5.440071162879953E-02   6.354014424886266E-01   2.146870829458345E-01  -1.774626041188972E+05
 -6.846325399199155E-02   6.282111125746671E-01   1.851547869035587E-01  -1.774626041188972E+05
 -8.356359166101630E-02   6.230338229824323E-01   1.569531068283289E-01  -1.774626041188972E+05
 -9.934669618512831E-02   6.195010748412478E-01   1.300283736756369E-01  -1.774626041188972E+05
 -1.154620927134780E-01   6.172812920627163E-01   1.042736827836569E-01  -1.774626041188972E+05
 -1.315757035286104E-01   6.160921422761008E-01   7.954458174721812E-02  -1.774626041188972E+05
 -1.473836869089033E-01   6.157053872434971E-01   5.567464449401024E-02  -1.774626041188972E+05
 -1.626277039044114E-01   6.159448674764403E-01   3.249006915594382E-02  -1.774626041188972E+05
 -1.771106759758368E-01   6.166789048969146E-01   9.822620558467877E-03  -1.774626041188972E+05
 -1.907117881658496E-01   6.178089187024252E-01  -1.247957480320423E-02  -1.774626041188972E+05
 -2.033992881057844E-01   6.192563482032948E-01  -3.454369774675418E-02  -1.774626041188972E+05
 -2.152395642539428E-01   6.209500393826333E-01  -5.646653096922120E-02  -1.774626041188972E+05
 -2.264010778731994E-01   6.228160800904262E-01  -7.831141050541998E-02  -1.774626041188972E+05
 -2.371519772225122E-01   6.247716860740610E-01  -1.001077580192820E-01  -1.774626041188972E+05
 -2.478506271829265E-01   6.267241907675629E-01  -1.218530280847970E-01  -1.774626041188972E+05
 -2.589288145825921E-01   6.285755358433267E-01  -1.435168250956613E-01  -1.774626041188972E+05
 -2.708679961378581E-01   6.302319663933956E-01  -1.650468679830781E-01  -1.774626041188972E+05
 -2.841695889933324E-01   6.316179762007094E-01  -1.863764023626508E-01  -1.774626041188972E+05
 -2.993209044927656E-01   6.326929922738298E-01  -2.074325775159339E-01  -1.774626041188972E+05
 -3.167588351608998E-01   6.334688899568991E-01  -2.281452226960388E-01  -1.774626041188972E+05
 -3.368337697402828E-01   6.340262303715668E-01  -2.484553812353348E-01  -1.774626041188972E+05
 -3.597763893853506E-01   6.345271305028278E-01  -2.683229033899550E-01  -1.774626041188972E+05
 -3.856699631475162E-01   6.352229109906159E-01  -2.877323738448718E-01  -1.774626041188972E+05
 -4.144305046277664E-01   6.364550944990657E-01  -3.066966718354949E-01  -1.774626041188972E+05
 -4.457966859828554E-01   6.386489066087842E-01  -3.252575434732742E-01  -1.774626041188972E+05
 -4.793307616131007E-01   6.422991053858553E-01  -3.434827152577047E-01  -1.774626041188972E+05
 -5.144309801527605E-01   6.479486703173982E-01  -3.614592965441904E-01  -1.774626041188972E+05
 -5.503551211877695E-01   6.561615490813796E-01  -3.792835004738798E-01  -1.774626041188972E+05
 -5.862539515311249E-01   6.674912287843618E-01  -3.970470423728040E-01  -1.774626041188972E+05
 -6.212126255921607E-01   6.824473142154215E-01  -4.148209283264284E-01  -1.774626041188972E+05
 -6.542974213218938E-01   7.014625217819789E-01  -4.326376940298641E-01  -1.774626041188972E+05
 -6.846047625694223E-01   7.248625149809228E-01  -4.504734601281643E-01  -1.774626041188972E+05
 -7.113092697461175E-01   7.528408162606437E-01  -4.682313989279666E-01  -1.774626041188972E+05
 -7.337076232188319E-01   7.854406510711626E-01  -4.857283250201828E-01  -1.774626041188972E+05
 -7.512553161235949E-01   8.225450499163151E-01  -5.026861019789357E-01  -1.774626041188972E+05
 -7.635938921495616E-01   8.638759034932222E-01  -5.187293820445237E-01  -1.774626041188972E+05
 -7.705669666775629E-01   9.090019926127761E-01  -5.333908618047241E-01  -1.774626041188972E+05
 -7.722241581669451E-01   9.573553587497089E-01  -5.461247555349829E-01  -1.774626041188972E+05
 -7.688129420712108E-01   1.008254799280958E+00  -5.563285856086164E-01  -1.774626041188972E+05
 -7.607593086743603E-01   1.060934811250463E+00  -5.633727071270658E-01  -1.774626041188972E+05
 -7.486388880819638E-01   1.114578003116983E+00  -5.666362742468889E-01  -1.774626041188972E+05
 -7.331408376208846E-01   1.168348863621934E+00  -5.655476789220421E-01  -1.774626041188972E+05
 -7.150272204535850E-01   1.221426821718265E+00  -5.596269119256747E-01  -1.774626041188972E+05
 -6.950908087055192E-01   1.273036735972042E+00  -5.485268709985724E-01  -1.774626041188972E+05
 -6.741142097501840E-01   1.322475286295637E+00  -5.320704228249701E-01  -1.774626041188972E+05
 -6.528329514536931E-01   1.369132165020039E+00  -5.102800509839874E-01  -1.774626041188972E+05
 -6.319047017493225E-01   1.412505431901129E+00  -4.833972090539135E-01  -1.774626041188972E+05
 -6.118861869437178E-01   1.452210861472438E+00  -4.518890429519817E-01  -1.774626041188972E+05
 -5.932186704931312E-01   1.487985527997933E+00  -4.164409228528792E-01  -1.774626041188972E+05
 -5.762221245953525E-01   1.519686208270606E+00  -3.779341842237825E-01  -1.774626041188972E+05
 -5.610975357790186E-01   1.547283412382706E+00  -3.374095522978087E-01  -1.774626041188972E+05
 -5.479361916860754E-01   1.570851967599528E+00  -2.960178332766154E-01  -1.774626041188972E+05
 -5.367343470708001E-01   1.590559084678208E+00  -2.549605096296980E-01  -1.774626041188972E+05
 -5.274113948877530E-01   1.606650746086288E+00  -2.154237866895864E-01  -1.774626041188972E+05
 -5.198295874426764E-01   1.619437098308800E+00  -1.785103214668530E-01  -1.774626041188972E+05
 -5.138134584240610E-01   1.629277338839997E+00  -1.451732553052808E-01  -1.774626041188972E+05
 -5.091673670252241E-01   1.636564397599394E+00  -1.161572241244168E-01  -1.774626041188972E+05
 -5.056899831784166E-01   1.641709554987908E+00  -9.195071420557073E-02  -1.774626041188972E+05
 -5.031850102270408E-01   1.645127040623099E+00  -7.275347730637180E-02  -1.774626041188972E+05
 -5.014679445311448E-01   1.647218634107320E+00  -5.846175502644423E-02  -1.774626041188972E+05
 -5.003691467408337E-01   1.648358346180896E+00  -4.867285436256532E-02  -1.774626041188972E+05
 -4.997338982423900E-01   1.648877386897534E+00  -4.270925206440247E-02  -1.774626041188972E+05
 -4.994204000660450E-01   1.649049806942750E+00  -3.966098798679767E-02  -1.774626041188972E+05
 -4.992968155010215E-01   1.649079399459373E+00  -3.844374761443636E-02  -1.774626041188972E+05
 -4.992384528151793E-01   1.649088637496827E+00  -3.786883994188597E-02  -1.774626041188972E+05
 -4.991260382377932E-01   1.649110559752968E+00  -3.672034658013312E-02  -1.774626041188972E+05
 -4.991260382377932E-01   1.649110559752968E+00  -3.672034658013310E-02   0.000000000000000E+00 8 RotatedCurve14 
end 
