s
0.01020408163265306, 0.13265306122448978, 0.2551020408163265, 0.37755102040816324, 0.5, 0.6224489795918366, 0.7448979591836734, 0.8673469387755102, 0.9897959183673469
iteration, j dot B Redl, j dot B vmec
0, -267428.4479983366, -554385.5115011343, -695842.3531206719, -850756.5034772526, -1040893.9151986737, -1224648.1995805595, -1266665.144900261, -915733.9109273906, -27843.508899432833, -261607.71741578175, -496118.9386053898, -685730.4272004649, -858924.6248313471, -1046210.6882031322, -1239650.1673404486, -1273028.1703553952, -936297.5340523449, -29353.4340247231
1, -267428.4479983366, -554385.5115011343, -695842.3531206719, -850756.5034772526, -1040893.9151986737, -1224648.1995805595, -1266665.144900261, -915733.9109273906, -27843.508899432833, -261607.71741578175, -496118.9386053898, -685730.4272004649, -858924.6248313471, -1046210.6882031322, -1239650.1673404486, -1273028.1703553952, -936297.5340523449, -29353.4340247231
2, -267428.4479983366, -554385.5115011343, -695842.3531206719, -850756.5034772526, -1040893.9151986737, -1224648.1995805595, -1266665.144900261, -915733.9109273906, -27843.508899432833, -261607.71741578175, -496118.9386053898, -685730.4272004649, -858924.6248313471, -1046210.6882031322, -1239650.1673404486, -1273028.1703553952, -936297.5340523449, -29353.4340247231
3, -267428.44799278956, -554385.5114998426, -695842.3531428417, -850756.503509985, -1040893.9152345954, -1224648.1996595778, -1266665.1448953054, -915733.9110957341, -27843.50889898237, -261607.71754198955, -496118.93862943817, -685730.4271963325, -858924.6250374577, -1046210.6883490367, -1239650.166604132, -1273028.1718733055, -936297.5237580149, -29354.15016767822
4, -267428.5434828307, -554385.5975516429, -695842.4444709535, -850756.6172130418, -1040894.0778699573, -1224648.438065246, -1266665.4572932655, -915734.2057157652, -27843.524635084384, -261607.82032286518, -496119.1469892348, -685730.7347618131, -858925.0361974263, -1046211.2213710439, -1239650.8374490521, -1273028.898342183, -936298.0986527702, -29353.45316359948
5, -267425.8312132807, -554379.2288102092, -695834.419758582, -850746.6169343527, -1040881.5878916306, -1224633.5741832522, -1266650.1871875674, -915723.7760261282, -27843.338858693405, -261601.36488908078, -496106.8221013938, -685713.6526190394, -858903.5794239516, -1046185.0113366188, -1239619.7035183802, -1272996.831518786, -936274.3981193202, -29352.626005718674
6, -275762.4111164074, -567878.4517424913, -711749.3401445716, -869075.1421903705, -1061604.8371484987, -1247617.2454162913, -1290846.776705232, -937502.3813814137, -29471.561899318658, -274230.8407023557, -561596.8291613797, -703839.2372913106, -858406.460126048, -1048235.2072775674, -1233275.281663692, -1276375.7625757868, -929337.7732860147, -29927.390732428074
7, -269841.14045652194, -557422.2256952763, -698760.532808957, -853213.9924656567, -1042225.4232429436, -1224559.313267092, -1266066.8603499546, -917588.2901714968, -28532.36835815082, -270074.09014103364, -536925.6917171796, -690471.0493104857, -846226.5208844078, -1032434.3715356892, -1216334.6313811303, -1254754.095132407, -914407.3821735556, -27999.909837021056
8, -265624.4837789931, -552241.9988173437, -692809.25135063, -846403.7828101632, -1034520.980790838, -1215653.1458535315, -1255619.2955553026, -906500.0477003081, -27569.075820353875, -263776.9990138936, -501080.85051732947, -687559.6804409059, -858523.1384721379, -1044749.8673692736, -1235898.8704103623, -1268075.9342927532, -930626.6374928842, -28734.588246711355
9, -266350.4215376483, -553172.8794261117, -694236.6627872679, -848555.4553639436, -1037753.6401165596, -1220211.620140007, -1261000.1152230613, -910414.2958611724, -27572.084097200495, -262038.62934567034, -496850.33036828745, -686119.5523049636, -858920.0733590822, -1045793.1620845896, -1238569.7521395236, -1271378.926364961, -934564.3642657261, -29240.19711966836
10, -267166.72301888006, -554153.1110735524, -695531.5470757047, -850305.3946445794, -1040202.917186542, -1223611.1924402795, -1265278.793997726, -914377.8152298599, -27769.38444814321, -261816.41943197354, -496471.0939647673, -686082.9246169749, -859248.0657075986, -1046491.820744727, -1239827.4226520972, -1273058.5612220636, -936185.9898187293, -29338.723259429025
11, -267372.0699856754, -554369.475946452, -695822.0010634371, -850708.5025333826, -1040784.3375279077, -1224446.4995434964, -1266374.6340491665, -915453.7246541058, -27830.529560200477, -261694.3841077196, -496262.0686891377, -685894.2666850247, -859099.7418346956, -1046394.0643324706, -1239825.4539121047, -1273166.8192222845, -936364.6870698291, -29353.60646320085
12, -267415.4205365269, -554398.1278851633, -695868.1424346438, -850786.7711744778, -1040917.0671772582, -1224655.3977271377, -1266659.7871167578, -915734.5723647579, -27845.72923262112, -261636.49010001213, -496162.59759701666, -685781.4376297705, -858980.9788509525, -1046271.7194540831, -1239711.399887191, -1273080.0973800325, -936326.9205316543, -29354.18530027468
13, -267424.9913410299, -554383.8041657773, -695839.7539033128, -850752.207127774, -1040886.5467439337, -1224635.7986423292, -1266646.3342918432, -915712.41958365, -27841.959320217138, -261613.95500527258, -496130.1253470441, -685743.8205527116, -858939.4314176223, -1046226.7037369658, -1239666.4307226005, -1273042.1872059172, -936305.5779199027, -29353.547798955304
14, -267427.5191196168, -554384.9421617347, -695841.5211785624, -850755.2012070214, -1040891.7874930596, -1224644.757767058, -1266660.0861590987, -915728.284098026, -27843.115213770987, -261609.16436527317, -496121.51535324403, -685733.4688764341, -858927.9382157625, -1046214.2128866037, -1239653.6580007095, -1273031.0760482035, -936299.0983428485, -29353.446515051342
